809517061324107776
803955686493327360
803378167117479937
797997544089460736
1945127204
352737197
14384592
780963450591862785
844217040
372974876
778816292149039104
776762235297366016
3327652505
257093862
1118296063
761084934614192131
263719893
732278509968740352
380151492
242928872
108020291
208303008
706525910565036033
335682974
758307890562265088
532757467
313743927
339773522
727493587483676678
287028793
3003895840
725831162296459264
703993872527945728
151207430
701832122718355458
704400654131990529
3305183200
3900175629
335939576
172201017
1299739861
2967997311
35011753
127629572
103277193
2839455154
2615140455
216125766
3083495881
3346685224
3291740859
154400070
385165304
271717902
171242564
4259573656
4260354940
2788372875
3078683195
3764352376
3316226578
473277553
3406712212
297431853
116798063
3374760028
3362980923
3332708476
543806943
518953353
3296195134
3293575731
636642761
531980604
3173178686
3206761095
320092986
2664088747
363233494
3128619666
3121291692
3129458578
120607044
3034766565
475823177
1255557752
328619580
2151788714
1581972210
818114850
2873043645
1546710522
2460324349
2879713904
2846910089
2829574259
2677567856
1554155072
2790127380
2734546171
265107887
2207130732
216068590
2728110475
2724137682
1608998202
241689016
2653008558
177754883
2614417362
2612601973
1736161807
145039968
84858586
2526147157
393180974
402967941
150429712
581519801
1183678585
145506322
2198620296
15025921
807620370
126373355
2548694089
2564492273
2220616316
1225966902
290343968
2437322520
2431414082
2252114808
2306684580
284651653
1510523214
1012110054
814275312
237723338
240488034
175799898
151893051
196864595
248751298
626846767
1898277523
951869888
1703155956
134698637
13849642
1615900860
1593735026
1064578388
291828071
1512689785
202371383
516889098
425526582
417513024
201073389
1403408912
163696940
129934771
1337427434
1318421472
9683742
117946182
1300740156
1272559832
1199206650
1180489717
434267692
168283548
298161252
88007882
567523444
258875236
255027667
174869074
119393757
421874937
720187650
102692641
981141824
631621801
150828064
85608375
881269699
790628288
885724008
887493163
874322654
98249012
339973874
347242282
373990946
288005800
9876752
580037513
726356370
74234306
621086663
262961739
341262202
514625846
318046862
282724222
122266617
265054429
432927349
268313786
210658297
160411784
34106711
396274483
276719644
388502023
309490434
291519227
