804384289911672833
793892987507998720
781341284950798336
1197410281
171646109
704673196792897537
2248461884
45562539
3424206789
309407515
710110441570230273
708392609765584896
713154851774013441
924436052
1955488692
206210190
605748578
3045501022
859153764
503663718
3130744725
3607605501
387330122
4044280439
3495048075
2425513812
3345093112
3305233427
3298746231
1483605494
316232872
253102258
3174407127
3166585756
799047062
3130041231
3103115561
3095107169
3064076597
790141160
3071573159
3066130552
2816254418
3025133711
476034615
2818359223
3010365099
2999867649
2993948629
2992258893
2979744610
2965324618
2961446003
2942424677
453525937
2938923101
300293558
2926914333
2924844742
2161357008
2875782261
2893669209
2886896315
1693729448
2883485902
268336992
1478652776
2842611611
2838829397
1631086063
2830389443
2776015451
2809454865
2318871466
2810613599
2796999449
2817790526
2815305000
2790835928
136412605
2745241306
2742392938
432210288
343205483
243981552
252851254
869456185
596163133
1581168649
607446440
173127410
182689168
2321276563
2412775878
2400526196
2410116909
2337075852
2325412530
421526470
1292885401
239223388
2282578963
45820120
1647872066
296370343
1647379393
1161056299
2226827863
2197344075
83270813
2173198152
2163782406
339977705
247465781
710185528
1764621127
1276431368
247782264
233780315
1431360224
1698071804
1041050454
353427284
1374754842
1616144750
1489594616
951769878
133822755
481670330
189950459
310997719
943931809
225169184
1455757220
1019448026
1421735204
181828884
610326915
220418355
270545868
1408083906
1407943291
726237288
123609923
1390476816
295887340
1242558120
1208631440
140816194
1131267302
166250764
540927499
267147288
747533821
804760705
818465977
248286872
365555357
587600195
262038186
216446493
114232614
495612293
358795737
226700607
402813668
132691179
347617077
306268639
263714662
233410972
245883021
219419386
