807560767071485952
806822631823515649
805523272267890688
799625182398861317
796908752641392640
795622913634402304
791725616617979905
790320382976851972
1579202238
787693057328242688
782814667907399680
3059779296
780231394689740801
1104687876
770110540542771205
198308794
767932240995184641
764543214594486272
764481765301944320
764431864031510529
763226812856012800
759724051996643329
757963628024823809
755774522926718976
2957751767
740582170859819009
1023000984
728027543299829760
724002489297702912
723367300032655360
185929250
720020972221415424
717750394840068096
713959549301100544
1724532860
702328877968916480
701495979128856576
215683752
247311467
4824032386
265491969
3059427298
4531361495
3348545128
3230681835
364574917
3020763850
3433077369
423677387
3519551475
3432095901
2577440312
3404140594
921446485
3402236926
3241783728
637276545
3312584260
2409577177
2354877332
3301010181
2970702765
3232661277
2542105679
215109557
3178586259
3099374279
3052602938
573311448
426606641
3028486463
1315564381
205822170
2986071760
2984870255
2983151399
184844831
575355410
856679815
2964444568
203165596
2914385602
188613649
2728849674
74316816
2882245420
408655758
2861718988
2831791158
2778628800
219554552
2823064981
213409603
2743039817
2699221638
338746271
143585839
2510735946
932812454
2233456834
1154688030
162404224
246132884
62691693
336851123
711482160
82314942
2253795734
277762151
1608698131
776752434
1195038402
240822490
364046336
114876001
1518381354
370155176
1377950167
243028874
191114228
1289760698
240049715
128600115
114928756
407804583
1426508580
809789262
119835221
541373577
570514334
942675926
249961516
368696346
199080460
570268476
383812942
374703467
419972550
202737545
536556795
146615805
74343272
