314657620
805801629182201857
803329890313445376
793923170763931648
1325784486
468947426
770427680449761280
767418596544876545
763050642353119232
272541588
735615270
732293703251939328
4706600842
3307143141
2830913602
4265575636
599438903
295730449
1096865664
1497111252
494291361
3013856835
2970912928
2861859524
2922253588
737922625
2836574452
2857084245
2796987591
348853173
250349803
2599019087
225864531
2548026033
2750725679
2734271890
321419996
283850766
2713254882
2727596495
1214159587
512596995
310677424
824164314
2528635446
2550218128
2535309383
125458828
608747166
1266251556
174525996
202270481
2338819141
2326104602
198195800
1862253944
1692526249
246112275
152114644
486242810
266809697
2167125405
2167119395
254237461
304673143
436361456
409675388
1564718208
138433095
1493335818
829916485
517164085
366043183
902531593
1406801023
142809222
271608334
613931698
500422531
516701436
250380199
234975171
544688574
543941996
541067161
510927413
501949587
354610028
493646906
366746152
486699429
472638651
121543201
381333150
358718932
360728060
299960373
248892031
291262430
279304060
95119477
