811306739534594049
806330065780936704
739117014497824768
2868267098
380511671
839739726
796478889384177665
371765896
757413293107576832
2427615825
789823493789679616
750747416199065600
118368746
781449559109140484
775724596729348097
774781144298586112
2391108064
773635375390687236
760563588197146624
760558002596380672
759565042492866560
758150991745261570
758147545738670080
750117111758983168
727130683781558273
726145129355038725
2621382783
722458521841901568
2562324406
714803815896186880
714485076411748355
707379080895832064
2875111629
294854350
4585291703
314864663
4732681583
254629137
4550220257
1206220218
211185877
3413618915
3408094031
3939799456
3864028587
154958464
3230985509
220816808
3234797279
168198561
249345402
616614954
3156147538
3015645874
3020405271
249333344
3011352567
144747402
2993230349
1864831824
549746807
1726729920
2876420338
146849259
2868219512
119437334
186287495
243817869
2814057169
2814002761
146610192
2784658128
2594275816
751991754
2711702483
133841331
216896971
2567486258
1407014888
191873178
169048746
2326158263
2558933608
247810488
295418042
579452310
930797630
509410199
2511789111
1357183052
2460126493
2447953530
264999528
228700861
469492013
214638121
2273418720
2336873136
2330588055
113500621
2295667623
184302471
240742365
514778193
959316462
356970357
1025390095
153290643
131047617
519983684
768362252
198217684
223380559
620142839
1526345527
294931346
146118567
527582748
790822794
295477951
480966523
260379000
581497120
1635419460
540257488
592817891
1614133992
1576082911
300486691
251237462
32754370
234854865
1258919166
973217474
1552129838
432785709
197614754
231836900
157182701
254220956
204564587
1531735946
175634024
532919388
274274886
593153012
93217266
195884657
386205028
231590479
379903680
107505741
172985147
346156697
171559401
268565099
366152245
384554747
488100053
237592252
217173234
408037510
280739559
280739559
1071188893
231325077
891041766
744294456
30602247
437063031
87745765
1344356984
478346209
144678135
43031417
392186196
469591065
976324220
1315540741
1315540741
1145124846
239632526
236180955
255721310
199524041
300113334
228907270
1107853638
255361530
315011551
552264072
177847249
625270033
243956206
1058734838
982913828
234985479
261296309
171145718
1020104466
518767860
146715173
160740105
992382397
224054619
358441245
221110590
254752291
198013727
863455201
151559535
262732566
245476949
822236528
252742610
105232463
292101562
556322365
762569666
165218933
264020580
569593917
229751290
188921439
601074040
606752392
585898853
187748889
213400320
299272750
167577271
207083173
228086651
422790122
373092874
100828394
223885577
110560773
115700612
339938769
370973700
424407950
301256320
552110608
226813031
384431365
336708898
142444324
295450118
224042762
256672105
167847165
262384255
257532159
481360058
84520632
316157250
313023958
219383134
287463873
513681207
482571714
289421594
349309104
255328932
461331385
332396240
77819010
220716242
302429103
141303881
204895626
474163122
230391003
222213325
174482736
199872329
153234130
330456926
192137485
232674246
246529027
390271999
243946778
307187057
430539896
101600115
164091611
101502906
69661769
279638274
153577426
296065965
288349298
165179573
242982258
135903155
