702823989450829824
804273315317764096
275347164
797011699672948736
3292591829
752625199380586496
3933935113
3105002130
747381932879642625
1054615770
723907716222193664
719494141953097728
716453364029108224
4863242817
4860262000
2260933551
4259148315
4092739757
3971375721
997490310
3816180766
449695028
3154752688
3165311363
2463574951
3032640572
3022462523
2985776883
292407606
1261654369
2969583957
2906594993
2883786879
2835948164
2745659612
2742617254
2611807562
109102093
2657133683
433706970
2528390306
478919178
2492008946
249298163
2457002886
2170344145
2298993156
2350730969
570807436
265619908
451415780
2301607662
2259186967
254172201
1142697451
1242359040
148292073
365063203
896465388
877753951
2158630035
460197361
716051029
1468827164
1699409780
731123438
1907838918
1727152460
550513378
360246150
296827312
225920355
1621217844
751941505
103912979
1043188159
1636784180
290513412
1280960683
229146868
960558954
560536602
166229771
1523246880
491703061
1456489460
1332589080
253450667
1389869502
472044461
521298332
397522226
563880901
1370196528
490546254
472313471
1171269704
275097809
1341981260
1327866602
368448835
1267840423
587241571
287852244
287852244
817922354
197423614
92316956
1241236916
466062428
604377743
531460608
417241151
301497891
1155292447
461339349
507720578
333958231
419797747
182440868
406306564
488504267
513176803
481044435
458821878
573432564
463025446
589141994
944170952
513358808
585763880
393006654
618720203
113388029
937565420
249194393
391499564
466514634
380589423
381060231
472906030
831426799
845986458
555527965
493373013
480359040
104124849
568637130
230497953
595863367
531172858
492542717
483327090
459360586
478586012
542740918
398892624
520055405
197563796
506414996
190412502
477361308
491665118
382699387
473367689
464928290
461238164
425954635
460475924
373400771
436723902
372562987
199013057
434538361
418014512
389633745
323896856
332087044
189948941
350832366
351166652
294742824
283986013
264915103
289633429
287871458
252214820
204801487
196534252
253126241
104231828
107670853
105161440
