813772529445830657
1004159533
808024412998004736
74932046
714791029
4153172968
8147312
18545520
795762904553390080
794268644775755776
792453286863470592
122117822
446517930
789486561238904832
204094372
785522556820398080
208566444
715644282812633089
769210120764923906
765129173140725760
3657567316
740042140877783040
745087049624068096
761240352435138560
758322040634040320
750108604238356480
742778266373722114
2234675228
702502293502042113
207187987
738563328000286720
737543066576244738
4765285823
571951723
2381300232
724463388504502272
554817258
721741521482080256
714973409420124160
386934292
169500868
703692242976972800
230224519
1674873127
2710521499
39170178
4735575495
52439191
4691410333
4451783957
79220368
194160037
196898065
4340493269
3604088177
555436956
4128103996
1695287450
909504841
43451368
121909470
761592385
4011776529
14334857
145087053
3613172956
3620625617
3621069977
3621373577
3621362235
1279588574
3003458507
3069854710
3587684782
3947803217
3411386043
1698228007
3713762608
3593091255
3515583267
3316102451
3435718631
2381404508
241069809
780032935
473084103
2792296797
3365093447
761940242
78086014
3297367588
244225226
2870007627
2491695492
3219597153
198231736
187423655
2955902283
2942462092
200256468
3026941653
201578098
602519394
729427856
3104895189
2780130707
220895894
202665137
2831051235
2479775092
301444193
940493580
2800466029
197203019
53202969
119805324
257822817
161025126
122234437
2990951603
2984855087
378220898
770283812
2970518476
252260792
41038248
2163371047
230815685
2912070869
2933403791
395447076
2925818709
2905053915
2904072881
2894281049
2750838706
2743083743
2790258754
380157284
319986942
2499409052
54639903
224455410
134456482
1134917533
2217782740
30180305
2473744818
278172126
472326982
2427940950
301238963
2379070183
173655422
152365267
79907550
256294918
201024488
577202165
2203692548
2181597617
1949806908
1720386181
702202428
333601326
133179685
210877234
287939308
413330345
136891330
17607699
372591759
170719818
1599895736
155764511
1478619037
1463753544
473155900
439279054
467995490
1357050942
718335060
1209826651
202361044
209185868
333716372
1161105692
168756536
599929152
267756092
288551333
1167021258
19156937
181749732
235450988
323887810
17380360
147344664
243932789
1042281787
1026793674
226730183
188476059
621643454
66011063
82467109
251828310
138073345
958618050
239083330
293679576
109757319
35877310
344439073
538433218
803016680
116979927
143060375
271666945
637200074
241200888
577583403
584323199
419149185
225873479
613060241
419163918
525320050
552960094
553041210
543781743
564061063
552958975
543695668
552969784
543774240
501443079
221576461
193092108
322081750
470815621
524569657
508343875
463510136
277528539
385644654
222198602
282050581
3396111
372540117
221973947
412419714
262327323
377173817
62743453
348230507
271502848
30157740
365436354
257532999
319760416
229979847
321513385
336223599
128024040
298678521
286394115
261105760
51937152
281761311
277889018
255772314
266151770
259038760
245611177
245462255
220880420
254796515
211195905
146701011
211185877
239659159
201913424
128726265
111587444
220849448
55778586
218326688
16162783
202451908
198167870
31434743
169984648
142838292
73542342
201489831
130994565
99574785
170860606
32175916
131491513
