636563950
803664497193943040
115252313
965199823
810225002377334788
353243050
4775951427
181975208
753843727
2414001719
2891538628
1869901646
2831868761
773301568309489664
1679413748
187656965
222556309
223672150
808128384194805760
4291556423
806959994251919360
3377207895
216245876
805524132888768512
798311712285982724
241565532
507528665
310674196
804086835614011392
804014550114861058
3110826881
802597298303803392
759460140865187840
801877057366093824
241940509
2984759557
304393600
799627217152118789
232865923
798692213320466433
717402775
167514224
270125372
143306110
2981459829
795828381921267712
794731896173432833
756256044389629953
2178709396
789160864448405504
755606398310940672
3403168505
432506494
296394344
192727305
3154795054
737772142641696768
