801584807486615552
799941417544122368
759490530434842624
798566114343129090
3209652141
196892150
743094754372640768
745365992457535488
745368882047684610
745367911083057155
741869445929439232
119298271
3258327274
1978364870
199821548
723584689806647296
721551102769029120
228128075
713872382025469952
2848151019
709391408365490176
702647591000018945
325049892
4729081577
287321396
301741706
4612950617
4573964717
4237900551
465558155
3816570376
3228608183
3923873842
3885495148
60336381
1976539070
3621343577
2984980444
3424466177
3402951723
3384860716
3366657755
3343178314
3332766808
3319234090
240339178
2799220883
225934714
254279902
215218321
152011612
3154122022
3081982276
2955930544
3087386739
244766895
497841587
3031102415
832213268
343783754
2968758238
506383284
2925141021
2859880924
2859440493
2850867549
2818649701
2789921526
2456502406
2719389336
2678196794
384581720
44013192
345930273
2477004011
253133168
1278029864
2562273294
2557226832
577477775
2534167445
233610270
2477837633
2244275558
1158783884
382644355
441184122
451718620
551009085
2244260298
2244248520
2243072154
1019613684
519951653
1911559488
135633790
541206966
1648031677
1639456566
1608971316
1152193939
1594805983
181706104
326397690
1431360224
1526626681
1109913260
316111717
1418871025
1399927021
269605422
138908684
1336582340
983719315
200663878
15918172
456157190
1073697252
1066785698
59913699
114472256
456747181
935856516
980486864
937331258
211524824
160610154
787893097
58891372
467758986
322406663
267507969
361618795
588502618
473184611
571229720
208897897
312788484
142124926
40801932
110930032
420591168
278158894
447417594
496478307
327170710
448355598
248011453
41495961
456000331
305271884
55497870
448253169
435338963
387210894
293693076
295753069
422217485
129561901
199883035
138415666
411958939
159523193
408985156
6235072
155753522
191237808
155732413
159222897
373956378
287790524
367247504
358269797
358283279
216950569
357743819
348247703
268978247
342497391
113124963
336661210
38765330
323462914
126370485
182964449
304161383
301037920
133797209
197103059
155262849
183075311
245398088
164906053
168727193
157185822
