74516161
222302282
797930680168681473
251753956
3364341701
197152421
781322495819407360
786209213756411904
774641152570056705
785899852534124548
785160772188049408
783022946499559424
781119509591683072
779514357826916353
294667286
776386772569849856
775804582005964801
322190733
775491819505348608
773470240814555136
1071624907
1379453972
284121442
366225517
2448112902
258098637
761704879605813249
758462837417205760
2495381444
752512993779408897
308241563
4094689455
745077087724253184
744935517633003520
734249789781610496
273199807
728286394230116352
111722140
722519569286492160
722242630894141440
125209964
721522026226311168
720793397653581829
720726100154953728
718872921612161026
3372382085
715370951425306629
715138026947682304
712197193013313536
2610115885
710229498114019329
706501234828709888
701771633619554304
705422600957251584
704316269407948800
702213566536019969
4161382102
2976402665
482604345
4355581276
4874164899
202903906
3437797931
4832727550
859153764
175799898
4616119041
4606851676
4568057187
4522220537
4497775211
4569099139
3245811941
4218798143
4168786108
3997490709
4145648399
3092258255
3988251137
1000669038
3900106703
3838927582
3703640189
3703410921
3580484595
3419107932
3485451497
326434652
3353241119
770711816
3429831147
3424035881
2437813527
3404850999
197063598
441267544
2830240101
149583300
176177441
3388065347
288788364
132613266
3073175351
3367055975
738968940
365842921
3294504796
2426020758
2896489607
3053702862
3199253542
3146835355
3120523990
3138527205
625503007
3085226049
383323366
197184870
74023657
2847293819
176278586
234188627
78961794
150406347
1087764642
189774978
550506661
2741231361
296962868
2727381251
238203310
709549480
216402743
1733004140
2273451475
157714655
1123846298
2531838779
2459331523
441825566
400783782
1470473430
2363110442
16936921
972406866
492685859
520527472
298241294
201455800
337117972
460445582
7741372
1908203599
1578576608
295791984
1723405399
457830166
278240683
224753279
187586233
163117652
308163769
1468199916
270454026
1395943332
353341996
197209621
1349769673
1321074752
1296116461
278087667
1004900641
86117104
17711181
56524214
418057178
757128426
266166426
424557761
161855534
863232416
157477032
197286687
634660208
336911523
249380904
525769770
377591596
495166219
394183274
380091354
453679285
484012506
333433601
272723006
400439422
263514726
154655921
253222929
98718698
370296241
136246247
196842573
270227161
269774588
