214761349
169997308
780799924564668418
767233529210109952
732645382870732801
2423964284
80320215
763745614429556738
754854274224492545
751887923608428544
4006816587
4032851542
2783850046
724620240252968960
39521637
722029277881966592
751496497
1962780420
284838439
1281259760
3968591261
343680459
3656054303
3315338196
927433081
3203055892
122453244
3098442053
3094426498
187976978
1905206534
2943471081
2636039325
50646532
2733018622
968959657
2776819386
2744085275
2736242727
2727501323
1195621687
172446463
819945132
199054276
2564743504
350553181
361388361
108363128
239978669
427615206
49116541
1470157669
286972441
2339051803
1864400036
272184216
368101605
210591880
180015721
209934055
592925773
317244505
136513381
1129354620
148235755
1411333687
193932439
44952259
1376084492
316214134
213846555
191963157
155040284
278338992
607471326
277213276
555596089
374311712
192689326
306425070
208934046
344142233
52731918
319482091
199739677
742079622
1202542178
746261078
175315656
274353528
208136757
1101390572
199503842
159853525
1127357336
403858533
946062193
1093929799
1096720736
148725054
351780650
286858208
566788590
136755395
553677325
352584383
837020268
197296066
369541472
238867856
961758938
302222945
501110234
176782590
171982174
182713870
836913758
158751633
632196668
315013458
134157358
81691681
633343421
291379401
285818021
573942124
134724484
284891307
376841269
556259035
435137901
579667480
713625342
244313617
216867089
231715482
544235422
480766343
619602853
206740342
267594903
250508003
568950567
635673035
278720274
631706217
267297912
238731832
152883479
342342168
183012445
246393715
307510061
236584612
336628996
415885313
547174901
482598091
514664357
502177129
549816099
205368591
548089929
448374116
410187978
189017846
288053018
538470736
502209607
485818328
393733958
489884312
95347202
486713680
358168435
190900422
35875456
162434542
268485035
254582273
177320329
267789853
266034366
474014657
176457144
164260579
201028037
62387297
199719234
357869946
456304959
227911936
307445482
154064973
234423649
419999335
101600115
180358372
250381651
390487932
73827226
378032964
198301513
217469371
276224808
185436323
285837887
314887546
190800703
344179203
208133552
136786726
368274273
236563231
303374997
260107476
199423443
51668142
251603010
132701846
360071125
230342515
241384069
290143284
211943991
106112812
325779029
80191197
337770516
234971695
310657434
93103829
122452091
231667802
278216182
229252295
256633733
316159942
174150187
296335986
238639256
209118746
33575591
275159610
81270734
25600333
237945475
260253170
235829401
250705850
164131538
140610583
245512075
218134155
187371176
185086391
202831540
242605487
221052649
204935478
239235912
223854632
230821425
159684359
231852397
183917709
216710709
196200127
229664413
175637227
222589552
210125233
179567836
35140469
207085115
209469367
78112572
138478860
166866352
44307942
57080557
217297019
172401782
196887054
87498993
202730231
208578093
139932725
84875539
197218752
159122327
84012691
121012010
190705599
144964926
182199848
164369054
78418346
148088351
