813862605894942720
1631024924
813398075825934336
770582156347224064
406560469
2597148265
811847520183844864
790266440582434816
811437781440405504
811386392907497472
799237025568276480
1440163280
3124020611
810117747329892353
803820811480104961
782308787197804548
809015693463220225
808774701417955329
808537437991538688
808330893601415168
807928622619234304
37505969
806586568395866112
438159397
804757019567779840
804754530726510592
1969362769
325181201
804177508568592384
803335563025797124
1058875794
4861500027
77998632
4759191737
262537123
446700421
2990132825
798257916683972608
798371694943629312
453428654
778679405140779008
1905039505
797929056989757440
324005076
128256856
158020682
3407603001
2252506861
794685330729406465
794628770070200320
705738406404358144
741565334986035200
741563705708711936
29238673
740308012737368064
705684491847634944
793103784780136449
740312079719104512
737702363587334146
792910123815632896
127360157
792345317790318593
705701702402314240
741191476143640576
741559287454044160
737251626294087680
741560606793322496
714460553268346882
740538386868523008
2411898743
705702685345845248
740557718331756544
740245772512432128
741560941435850752
740310191648976900
740253901866274816
411155544
790198300997742592
786945923410714625
790045509222268928
789936464918437894
370062032
180242581
2317500417
26629072
788540637465444352
260189275
788359300875952128
787738714931884038
787442064464023553
786382675997097984
72732410
134561464
785586915760181249
785268795086602248
785140178033704960
4893669760
2886326717
784445670170226690
393508533
784180137382346752
784113818544865280
166350604
3305855405
720783836632727552
782573782003245056
780833105342889984
778331364127113216
781319970831687680
781316583138422784
781315152356503552
781314148466618368
781313195625574400
781311596530393090
781310129786454016
781214366653906945
781093006116085760
780890474466934785
780880927983603714
780864854089314304
780863422233665536
947800100
780787481369190401
750709328970190848
780607011910148096
780237892954169344
780156796677783553
780098896093712385
780098696620933120
212985813
2952305674
776508880381681664
3751093396
200651790
37832734
287443622
776056966561030144
775390313254977536
775312792266088451
132668172
1651943412
106516559
774426475739115520
773211447077789697
772597436653207552
772605601973239808
18092625
771419260925124608
1148729196
771394877305257984
762740064656973825
771161703673368576
771139853123739648
771124412963840001
770213102398963712
768838757302800384
15106899
768551451173933056
768616691970535424
1855771885
759243316819062784
768137925792043008
167543530
740042140877783040
745087049624068096
766446656430731266
763227567495217152
766117956392738816
765739675680141312
2889335622
1684680475
764635669826330624
764625483971649536
460675500
764126779065765888
763700157187784704
762873729630154752
762749187591110656
762726027793661952
762103255782531072
743238449923297280
761636934397689858
761510651491672064
761415271831724032
761268681456353280
761194470712963072
761189380283371520
2677871791
4889806979
760832101214224384
1850665129
304226714
759895816953704452
759561138371788800
758768994216214529
759066034083160064
758956649742643200
758502337954586624
758444806158811136
758339838676525057
18231744
756867355389616128
758136327598641152
758031967619350528
757054860445552640
756142985973264384
158808971
755816392604184576
755867291791855616
755599926294290433
876828667
752924599596228608
211045298
755215461713936384
754860027614228480
754076836246720513
67375709
3408183485
754042181975814144
753988582654771202
753708221425192960
714300891696918528
2271773352
751492768606855168
700789639263596544
752325679866343424
752272305456353280
752247254698733568
4858633091
752217571559104512
4637337269
725031702259765248
207314793
230842906
750389615605981184
750373338476843008
710674301272330240
272965727
187411210
241964073
749533362092699648
4219977135
61555532
156339635
701524203011502083
237287544
172120932
1033635031
747924543558262789
277359012
747956451969228800
747092004090281984
746872245004414977
324541030
2896198856
582404054
745790588130369536
745746735574712321
745475059351838720
58964785
745463827957833729
2699053799
361456484
30475886
744924998641590272
744716111791403008
743480669087612928
743267462490238976
743192516095279104
742843526216585216
742745428165337089
742760557988700164
158814488
742429259608821760
741911509501116417
742182583073673216
742176321099468801
742153367212810240
174862294
742014605812207616
741636314899066880
741636599377694721
3048334457
741145782972256256
134535167
242444755
16940504
377146129
1979476044
363172481
740341347081703424
483920692
739163677148991488
738447731933450241
3903752797
733044314922704898
2976857411
4077251242
737805675670216705
3083147450
737394615620411392
4927496457
715930834470117376
727510727137726464
734768019465965568
221704154
735181676653871105
53521097
275653951
734431627326181376
3989622633
733780643214196736
3305183200
733144149994639360
476260767
733122900576903169
733070361529602048
733038171529830400
733000488430493696
732633352138858496
2710521499
711187950697054209
732291587665973250
732212109040332800
731779067603759104
731612501406781440
731542437508857856
731521382127931392
731209631826124801
254215603
730435471176835073
319015658
730049828928036864
729881593427464192
728797025169453056
221999317
148865365
727833354280833025
727346561659838464
727177127595008000
44801187
726127845894922240
725880996499980288
725740465136504834
537654007
264211663
636789546
2726876229
233400378
2485513017
724699478737989638
287006771
724306170517835778
583926876
345678882
121334338
723908886919544832
723550499639844865
722227594872102912
46763547
721503381798395904
723255967824097280
722993244464930816
3323546554
1573872780
722863522149965824
722817949778640896
226058995
722574205074731012
722542051028574212
722475671839186944
722079346027073537
722177042033295360
722167748860751872
204624177
721617116814798848
243745820
319851284
199827227
938098868
2781343738
721705202408140801
721700292455186432
721603370260250625
721512058110484480
