699458895106990080
3391161669
4352746515
4352736796
4043574143
569066531
2957022329
3424553717
3435629579
3418651877
3430177300
2652243007
3008284425
3402887043
2804376840
3394012095
3381155403
3214618000
3178256578
77579572
3076474198
3075800513
2952786631
2907586408
2875934679
2801332624
158616543
2598767114
2577711360
2569828411
2393746543
2617418140
1242642637
2546981958
2548635296
2468410770
624385489
2497086786
1947508644
2476076414
2267618382
2454230598
2368213554
2530925966
2533698493
2342984370
2568167643
2524700862
2428439671
736289034
2559787409
1114439750
180586421
2485612047
2492162406
2497504766
2470319676
434632660
2279514294
2481031604
711427479
510663063
2485279261
505093913
770851994
1438695775
260746951
2490655736
2544003057
2491997274
2383118084
1030550040
2448195451
754666350
629282078
1399439318
2474890009
332011379
1635390344
1192973329
2305964556
1537444207
2476301948
2211193710
2463558456
2479205797
1045925923
2430485161
2431490689
2478923916
2214817428
551574120
170025928
2439055268
2156642918
2433847374
218236405
104253533
2463340264
144641580
715574636
2307252116
376918594
1297522994
2181088638
1963747321
288560601
267255869
898223516
2151834265
1904700402
1969319004
594899422
1636649010
1849726584
1849753862
187320310
1787480202
244615865
1711285076
1708522596
578952158
1679295386
1669049684
1648988947
178097986
1641261870
1573539726
1317253765
583047056
1506856776
221865849
1477788582
1477817527
768249175
330025388
1417231081
1417206512
91400053
1105915447
178403089
491580160
236961481
1308965623
216758909
836598600
410067704
1305604446
1289571385
1286705953
722912900
1286405533
1278246690
1278241106
1270124839
1267474754
1134719538
1264861698
1262760553
1262733295
1262693540
1262661901
1262661901
1260189565
1242260030
1242042667
267518511
1237434084
109427077
1226080585
1226072551
1225727719
1225682503
1225541420
1225418131
1223685853
1223676145
1223661206
1214050573
1202870395
1202849366
1202849366
1202840257
1202830621
1202811662
1180860102
1180836678
1117456123
1134752173
1134707540
1132700642
1132663944
1120695002
1120687502
433854655
1118341154
1115949488
1118230736
1056082976
506460244
606734477
329330123
570472977
