245414739
1601892428
796846465612189696
1535208271
766472847921471488
2845370373
756004889520664576
25125490
2326327944
372047250
590121726
124825689
317361643
4635235787
69680267
4219455861
347570987
4013225236
2857943866
2424137294
2798873639
783486522
3403052338
318205604
3242557864
3354140663
1252859934
288008036
3248866229
202037702
141224959
236739639
203651584
2924269624
2898107103
2535706280
24552584
2384062382
811922328
79570577
1223753798
284614273
259924138
1923877634
1447151330
2534436705
42105851
2351898616
2398309521
2331840559
2237587744
2408977246
2403936687
2354119549
307244869
269528263
786320132
2307525096
2290833831
137177331
1902640405
238420226
276687396
178571462
1554424021
512671113
1591489268
583476723
1852764074
1848858696
159749974
748253995
854251266
188576412
1719935342
551065617
230906633
1680782340
1686422216
453177072
284746219
22571217
236677304
28340948
537729456
1537404188
1491844945
131349589
244571810
197247739
888012433
