813850808685133824
809767719440674817
809260192718290944
807233268550696960
2418534335
802669866205507584
802217382265651200
801970542328823808
261358555
801444819327291393
798161083508883457
800397316377092096
3120549027
799314049628569600
798602478002573312
189184489
796926452902088705
789253169855496192
788244593016004608
787537710626070528
785470899348701185
784865634186326017
254847661
782378503652114432
780505732450058246
777305451000102912
775339856390135808
774825934763528192
773348924249833473
773199062120198144
772107892141031424
771824230384144384
771167254327230464
770996685392736256
770021869995061249
766890001007345664
765917096685531136
765370962179162113
765020329571938304
763763411066978306
763050642353119232
762243637585518592
760693104513052672
760308203020283904
759596923942830080
759060918240157696
758554230672203776
757839485723746304
757774433331412992
756327855953481728
756138743329755141
2439144015
2169001181
751057986118881280
3349999077
750729698653704192
2661429094
493562140
749680416077078528
746526186566717441
745777506968604673
745107518842560513
744194295205347328
743665435049103360
743583362695204864
742711173188050944
742144458611953664
740916616062504961
222455019
738447731933450241
738358353529831425
1531937221
734916615490424833
734532643312787456
733017784611934208
732591466715963392
171133573
731521382127931392
731250895636303872
299389216
730591739589885952
726960269436538880
725696610404020224
725519709953728512
1012643148
252658667
175740377
723560023348137984
723513018525618176
723294686266449920
723271312492367872
723249653051961346
295452276
722579937467744256
721917123400974336
721803354842755074
755621701
222738628
221968870
186649364
191704909
715407238450393089
715016350310252544
712468229617283072
277165035
703805987724070913
704293112789770241
700818872614699008
1123799484
4862241535
1064589614
4854149224
4432864941
1380683827
2722658345
607549500
151046940
259282816
170190687
2885378184
4731971891
3359593661
267576412
419673532
4699498705
286444142
1616407008
614409377
178844774
4493621489
4368285016
4362189976
122571258
502351634
219994890
4150936593
3297082631
4053118767
156027735
529115256
3895893701
3301710850
3839954415
3834722422
3834616817
3818120849
3775832895
231882328
216507003
3132089849
1561926248
521838384
1237614842
238662641
3430794759
3430669012
338418570
3425201722
3421213222
200584459
3405387603
3401544706
1346123496
247170988
1493153641
3389798367
3388324179
3384104379
878273286
3358158941
2264453726
3356966855
1552109936
3331589765
200966317
367890414
3294555177
3290038871
3253809191
2753051801
3252147833
3234399377
3219945772
770670144
397666718
3178188658
3140986557
3102421809
1598392914
229330458
3058966539
197090303
3046206970
1197688009
3020049359
122070406
290233425
2931276052
462903774
337942369
2962524141
46720765
2961315629
2960455618
459328191
2632849354
261013970
2888798559
2925852618
2891487287
2903683113
237445702
322985915
358577562
566920613
2859493720
2859173717
1302641653
2857335195
2847407120
2850154121
198755171
2848871589
2837767259
2803905400
278058941
2798019041
414873454
2815229083
2798268379
416289292
2674206638
2786897954
180499144
64596376
2746894209
2608118420
237113241
199421771
2163786589
2316298208
2149907089
292502468
2745757499
292920152
564843447
341211618
299900886
