767166564328235008
807955410242195457
804889778403549186
800708255341125632
798549261168295936
798294907811205120
794326767905493005
788886530865655809
276176098
786709013161512964
785672973504086016
782814667907399680
1563782484
775510228137902080
771718908600549376
771421754170499073
766795040911921153
766108660154109952
228867403
374197502
762164146754428928
744197155037057024
749759253464879104
1478531508
747100111512145924
2372620746
4900117865
744204104839331840
740570531460698113
198343660
738392890653708288
732663976291631105
723353875495919617
723540759568388097
723525277880619008
721829415064309760
117595476
707476599239798784
4061081481
705947760936275968
700961752436097024
4886480265
4776984179
4698013226
4646024482
4592683414
4527284541
356587296
4505337569
4493029071
179990956
4204343543
361292514
4213549180
4212705899
4196228355
2751416470
4179435227
4157469016
3997490709
199941579
4047772641
3942656673
3418095287
3243970269
36552564
2372499030
3571967235
1442402821
2503084768
2790586734
3418876179
3411274959
3409256998
2828109696
3401644432
1231271496
2950172434
3383429865
296249853
1658266424
3346203443
3345064708
2493917877
3310836359
117111648
3239931701
3303089127
3301834305
348888679
3298574321
939899532
3296042273
2170932279
3216933996
198105045
199514617
2993536671
2819025624
2861010771
3206393992
3188769363
574006450
2735105591
2740704741
3115272969
3003902787
3064327768
206937469
3069237845
197555911
112027760
3057221307
3051193354
3044118035
15214476
3025971635
3011504231
3003779045
906182718
2826833034
405919207
207617229
400348924
361662488
2947687299
2945198097
376449521
2923224167
129956260
2518305698
2906730503
236665712
2771690239
2891665666
2887011045
1496993646
2866372929
2798141128
2670386368
2786612356
2783274359
2828204060
2826954480
2813607751
2793161551
2720991237
2209911383
137146173
2585854375
402674989
191710558
161510967
353466279
541353025
320767396
247386029
406431815
1055204419
2292387652
2413797291
234630500
2376098676
564811916
2231723758
140460511
208069273
165192554
2286936100
107239221
946249418
1959481339
480661855
197554438
104530369
737944560
2321282154
2315721740
1408771098
282384347
215162901
223876008
513996600
320275286
918826544
326295586
1226303216
196005832
1651604648
196019022
1169336780
164911885
1971935449
1021210844
62065384
62646890
292716499
1109577966
569401340
273121446
930384048
1736076295
1405482025
402946263
237040580
1869572881
1708732507
97777405
552274396
327443504
1611148886
1611899869
1460602927
1568594688
162467367
372402637
368576066
1399963838
484021632
385937481
289489187
154227054
249170506
1327920434
1227794521
733836642
131678665
312922573
165652154
138137146
269900899
373552088
338950624
513221207
99029820
165259751
186438719
479949032
338623743
43732086
1069473169
1038708774
849543980
418152374
832723938
438090300
164000864
331711791
143828651
911548489
857050152
883431602
803766282
478042511
50479494
300967292
142713169
202026771
628844001
220406737
616077679
535941455
595100021
232841961
142823174
512273609
132935764
330334759
487006951
475396596
122403323
447203041
154329013
145382452
402392874
396902352
7863472
357922127
115257148
359661321
359692750
15315024
358754277
321481324
151527087
249196051
9359832
310383361
196715748
195398354
154224817
256160508
186353500
135690575
173992389
