814298407909150720
2832403829
950282708
813839776407228417
813821465288122368
813822654373314560
364506353
812466058602958848
3195443032
812013344567787520
343427061
760138795
811626405352116228
3429301965
811612505529339904
811602635002441728
811579069028503552
227033729
811337944325914624
805888500339982336
810231784793403392
491698202
3921708982
348001997
810532060142194688
810171190765645828
810109072628453376
809866624094392324
809861472268455936
914648310
704688906755842049
777509725701300224
809568448011440129
2806645577
808828411208757252
808667535310721024
238246726
3038965469
808126199360868355
807733590427582465
184657775
1548594918
731555724946472960
806685133696798721
806620375148875776
806483803619426306
4719214937
806247652119760896
2470401682
34677654
738923800557944832
4882643417
485695706
795713722371162112
702498338529288192
246325075
805501916516073472
281100618
819658190
804889778403549186
804821607692832768
804870315998380032
797505567791185921
171318378
3435423245
804500121564151808
558935110
804118957917667328
804068172810899456
804031763756548096
970415202
803714092498354177
4849827256
1417226940
803096700906831873
408946238
197279063
1924701908
801551025949868032
800759427988979713
3302385633
800507113298477056
800437859299696640
774528455140663296
781702723
3266479580
799689096532791296
799447872852856832
799443621086920704
230024898
799210959948681216
597980827
357524804
3033496929
799046339157966850
772463269982371844
796198622161473537
797670898711007232
798004391785693184
797997544089460736
785111039046221824
797605214903746560
141259176
796839701512654848
796803489913597952
796794880995590144
119508141
2837417817
578431373
779694615779762176
796154249201774592
796165419103092736
386055950
720646367253766144
3784190543
795444423207358469
784898562450722821
2761069778
768712958
794536220554625024
1716185952
3853519163
794250951947419648
3222282765
207189264
237970353
232380487
124805848
4829699793
2699732952
3931115530
792424477086941185
792337993155678208
312278138
745815661813825536
787702340337995777
745327469218127873
791736272524050432
714894278900715520
488887873
717498361356615684
791478985687465984
2185066630
247426981
1151143496
93737534
790945791007481856
790857854613876736
2624547322
134560658
789308282162782209
161412963
376324048
514811720
789107862849130496
467826029
788937111273603073
788834531784679425
788765533114097664
1040917393
1301769536
499157172
788515454641905665
860482165
788339097014263808
768869423079890944
17632282
150705716
2721077722
788130169991098368
788069938393219074
1949278626
788007246034833408
373132815
787679906536759297
235292814
198105045
2859042820
278671349
757237646
787332750290391040
411233053
1480109192
1446369865
274110476
191624090
779710699337576448
727493587483676678
786398977839202304
786388835773079552
4267474643
365767246
786013461876727808
785902655772188672
764122563920404481
785808732794093568
4794628968
785672973504086016
4853625328
3130755700
15724312
750460879922139137
349753859
784899142590066689
374197502
3448782683
2359772101
3430471468
783717701227278336
784441337689104384
2190692593
784367298773671936
3044619790
623893088
784177650818580481
153494192
784028135113297920
202302127
783942120654663680
2348818905
783851100038426624
2260364185
767099392037908480
3154721224
783278384273031168
783277546674778112
783147563499347968
505964577
783072256243163136
782228014335688704
782081990350766081
782070898656436224
782000629686337536
781940155636674560
403459395
3227329713
772601592252104705
4785221295
781345689989214208
781324599728496641
781312499962482688
781311664893337601
781307438423302144
780926243793494016
163183253
781094578858393600
743475387401895936
3131170779
776220736943955969
779868229334364160
143183970
308294354
780206158791512064
376457156
3101813169
713933065018544128
775069056147845120
778988078048370688
779663295305420800
779421319372869632
337808491
779216139691945984
2151788714
778355462890745856
4750167676
751044398629130244
705550820595646466
777997514171682816
765566621763117057
598747390
719734399487582208
777617374312800260
132525204
3379871992
757327557478014976
611373693
776888967564238848
764824060861747200
776588218007511040
776533755901120516
294379646
168302947
2674464716
776412212617445376
3172738737
626595981
218559880
366958398
776299083136917504
769975426391433216
775874260409708544
213114778
3305281468
771192758325252096
737805456173899776
710846267379810304
774757628358647812
3374532693
67051271
738056772171268096
775484320173723648
3422592760
775424093806026752
775417842300846081
135618871
468622672
10953412
771012338933702656
775144606107402241
389272371
2532288671
3012773909
4899987699
713529558436286464
604092996
727662725833338880
727314286872285184
317539721
202426017
3834598342
4400184868
962790025
773762658940182528
1703845633
928916940
4675454473
302198443
715983193455910913
1014140533
768299488465133569
47655122
1199641303
209409508
2836721450
772884385389481985
714204056
923607415
1223491789
430250905
718144601723387904
511572156
772103195355189248
771828402622005248
3375180899
4314695548
266607891
2738239306
771553010707144704
770278137435480064
771514233632743425
335612306
282667267
770774866500939776
771195604126932992
462105688
771182295919099906
768453049492840448
707239649224347649
3565800496
739850373138141185
4082788203
441398170
3254976809
770713769236398080
215263045
758408960001048576
3291584253
764374994
2453741296
750867687199350784
761084934614192131
122867363
770247269018984449
770232389532520448
2773686995
709763192885538816
1060840993
769578990881366020
377090941
157723192
264296806
766274504477831169
2891438029
3193012197
214243464
757396181655941124
4363867223
259729284
2362933696
585853851
768639244512464896
768617451013758976
2883020866
738396262391779328
1599093949
2230197741
757613674542563329
768136464752316417
1210919443
762164146754428928
155700355
2391358672
158787373
1650343969
767794792101183489
767438699076386816
725888113902534657
2859172259
1935484880
767205219990138880
754149750761463812
766700221673930753
4649145976
750384925266808832
2680931916
3369232623
564428093
4664718327
227794371
766801354216046592
3810444797
2473066310
203279810
766373100132900864
4606521621
576895917
1118296063
766253266833379328
766108660154109952
3310985830
4779967402
555453389
765959784172576768
1512400598
765753701491437568
765750370777886721
3385133626
721740637788364802
765690502738042880
765404274171998208
2227547050
2784208652
725766110512074752
1112630564
765237055853039616
3087462603
2290378976
1628834192
719998173
749379872468897796
51744387
763499429701775360
2495381444
4899308063
763157683243479040
731675015121358848
203186691
717935539828170752
2514147415
1486787684
299426473
502174410
761900760523309056
716632214709121028
390196584
1273483885
3019247782
148019872
721510319747702785
726037890451517440
762754855870009344
762715049181978624
3028538453
834775807
1284835406
755123927433764864
721491404850085889
755614361650069504
4774663053
2430759098
754088650808459265
761351917431914496
734767055237480448
718201325482295298
753770892380045312
752303146207182850
732947756579454977
2386010340
753412311143055360
319999680
206465488
325794013
760896357200789504
2925970822
319232464
609498210
760802852151386113
359135129
758869920071364608
760689813800493056
935358427
272674762
1671347443
2983552960
278738796
1553122148
4180551561
748343467902894080
715689186511228928
451016747
251195758
2894659439
3664448356
947905466
757666277150322688
759953371352760320
292146025
410318421
154403997
759832135163219968
1029316232
335939576
747808877643763712
2412963533
759526594813788161
273665338
254040841
2422249490
725824741941075968
2788372875
177703161
1120312279
758858200271552513
231307155
758812750902546437
52111884
271593182
2500343690
445967530
750760505875296256
805699704
218182706
383405455
2374152870
1093682059
1883300528
2770669251
746361607475859456
1252299331
3065746425
586907322
4152156441
3361641131
2840068708
2172038949
237782128
757779436003553280
2654584965
271001093
350381634
2198686683
1638051926
1685754858
757357683242573838
1921188986
754036088688275456
3350632743
140226633
249196051
760163640
2470231153
1917569071
121596781
119966182
709813033384742912
501322556
173992193
754435285514129411
2973983763
231266322
222570214
2234876803
754093423850823680
192121654
741748788247842816
721503252009873408
1470764023
222226877
533242568
3514019068
3484798165
240038102
750136187902361601
3475069097
237723338
453157226
754315832126210048
754187087486783488
712461984420261888
420714095
745643438876549121
3327894993
727571442297143296
1262325240
426630121
949001786
3407922299
4024049241
3161902515
4166142976
1348531195
372870260
399484404
752314745471045632
748853184890826752
2817574470
717468153861840901
2352674761
3224686695
264978479
3331917239
751839080778985472
751835051227279360
4904742814
3292074590
751640630728790016
956442589
455292988
3327366142
321133704
243291511
3128236619
737416012124000257
1181060089
176859934
749226690870648832
499806593
3084998722
2902299525
78014163
3424781338
734497945626808320
3621966449
750545223458185216
250290742
743506091036782592
3447400997
745028634679906304
2949601827
61899128
745417559676170240
2170891934
4010989768
285295856
2970646714
199082206
488623172
15030924
723871031534989313
745790680367239168
508154146
721528446095114240
90464464
424167374
1968843098
748852852743933952
703711549593100288
748708917555916800
748609728327127041
745693614500634628
748609111315648512
745300029791997952
744282671199682561
3434772881
2947915631
213955339
748602839811919872
746382550998913024
1394906708
4925138553
224801731
461163098
151519506
525978514
618376751
747097446518558724
3193599267
747280696394211328
913040928
712066503043104768
4879304134
747516900985430018
2905120414
487789358
466875069
747581394847678465
747577745631227904
722787750194372608
738529123279245312
959228989
738502801203036160
307532759
201350515
163207331
481776867
15214476
1949991192
2746382284
713529785935335426
4899766943
501288144
2747062972
743990174711975937
171079223
294709247
366064853
744256449472266240
744204104839331840
130317989
253277747
325090300
207597618
743279792607330304
256655986
301172302
207561477
2875191963
4892199123
3389533301
739806037268697088
700142810167668736
556952983
730770991903854592
347986929
3923539943
27807595
47421532
709368525199163394
230484816
739151264441880576
189232648
4872407789
3343282096
328042541
4873030707
