806963762255265792
795263324401364997
790191512885813248
787520384677666816
785997219476434944
776957087981178880
756055490
2281386840
247091583
729386344577929216
741000362799157249
743560611339067392
2186475408
733029384144179204
3816570376
722244074716196865
172841331
388264674
245598128
575943540
700453322482970624
2610454991
1061431460
4843770297
231869500
859153764
129577234
4705979389
579047237
4431135383
4369500801
267284625
4297644495
4265558715
4054049530
117279170
2874728393
3866676203
3422892195
3366990605
197476188
263719893
447028524
3321023422
3318472295
3303329260
1434109993
3089516397
3091307357
163173032
412735947
145486484
2826356207
232566268
3003132678
3023911829
3008307593
2980933731
2869626656
31304701
185437830
2586645236
410151115
331715621
2664512625
2450342916
264257938
1106507472
1488862142
405309476
294870892
1339952162
1264905650
560352598
247106437
421980789
284089735
256171439
74717449
285632952
182866316
495474082
264219712
572858076
206522621
291932153
199114374
113952902
488666461
501629955
169699541
347564706
224022756
234095524
287986023
174555860
190201108
437396389
426673687
428369976
299681928
245088746
249140138
384030453
50404014
379401280
247286963
360523442
216925557
337391574
120907387
357078576
218388497
306886211
264231749
146655360
229679921
