735486906952077312
134887660
187789482
783379730422599680
777238609833385984
751447654371094528
759629796569743360
752342199044599808
749405219520450560
723507083342172160
727578922213363712
724373221215223814
746717330227535872
742711173188050944
249965513
709785454409883649
187930279
721128969106546688
214868968
708673388609413124
4852336425
358268258
4825933089
4691830669
215204654
4498334907
930306452
212326268
3299499543
593863912
391587526
3304544495
3669360677
3169705153
1674237396
3480154461
3448045816
3431704535
250227837
2939129259
3389330567
579495426
3357050105
3368569061
3365178477
3358627455
1148932610
3351452321
3044683973
2715734871
3130326263
3309843598
1887825488
532972926
3197963184
3228610715
3222979355
3201408820
169641647
3133578824
3134273269
2997691605
3066124378
2886780561
3047103939
2790532758
3026517982
193327102
3017641853
1428881126
102807916
128228790
369335097
68491877
2979329429
2977650100
594834338
1523569302
1312621490
2829030796
2960645241
2949346101
2935363809
813780715
2908647077
2918269511
232917055
2873974853
2863778361
2351893334
278071103
903222944
2849104205
365266560
2779984829
2873617692
2865801583
2828184707
1489192268
1665925916
268870397
2244698347
60974063
189589792
174852284
253648140
2276502960
2582267286
2686023085
713877084
829917715
2455967563
754361066
563407419
2496470652
306839879
310944297
2480191640
298051044
2237991270
172179360
188236321
296655209
232078765
159326373
1568843252
550531609
2361167294
900966902
2355921321
37543469
2317180576
230564300
295403359
2243539252
145290155
192076087
2239442870
424752993
207538474
94022441
2179625912
106741728
182924709
1357685185
358761811
229311238
1851512695
1056219571
1849328917
1726591596
171743189
1639081746
145451038
431103471
255772314
399211166
1216382910
1636789908
1103655446
414504398
625053300
1576579344
135027451
303589906
552066235
1246350728
295897687
244949834
1174960688
353781398
255381635
723225984
1394368098
343646323
324478307
1353334226
1366165274
161810469
41458281
1189513495
242627311
180884833
223661103
439739928
1161310302
1191803954
1076516462
214240350
438888450
197246207
158069549
181275478
787618106
275829725
197283414
1176449264
1015728390
198546986
1149158126
184542789
1137712562
1050992316
228691029
265026051
1124101399
232870872
177270286
324995074
216538514
168224003
1038926545
589309599
249901813
480760073
240731990
230029400
111764080
101105580
214986621
282887538
835526137
218581869
285194711
513464661
851166019
296029527
596052174
785418324
206296166
230593216
181377881
291195018
249360057
532775433
221042975
241244372
336155641
151711234
235212934
227384505
623342529
124370324
130049018
426844170
169596833
416719546
20252645
298692158
369509030
543980063
245808401
481054260
474590605
523513017
510475933
511203184
397574620
172405678
168310975
454399985
150924937
475875619
216229712
118177151
233597647
297149351
149957076
447064320
424409146
143276741
288627821
188078996
201350291
245665792
288808424
374604839
275614949
353249170
191495729
325027320
314763954
252637613
130222367
48833792
202259732
231224406
309476722
290342738
234635174
299439557
297632417
171549677
141958184
277704595
275203782
272661353
213830114
120841122
146600519
251482229
214971469
241324035
69875820
137233437
173595812
