5356702
2943946894
2980456193
741856067190173696
753346039785070592
748725105862279174
91408645
87340114
3398767529
721898029658284033
401564757
4845697629
241974885
3659740817
531900533
2744568847
3124851099
3173579194
3080876974
3131072272
538651780
69087160
339113419
2959503238
341869033
233244361
2820918021
287464336
2535792222
1151550774
79931899
2619735132
478805534
259260266
253680375
1526631919
1216076616
296041937
2433485419
335594175
209192893
387795897
604761839
299306507
467931797
185472419
2342603588
2317503555
299860152
128328266
2192681180
343111692
1720801826
1668275858
66536606
540956314
192428023
1284976326
554879485
555700906
172424382
30890011
1277833992
562522031
450908170
1228952594
590420822
163224586
100636365
304619867
220094878
475136186
293834339
608866613
192322247
726991170
260378434
192945833
538612543
114659779
191842280
834173358
169568563
785038238
294624953
621034590
233831704
190840946
244350598
592444125
509030134
569434882
568804511
512411002
106697502
558867542
503828870
229325189
521520517
175605566
230179475
464258824
273996565
306517876
167592764
168329280
41716027
152860595
382947781
87515623
378071224
299398413
149741973
289589451
253305554
349287008
357840285
357306107
170791161
171590550
135286765
328608183
325090267
244699282
320536628
318812007
190847078
208159936
179192828
234801254
277496148
199507388
257590388
15448875
220793710
