412471915
814229700272857088
760488506053500928
813108687854247937
2588779776
723970141856387073
810484703514001408
808680676836904960
807076269129170944
482101658
804825068849205248
804070528545935366
803568648312983556
798752076255805440
801149487423094785
1394696898
800499176027000832
800222214834356224
785143332984979456
610295240
243354551
1651900002
796061926686068736
703614774261764096
795448704442531840
72749087
794006803818418176
793326023836303365
792727833038753792
792454552934944768
791424456799449088
790244560697823232
291508261
785664454683942912
783811240326000640
781662386444988416
742947029781991424
782988587914649600
781204114579550208
780609051411386368
777953852448509954
777882800661880832
776201676776767489
4099091799
125515011
774666150252834816
766379412094935040
773992143094513664
2963102985
764589119997677569
731459960522059777
764871598117621760
763860052516175872
762871245239033857
762869812217323520
762605873315344384
740246633393356801
738829362141790208
758716995395289089
3336667618
757941456933912576
757708735418630144
756775074733105152
755947612243632128
177334698
2427121479
454071026
748671925635928064
3025897276
743590050907168769
742778266373722114
742859030163558400
742454230443790338
740757948918562816
110746403
739565581293256704
739169552622292992
4895359634
734432942760595456
734118572163764225
734069165674336258
733009530779488256
733003725950865409
728304034331930624
632208315
726422926971510784
725902368986947585
2750579584
2727276627
725041098255679488
724395930129182728
723848454578024448
723273522412437504
722945667853901824
556568967
722573361554026496
722030244476153856
721886558257823744
721864576741064707
721169155337162752
464320796
720327497599074304
719577922156290050
4889564584
718629838861504515
717383175673143296
196675177
716653384066023424
715708918861848580
715259034723565568
714797416222953474
714661621407301632
710239032727511041
544695032
711902441692909568
240368379
3188589357
175504969
710139717669429252
221927371
709320842086326272
705038546650927108
704393045677101058
172088706
155137586
4903946823
4551031342
4428712812
407494174
3346510209
335125552
4830966982
3243698506
1513822098
4805077708
3667314436
4669064478
4628581995
4602661773
1475446244
4493490917
4385747717
2269282453
4361751867
1566937794
4307662996
181769151
4131495112
3000292942
4065199283
2451657254
78673630
3988039451
3988045252
3980584107
3827986161
3810481936
2179203799
3761609836
247835793
3690429747
3659093175
3657053663
3634640895
3627597317
445730233
3572458642
3547641797
3527558837
3470520112
2462910218
3437601441
157159221
2931379307
3438324029
3438031635
211433345
3421329185
3409760380
3357608243
3401338504
3399496809
1078501830
3393091587
3376857251
3367040980
3208336155
265810278
744420552
123879047
294375553
3330664774
3319261563
332217059
746281290
3321584085
110021308
3177395150
244306403
199138888
382950269
3294892576
164896960
150760248
204581308
3226837571
3133961021
968349781
3160059899
3152078086
3010870390
3122622561
271599070
3105744375
211201674
3103501090
3097977719
2614547238
2847076133
3087513071
3072146790
2610037941
3064549049
3059464289
213948128
3041052279
348573731
1033719966
192726184
2987365317
2986071760
2965373949
2955363881
544777141
478327724
338227955
43929451
2935935898
2932084378
292381318
2918810207
2905921559
2917094756
2898344709
2479283086
2892196390
2886319031
246142033
2859420346
2853754419
398303603
2875434229
2604079282
186861302
2863972963
62910144
368104674
2818203610
2834184698
358477287
253270690
489965309
2768592075
1001836471
632931559
2765738680
1471702574
129832582
2793106380
1723491788
317579661
197167620
2677935552
2773681148
262389341
229486986
2752566217
2748738411
221392496
623985013
309870354
2742431548
92051733
42297474
2726586143
2686399832
2701154523
2611764912
2611989398
2720322317
69490308
457993961
227315316
2600811026
2599975356
2447388289
367821708
2539774277
1244353046
2561557770
216776800
2613105287
2607950980
297305798
1170679454
2508749742
764196014
278826167
2484634075
2325029500
260379939
519945615
2471196872
2165726404
365790401
2416118077
1135584648
2422959351
2423051262
930765960
2429992835
2403451702
2380468842
1684017865
345080217
277831255
2338734041
282678570
600138850
1244721540
357143130
2278407283
123799155
424771038
493718177
266123402
220326131
386054473
2207490758
718088447
881472798
1064695494
2147574036
229187695
487194629
515057746
269057733
474319404
343600919
1895184296
249790300
998380873
1875658742
1873303801
451047374
213106540
858998287
1661570658
211137102
1659988741
1636858844
128042379
104200353
85454635
184966206
61904616
1195295647
1532129912
314048819
198392256
349491687
844118366
460408224
350077495
188821340
328217565
1458814358
420023330
379909726
29435472
163232447
218562806
240416488
425584009
249765804
385107021
234809246
591954056
1193096280
926145541
231528937
334836843
184955429
599479651
296853591
431029638
522920527
315953173
148391108
846632838
233325974
1233232512
596180409
1173425665
197239632
94378144
133721958
1149892850
222226877
28702846
188957276
564735134
157351985
288024761
235310447
116580824
249423698
1035653538
236916995
196817697
149238386
427556605
388600577
318402350
385158943
556428696
299834581
975275617
135614678
134868759
543686169
207245740
628974342
421523992
904145730
874692786
893830304
293283782
762283974
223988048
167691624
178793310
292011335
134207091
149293101
212215813
840711145
285595140
750506268
375868257
468893456
787786986
551690361
181238668
543656268
757611272
760539206
720612895
741682992
302905386
564830604
325171230
362772309
633068012
298714112
162096743
380728834
301763124
132383481
614400543
121828464
268412688
201592287
374105359
122745349
373984707
275325975
229342259
162372853
562343909
330397140
289115907
569450963
335498286
482595743
300891500
377091066
56392147
409638613
454310715
14663180
264118365
193371810
320539850
256779252
156069299
188473528
381128752
259499625
34125176
173961985
472947047
23444390
458609820
457099447
207238453
156171191
172005283
208733553
89360665
219178012
435876114
199496384
240938207
155694801
254712773
290060382
334372947
309420403
134980543
151673924
133465653
297610923
225969235
346026202
384431974
364900022
242437096
377359171
357949903
261538201
343562546
142448728
182481808
242088223
359690249
87528517
221888416
357986199
276373592
341868147
326560587
222956544
195762231
254717330
221885957
287344653
287321396
171568325
223730116
291262430
159967698
145890012
260852167
161800862
267966833
197179381
206225508
234855869
234639541
144130667
224688280
63281836
160656174
163203019
187188692
147458384
200170674
122074060
223668167
223717067
223351527
213123713
219357901
208262717
218547926
182418211
217998593
106134670
92654379
45959179
111306694
198509169
195168567
190109418
188345093
186620380
42823709
176928189
143304396
117469261
103097719
172186552
28440409
31520334
133128918
174940172
172279547
136407712
156374606
35314855
98473916
89955186
90200217
106730201
106524236
82176021
95532969
