811153814074126336
809082118303318017
172106775
789186397877866499
785207703350149120
783346766456492033
758242318440919040
601887008
829064364
368663838
771877058381316100
955403744
765219496571314177
125766070
757697255461748736
748373459365920769
725039794103959552
222603203
743831327317889025
741260118680047616
740257337689157632
734559818938191872
734172398635864065
284274375
732349439671709696
731582302975840257
725448981233414144
725151417472786432
721613038751780864
717714307589476352
716598037565583360
4303340253
760489141
4602212537
175791298
71455828
458593598
4120888396
4099276805
3636402015
4119754762
112807640
4118112141
21469539
3435708875
3062713292
2981688604
3142762712
2932368616
4130240594
3583853657
836787379
3904117157
4103763807
2292055019
125125838
3737933594
4076514550
3254766332
3378991497
3418325234
3329742920
2997789633
3504336861
4101504249
1723585280
3048378629
3740203994
524658384
4076051135
724100311
171675309
548874570
3315852178
3455654416
2237067288
3938985867
424490791
2474857252
4111952975
4111702582
3791209455
4054567648
2304588220
228916143
3281126924
4119887233
2236996627
2348556457
2422457888
4108491557
3999914543
3999948253
4023025901
2833065946
3407475747
4048464616
3599643436
4107401068
3316140213
2932850309
3383649933
2976627167
1167572460
3242905018
2312544949
283203660
3479808134
3225569298
4100829802
3359714968
4097235262
4105590682
437194926
3353230510
4084559799
3667552273
1567798435
2825576914
4091736861
3131415970
2356651556
3092598296
2414555119
3982088172
1337329446
4066290081
2342670138
143941814
3160996766
4092513083
392326479
4002058227
4001871315
3990133847
3325808559
3812353219
3658799433
3161416142
3943624812
3372917980
247661501
3880250892
1949346643
195954492
3490231814
132373791
3910134137
2199965419
131327919
3897827308
3019831054
1202616672
171216640
3932551738
3316623821
3858599232
3433748559
3875504174
2557748323
3997108156
3972128727
3661315460
3980790268
3072732437
3988463693
3995581474
3919379489
3883444523
3692363115
99419436
3472740335
2861550931
3408116134
3401369374
3290836500
3385936570
101766008
300497480
3348148073
2612467646
3325770449
3302479804
3302174961
3254960145
3249516567
170841664
162479562
3188311013
303440580
3132225532
3126188004
3121262569
237031791
2960253861
3011532064
219753764
2968607373
2935656586
290693321
258928724
56392403
304656380
1236468464
199542856
150378279
824560418
2576073866
2786366591
415208832
632588832
2759825746
265137202
417059262
2758698141
2767172073
501478724
313380550
2735430628
1973719178
705830148
805922161
537465578
425249011
2615759640
2609711930
258775809
349408261
257283390
2467415248
387799032
1619023560
2232438406
101529483
203770704
577781825
1546041918
433587933
1634251130
387961095
278979842
377521125
245671473
1314737323
1355165089
1398487622
175139001
592404947
596857570
38188025
320283552
314065443
324965069
950443142
323388729
196204753
324986954
274880955
707817439
705810672
188023035
571384800
538077188
356530347
521442338
172187767
462159828
263241906
177444462
72871983
335055910
346039734
186603613
180184423
366716124
321412656
364503361
172370517
328807647
323208644
