72193944
813795672218542081
3290614059
710892783117201408
3535781836
104577335
1858869650
637352412
620541247
381215943
813079688130269188
713055835459555328
321026750
813159264441303040
104191290
264430856
813105282880536580
750419923218890752
264403098
246368517
3348247486
471412017
185420566
4432980443
812771264456781825
398419739
788391268539826176
3048198492
793660334007549952
3436308106
811694513471115264
2477189724
811223250416074752
2208965710
811231905710477313
796897152152862724
810708799799644160
787125926425493504
707305628772016128
308724296
274842667
2172841264
810286083577626624
721137945835675648
808767718786813953
172425530
294839759
773301568309489664
808747463788072960
1358674706
566050989
2914624210
3518855417
794473999464013824
202746956
394750723
772001268
2149788623
4541541447
799009722
488142858
807569912038363137
425187804
717690494126530560
744656644160761856
2830253833
785336231391551488
379197417
806917210560143360
804070528545935366
721712386802065412
2220809631
789484062004183040
703378040240402432
208131120
804101133375520770
795018455401582592
806229682098241536
806198754546225152
226261639
4202552061
614434292
266817484
2948008949
725113223519821824
201919731
802638878641364996
628932470
4768605617
803337661511561216
356591618
804783002370867201
506301125
413155498
790193649061691392
803813925942939648
328209429
791249465533427712
803974243054714880
142398344
4773221296
4825748037
3404840908
755075023753322496
780899826397577216
771746319119572992
779012819689824256
793956448149663744
2419379772
803246838598029312
256274340
323818986
133063237
136009165
785331435775356929
118803216
2486901243
802594082589724672
221739432
801971139840999424
760298879548059650
2835193907
758583918090223616
801917005456674817
276120785
794164956308631552
2267495943
795402887891456000
428698281
4883724083
891924811
2214211268
2363602968
758380513245687808
296686418
2305442718
342249614
797216719127412737
544297015
2275988908
771190101036576768
197864396
784248037568876544
792497168783409152
261909428
793183863765860352
745986323496996864
799277444071096320
753705130323746816
798544210215505920
592991827
796028551518679041
798392626542247937
245947255
703716447801970692
3356889405
770784740785942528
798617619515457536
2363631524
3336066989
790305380274503680
335140831
738297566077591552
310979497
197328810
787865362478006272
797518753202315264
111452547
812027754
735232315316686848
597980827
55286113
776129050997825536
723991752391163904
114625234
797201633184796672
796019511120039939
3946248921
2420860694
795410765339619328
1117227475
1568352350
784440877791993856
788836609294733312
779694615779762176
2701775532
218257371
796085782901624833
2690319542
3676028716
765195031250661376
331416670
1319185496
753843727
794522730137796608
2759811767
757950741814312960
1428151956
954002401
2382981518
788359544187609088
793288426690928640
3126837952
794035136224497664
792075185788710917
367398425
795084835245199361
862339171
794712124190814208
3386524229
734917939758039041
3076495007
144750384
794323417310920705
776467970579111936
1671891764
789623253488762880
700857484123185152
722071881755541504
2315177710
4179706971
793589505127280640
783798897768538113
17735542
793522750602240000
2230284889
851321364
2541817605
269531685
344312524
4227467015
750777935913684992
161917378
199501504
282622854
736289223498727425
792555380257746944
1563670525
783535526133506048
1239385165
3044795611
782622212062720000
4461956237
762680008783659008
549676968
2563456369
785925242690600961
264924375
124221440
3331436459
782665034660884480
564676664
788484088151826436
788428708675739648
787470282676133892
285756335
610060191
713370230257491968
1355440836
788864393924734976
462195596
858171792
705875816509513728
4818764758
790322238453055488
1353059112
756684925168943104
4443060495
2591408298
718924866284609536
454810700
2229582429
1618697808
1258196780
789238135578329088
3416042493
3425253946
789134646089056256
2553761227
785202599222009856
289968201
787172929956093952
1143833089
708045578526179328
963492408
345615375
239857035
3085312077
4471262775
232718730
253840208
787702340337995777
735684201031159808
241305975
787058703824482304
732988463469957120
787827539536404481
329906507
1106640986
1364465600
376911712
781914996146135040
2972106885
787863247600885761
981011678
709812506651287552
334275727
773350567439638528
129845819
781687786646691840
256741714
3408214438
3365078009
778240570649088001
770418383925936128
1053900235
3691792762
39431023
348006013
786384099820920832
874256078
785955698421198848
784509476401475584
785150362445643776
283293645
737673210062376960
538275305
3367121069
499596140
784042973088669696
3351516677
783316976265465856
778922116704067584
730918228789215233
204091084
723692975444910080
49486109
201997034
708010684
4896557969
784007711037988864
784113484392988672
436748978
321418869
3378018279
765640984516521984
272456437
2891473764
778571236687417344
764928074555195392
769998751704449025
767199242830176256
755930361234878465
183399794
781252203235405824
779478483143692288
2305384483
3388003031
1099710248
278334201
3929479157
772840962557091841
769241217389518848
773581403980169217
781170259596288001
4832029451
128468471
781300981959127040
364618793
346801149
487508217
603125469
1490958768
780535792946917376
2607137782
2784933985
87946703
720097855596339200
734024522
779501898088996864
772985510717513728
780514693316284420
780475723731591168
4791045875
62527410
469090553
2227374179
777935643116769280
760155357071179780
3378048711
721539236671983616
779923045003714560
753397855977635840
1311318830
3377889970
774692042203078656
741278594
185126988
4112596053
779153860623491072
2922402935
4765956262
380321868
364485138
778721107276804097
768325885871136768
328137937
777978429408940032
2970267429
253849448
350596108
1512085622
3426022613
742774844266274816
777740736347463680
777920431340785664
1092912480
398019969
3228555233
776262080278171648
776601996950433792
776919015943991296
766824158080696320
313324582
1941333307
82280461
776548511487782912
740981716337201154
346752671
133513803
728048042511876096
213032453
2713914137
229505310
746851514598174720
2305364995
2569617576
775530604343488512
725765135579623424
874925222
773239875017510912
773171045696172033
2298185872
750331873692377088
775086270028587008
765021933406740480
271076565
3386903789
775012212440231937
772125150821150721
739467441563111424
2263388496
4739337503
708074966907035649
764503631563481088
2895473999
767042944259981313
2315682817
760930486743142402
773894014005342208
1946392238
233288484
377141711
718829814489227264
746584782658740224
767878833072640000
2967997311
732995843377246208
763891313137840128
733843046475784193
773310428566917120
142735084
772470253913645057
296492603
2473175029
1859384119
4866391461
772877086893731840
772843130425110528
753729903858769920
1651943412
2374279086
770718744112926720
769110238528204801
270889906
89454448
744729154852093953
3325235884
771144975241183232
772410343712813056
702645083225640960
1636709785
764512975155785728
1577717856
3315187414
2821013332
3416803869
278691583
1931928349
723352305307934721
3098338065
2963183471
2901922213
703042237354139648
771041693357510656
1563540884
1225316574
2651899805
2821537534
402166415
571926341
209634228
1412028523
223243627
76104851
770008639579025408
708283122832560128
747917733669515264
3019024251
4875032651
463297041
4867488773
1472079354
2777378333
707254538751877120
744933674303561729
768568934
738446474489532416
249817508
750141681845100544
715256284304564227
2777208483
3304569981
4122721936
769568904490393600
759487406080978944
1252922521
170911937
1535352349
763430600908898304
735614250488594432
735614250488594432
759236756235554816
752559774894526464
2365886268
713116825010249729
3315184534
2949837945
767425479271931904
2869272952
1115847770
2788265414
747500398563430400
216755009
768642711196987392
3853519163
1018185638
4322580443
4895514221
695852513677963264
763915124822474752
765600392533114880
579081951
768138788820230144
766667880540823553
3244922673
738840465798225920
2968478751
767374034019487744
726731204213497856
339231162
3301372665
765228468275646464
2928711105
265493409
2153175455
766665292344856576
707362434546339840
494586727
198581713
252726712
749719300269899776
431949962
2869936751
755915966668742656
598738438
763061821448286208
766353228090966016
760507058399608833
186245764
143908833
2745991343
19300798
259235110
561630424
3348484259
758265190957867009
744634952663326720
3739846463
3838486385
765994998324162560
3303266105
757615304197468160
762419626210791424
1667874666
4837274710
745399220237115392
342955284
374081220
2917064455
189313891
757780199203274752
763808092492472321
764952321851793409
3797536167
254866502
764769256718336000
2568093740
697165881382694913
3894131296
3378249731
138825965
715208546892300289
1104922314
761252411986087936
706288095273099264
235321771
757847577601585156
2779087935
2165775578
763339636412387328
621104671
735973043663671297
271003726
760953177600561152
755602166086299648
739815621777575936
3422751519
747896499414142977
1660514396
107539205
187374572
220857120
761913766065963008
188919728
3306478556
731964556176707585
733097284716646401
754594551797522432
702540825138470916
735490870242246660
224492452
3664750156
751814071545131008
517583468
141387878
2854178825
748275187473342464
760717953432186881
761749979509755904
761739732409810944
761341789752193024
721585513480785920
3227550166
1723853526
575624891
723001447391047681
2416669025
752597212610367488
3426758787
727879283201454081
401127987
611826438
734357443594059776
519734404
395276498
548242965
2950016843
759812748834246656
356595407
302204917
3323411693
721539363134382082
745615923533479937
713454804962557952
1315927081
726142424901373952
2768433443
119063620
759353543883157504
2749686595
3161000645
753355986795110401
758892180458975234
1094055446
2261930919
1606992378
1180232396
739609217607335936
730761171859591168
252761651
747519489135239168
1891767512
344353803
734517127542153216
757596055731142656
2654715176
731178915197259777
748539254
757282509365346304
757679945514614785
2387780276
1249339332
747798243082371072
81929789
4836247067
738534921589952512
589591692
1578948649
4903059113
459439349
145861314
357213117
756546050459066369
1380481856
741071010259161089
4541763621
756303262345728000
74808651
2424069866
1013864750
4883211772
752861404156354560
750453856090423298
3124085914
752303146207182850
431787672
746778368985620480
2351988877
2905601296
709703917530169344
183683825
4928478249
3438597730
4826227246
4395423437
1911008592
708392833456218112
743190369710542848
527021579
746786687330713600
506454474
742316915465564160
752145598149693440
752959441817829376
4808152894
748174330371117057
737318779437391872
2242570314
865103186
2791826202
752692191248654336
4102567275
4756495425
562977466
753259322159816704
3423551422
1500119096
751179464655118336
163228845
729381280085872640
248785900
186414637
532284975
727493587483676678
2962106027
752340260198215680
721501456994582528
2736328054
343770940
732311699278168065
751123166634934272
266973143
4104008471
2372897041
4428444100
175087952
707131622
747459737160159233
1421872586
3668535737
2883284903
1152207380
741763246454104064
701549853646704640
745815215028199424
729728818555031552
2538158499
96649270
567372311
4483281316
726518730012921856
2519116393
1641337795
954005706
745060349674663936
745419488343003137
283061737
1315248187
336480403
68137357
131273339
474251611
747169162762522624
991837874
719994098220953600
1449891282
2456786108
585143656
548535914
733726674882285568
179119642
347310194
3395527179
742775465975353346
748224357554589697
4352716402
2907858861
218191688
747999901825499136
747448901498736640
142414082
592413408
245004730
112185207
747152959415410688
746805536071491584
746042690781863936
742736359543169024
1115325818
276611416
746157861772861440
3254738415
742031891507843072
2956019727
3430803395
746282491766509568
330159359
746054124643454976
733400235519545349
270987480
742044312909676548
744183761051459584
744886084065173504
270152287
745744971773382656
71412937
744297570990690304
729327463193513984
715900047381176320
4896634919
742777284990513152
3378336347
3207468755
2639451287
745283470340030464
2490855871
4646562891
744989014063714308
726867980689264640
739481858535260160
361456484
742536688606576640
189143216
4890076823
2749775993
721730238657523714
3328482879
445833753
3051421821
3335106221
2715253535
743563456486473728
721383616094281728
233955351
2439126703
752276689
739813259973406720
3243590447
957238340
217604018
346952813
3110592717
1193147466
330412672
741771771339243524
742748951770738688
2525727937
742735823104270336
3561461242
724741489557905408
305785778
732605525695795200
741074706577666048
3250289212
2880255372
729068772649242624
4158630387
276602394
273228298
2617447254
281677695
733336556069650432
712371796624822272
736556418
742080013047070721
705119439734177793
2792780658
4840607615
741998164241199105
241483362
721061699533541376
3420555125
138592301
218567817
3421509507
713410016699629569
51951239
3019804372
4572616875
3403520625
734918766887329793
4748332234
740568867068608512
729852201192034308
244843749
737486595050373120
736230797280202752
1480942681
529746631
740299107760115712
725154036538834945
3353376316
739531557724168192
506721943
739974743680536576
739847814721765376
2840674972
323597875
63582624
721512215573094400
2871546106
739317460629868544
739180265222885377
733019391177134080
260372521
735660780004253697
192773308
159557604
739070393974132736
475336014
738984002653192192
738829597727436800
717825959429337089
738405910998056960
4846578915
4846919032
858883712
732259137011240960
3573964402
738335958614036480
3308770209
401651681
405283494
725061846005338112
2377204913
1544518310
735854056862830592
737612728932536322
732528391841275904
4701544161
737049008389115904
2475035363
3438065715
178922632
737203611348946944
1485536088
3974929821
713020010155868161
736658590895853572
3475953976
734046389559283713
717356481344061444
736258381195956229
703349509728944128
374199408
719870069426294786
713469400674910209
2355741274
4910077629
732787600482807808
2515559238
3497284396
175555959
1132554876
725744583880089600
2666243869
532651617
733441083808571392
705971482682388480
4207135395
2586490934
3420784155
257665386
721560018403901440
338663741
734550039033450496
477378465
335544873
325365917
204989057
1372939538
336673827
187976243
734394926184726528
3810827177
2291421254
734030898862161924
734027933413675008
3070326705
734036224567050240
297407630
733736144819617792
730539476162883584
4431943816
722410680196952064
346123220
733468497628385281
283062267
716776022507724800
733347068404719616
2535797016
283330702
2707810619
220461903
3039463031
2275707255
733002624937697281
729055992856645632
3246353914
521503030
1255036706
239283538
3079717581
732325824968413188
717199836269912064
710107366663049216
727262567362600960
732211131989757952
1888271046
730880359320145920
4885558203
732302353769091072
1520453558
4166051188
732253561187373057
1398676825
1099702514
2739547731
729360640226234368
124469845
731228741712678913
723207623009398784
3817191405
4907379795
730206256363933696
3601578677
728334246314676224
2416301122
2261887617
729400791564484609
729405238495592449
2831454657
729062123515592705
382122548
723915019910561792
729083911876284416
4853845355
728261304625078274
132854645
4861353525
721033493518675968
727592040356298753
3101850749
724626564391047169
564172859
714614489010860032
345735925
235251135
2828923756
723685943610359808
723947790552932352
1378525999
3354448006
358542244
724564851050315776
724028841497354240
723373256074350593
726161836735893504
351614806
1630411998
482279819
111339320
715936008492199938
2745570478
262266512
3402201550
3209359210
1220271048
2603794166
3760901602
715277146181210112
177651423
2355660213
722903954263126018
1367911184
726257334159314945
725880836495659008
2980618840
226802637
726502948562452481
726430108655964160
721882151558496257
720032068982452226
4623947969
202716020
721510319747702785
2784776447
1035495470
724943950084202496
158423841
725521257354113024
3527692642
725016261588094976
716045271738789889
2768925328
722203394807635968
717150886917705728
2491873165
712311759735013376
710557950717378560
4138627221
3129874019
316046594
2287912323
127933039
712157829197635584
725020081860796416
723624498415734784
564802842
724949040941682688
899942629
2413224272
722927400405831681
257592462
714578443506216961
722779383342219264
293855118
879361406
176409317
1267286713
267802140
2842968949
981483086
218300323
723669098736005121
723949382681374721
724366259643543552
1329831386
724292896925450241
721737346513793024
4180516881
2755011645
2267880464
872905170
3469939617
392379154
722585712185491460
723999336686882822
166253916
462339959
146201918
722381172488204288
240302242
270984428
198643033
701384738574098433
325188829
89531226
2444612935
4850988346
723524130893627392
721755340086358017
536934287
