789861079102914560
136481069
3897512427
813795672218542081
4883211772
71003949
220434779
518290331
813835332688998405
1708852388
129049964
244299962
809474423883530240
250706952
813823426116907008
420820505
813230111797444609
118149585
803363750552211456
2208281080
813096460925411328
798759740
222517714
810643934431084544
811353624458698752
812524452642689024
99403874
2949191837
812377400931708928
746107654557294592
774772978659778560
3337092292
333091292
811909954282156032
2463943196
807014731022094336
809777564197785600
811410006650318848
811632468952551424
806507787652104192
2574096313
805988410196447232
164363623
784740623471546368
141303881
235346865
811009121520668676
315639713
808893752291061761
1631354744
810628618762252288
2363602968
96390702
3429389393
138776364
808904979947933696
2711150893
2530079226
805878464213643265
751184866788728832
809579646031433728
781311332788367361
158865370
2726599389
809160901039362048
3110826881
2914624210
796407578766942209
4089745696
2995362951
2374279086
2974900324
883288435
808509873638047745
785898016611921920
229307565
925175960
808330893601415168
2808604050
145545276
228576702
808134975799304196
2907132861
373380386
2275163129
246537473
807975239665721345
2741319580
807743088160632832
424607713
3246452703
4735737736
798733679065436160
94671954
435392331
52500073
806702021172674561
3406152507
234587072
183106039
143508660
150659239
486214502
806571675076722694
197280186
771672342
73412251
419919778
522385464
803815651991318529
543806943
806240818638057474
796897152152862724
2353288346
434353418
286209078
199142881
805981835046088704
737482872806879233
1180855506
805873318670848000
795979069288513536
781815537085124609
582743639
615507222
116059372
223018834
798838258046111744
701252725141610497
66878080
805552540377030656
750026881081176069
805384161364234240
776936138216906753
767331262407249924
207737047
316874980
183651758
29102164
62870513
197221647
804859185770983424
804042125600030720
804773972080476160
2438982196
119268809
1485346632
277585146
251404220
804430312260468736
804390883726594049
285945695
3710755041
804086835614011392
168710106
296299766
804094900354641920
804028840888647681
315902726
1593901610
803689026196766720
803396486507724800
585887677
758514510042923009
348587567
803340635625422848
243031421
783851063321526272
2542323952
493296286
2168984456
802942193350676480
4921455185
1546758079
802379496938676224
180036287
991527769
222896972
802632891708637184
802576997339766784
799018402962612224
802560341846749184
802529040506716160
264399411
1463081383
219550305
4254577882
116194741
3171554506
246398044
475035249
376542510
436292053
222484789
798955970160394240
3406244601
798646935590727680
322720863
773175823285223426
384307654
2949171886
1072487024
634840676
4757408169
174481474
801036587098378240
635573347
157079774
3371875162
797969155551100928
2731306797
796101245865967617
768180081579716608
721608997594337280
41105486
219416852
394133932
800568857345728512
762991842
264602618
602321636
3367637817
3203104019
2859889491
747824064203472896
800435265089060864
1507226130
769239932
20589741
200657982
103456260
1004354922
1393505911
171342520
2948437583
2216056669
2969153704
139212631
208857721
192050618
198145560
2219947189
3239912481
300037146
3293345334
214255450
798887819020267520
800044777706319872
40388353
634103689
3228555233
3398144536
115107166
831249032
3402841611
182949522
796204031983095812
182959832
289601851
396675834
731087280434237440
799457328869363712
735316329218093058
49480756
186544016
389713763
351961283
798389200622067712
473602909
308711133
798325046146109441
758824009605664769
798750718576365568
741802041840914436
3834856486
798604033929908226
84640459
617550466
2402217649
169352899
797940307501391872
788908432724226049
220069931
795654005934485504
2176088619
795997477409267712
727576872314408962
117578615
1114182498
797171271394033665
260572994
790398896891654144
1117227475
796813909634256896
796772217321295872
74225642
433708187
796530062791217152
796340879254581248
714537362001412097
812303011
4482909689
1641526964
257068100
127933039
708207625
748283851496128512
790193649061691392
377776626
279316259
795340230328983552
795332798815043585
703305418
795099874010091520
293823810
433007047
4145956174
50136372
794982551228219392
871615550
3243541409
2721191446
2436919880
2762469850
2471012162
700533033724735488
725107851035815936
794058394588090368
790305380274503680
791632217697124353
195884239
4161048803
2245818310
2423180354
764573338979229696
2500601810
2957114015
700926122851229696
3050564634
3031874181
2826544827
792513052428079105
788864393924734976
378897553
791822773840740352
2448842615
791757848288104448
65821376
458898521
179558091
135366027
774417272131780608
48478132
2267623949
627885856
243174267
339953003
1164684403
325737727
390196584
565874171
264475797
769278019571687424
4871627403
216502197
152856358
263333007
790963493969145856
4639116688
165670417
172368339
770418383925936128
763099028636639232
312877307
790431566447177729
267882790
790232892551098369
3659976981
790313279105167361
787101988089626624
223115775
787749347777798145
248733667
207864146
779042338232471556
210190195
726560081026908161
1470361489
759490530434842624
2809417653
199694428
454810700
351668450
242121255
788591577518268416
788552240416030720
4257676097
303447341
721190787690733568
55093589
192733897
2990132825
2253904568
3232245255
3383707707
303539261
350469554
787113648867147776
783886238562541568
25561734
721871930383548417
735611738503122944
741493256
154624104
1535025481
224881017
407760895
2561610884
243916962
783492078126891008
730242961032753152
1013932340
1462370269
716178167619330048
785873720497672192
4808045847
735980151100612608
785586915760181249
785202599222009856
1402283196
784531462867517441
781882616144334848
226361232
756967808097853441
785188289175314433
784106737125232640
3810666567
784877601944903685
2475412616
2747466588
1371211520
420105279
763496136770551813
757469910
315818937
2462924205
151196506
185445939
317418598
74263586
782936924512251905
242528958
184110172
783145558168834050
733430516045783041
3387384670
782671481842970624
2842920288
1462635949
779915384585617408
1959410928
782319910248652800
707910594662416384
428465171
3810654015
1643251543
333144219
4700958677
781284278546104320
902783113
197684978
163995701
1488001454
768797552699375616
207261253
1493701039
767142211662254081
722746656660307968
768591349008433152
829369783
781222373160869888
104544196
152457134
2967286271
41270675
197493887
118149576
150128588
209288230
331122653
715360648
442809882
77912413
380058890
242089777
759092943059820544
209257909
1206722683
10972462
742739221593620480
2206471558
567799270
179260686
779910448955133952
2221513692
208776959
134593481
2316479310
742139596050468864
223850859
778789358325338112
131691529
745186962496233472
2339334534
780063016310177792
753226593414307840
1118296063
53736339
770098751872565248
206952127
546024163
3884606959
779534839531864064
189943770
779060566971260928
712518943
1520828743
186913451
4906036396
779109416230584320
603932617
128748247
51798356
272232316
766321770710364160
436780936
772964335350145024
419335678
113986789
82742221
396687681
711251191502610433
50909346
3094154594
721804720575279106
776549103828398080
1535441653
450036212
293308683
778310882203996160
3451022055
778343678444244992
297542231
770065267976237057
3426393575
211326329
262462783
162893838
777957310559875072
558756311
3358038231
17861091
232066493
103058588
415130953
210275895
232075051
282332167
267985926
754141030673514496
777902106363645952
86618647
145739312
205343210
303019969
295252885
4843565651
615394462
206053401
774869646822543360
264491661
52894690
206699261
184945746
2999063800
68574626
1006916881
2627434797
202028817
77576130
427783392
46428373
3427724578
248767037
4918882517
188410657
706177123
413473214
292544019
304075776
741742172282728449
585380100
342344798
255198103
342175315
42892736
338388872
423723470
138947370
2751372112
777584239701295104
3002502356
190507771
775448086843908096
357126904
1363003662
283724637
275723354
4084618812
488191331
333450024
196739082
435313642
4835483669
236167407
91832670
2923733056
753753560777711616
98469938
754669453917421568
436380826
576755511
120928352
244134588
301248620
248532728
756867355389616128
2922412553
3808087583
358519371
154563768
58806415
222652055
4419722674
170814828
427820969
728577141839958016
2796567145
373635077
250725311
769545139530457088
215506681
746240894
403001800
769943024
175385787
339417356
157186950
130632248
775788058788634624
3709146381
2362864214
317143671
372628023
2895115427
278877158
517265819
1143430147
147318069
772323526426578944
3004695430
760570510925258752
253337229
751403731
772472081959321600
768291602821283842
362021552
177237864
45921938
727919997557866497
483474687
773904027180470272
771501467375132672
297059301
105262243
3370199463
87512233
707641468652015617
131714396
89863240
341561775
758877517985951745
4252503790
774719055009808387
772130440853463041
3112735581
1491672576
417422079
68307781
761291017928765440
4258130759
212985813
273665338
3395930188
3416035756
237757312
485756660
1631010516
476263687
174390648
234250740
319482150
135221498
4747303827
4363743917
1651943412
736293954073858053
3352412758
165916865
346332724
805157503
708135356940591105
4165656742
3063936779
403171967
163611495
2509704886
763446974603485185
550450678
2214658121
1688803597
180560107
1075126284
169791702
296617455
3189259269
374028446
127052981
193101585
2667877704
747281163224387584
104197209
123506765
768104677913325569
239173997
237927598
1462896163
2821383501
32983260
446648596
2973899812
713562183632814081
771139853123739648
333009821
225158214
2364819150
2742315994
258156060
2440700106
100354383
63590473
342302554
333521563
721297713812402176
57190105
197178748
345659341
755894386056105986
139204968
306229085
56773609
770795882811838464
1925708875
51427928
230491912
770847331751256065
67714615
240863640
197573214
1004638538
3290660088
505944242
106626777
496568554
294365328
341924339
292379642
166688677
95106060
716728628986437634
3402941302
3319739411
2233124617
1634278262
272587586
218334428
292015509
411348765
257533592
770951747720384512
148219096
325242567
769265666398547968
1076946366
3379644394
834491640
318671713
175740377
713925041956732928
448557402
4716587121
137759544
120909076
766028975084859392
369540747
304768145
765238277750267904
1160441378
2973120095
713933065018544128
306988485
739929240406233088
3710010376
278181434
139187650
844396525
197260535
1141414099
211409618
1722750290
298491927
896548992
520437298
19245148
197233428
138186334
2768221648
768626673004707840
766743856754851840
2958944727
197139297
1006390069
768551451173933056
1227872497
100794639
215493677
171719147
200383626
219531145
1055248770
291374598
1131766831
731683157439844352
766392367549120512
127728283
346128620
768164673153675265
761958056980774913
767919167165063169
337412812
1173466094
139857250
113763135
4656805576
264527802
3315156832
241951692
767464646383132672
305170560
3407968887
767206780841570305
738806036
240247535
346899577
1630682232
144283393
80386238
154346734
763227567495217152
766301509541851138
709535421156495361
362873277
486662303
268365750
763788811482624000
3520091423
3146825238
2889335622
765568464610353152
758360486215815168
765530148464631808
765403266616287232
111740415
1525820792
765337441549029380
827298056
3809207475
32438055
721778940528959488
234168336
39695620
300571775
52517478
702939921284259840
278087667
26873746
721029004468297728
159140745
762470234758402048
753742497202012160
4886225026
297442071
440648532
203517453
271236627
293170452
104524553
755064805724196864
758136673796558848
183336662
335965589
762137234711740416
465094692
329340986
896682452
896682452
4926398577
755444480929566720
1189226773
245967904
2315701418
871913922
53080750
410790512
222945952
268037183
2856147658
324005076
169608784
3312437187
75640354
371787834
4842179057
14155447
148606665
760946721312673792
2892119729
3063960797
308184329
425036040
4822955596
206568460
758396905852432384
2380546910
164082078
376855399
83875341
3894353476
145041055
342384994
338760770
755222725552201729
745061192754958336
204461844
348900786
355800010
2844695639
2736038601
859043996
759469644675747840
390535455
182137455
741091041156206592
2342407614
757780199203274752
723578001116545025
4443878127
709633004
313487739
407380264
59204525
4603393095
758810603511160833
1222695457
752317858181476356
758716292681506817
731357433289936896
758502337954586624
756305561780707328
228825128
758413892238192640
724269549097459712
386081198
751192761123106816
3312236745
37832833
713911740245913600
757815077030338560
63906515
528032621
750529641002196992
757769277315440640
956594334
369195917
251347006
2840581198
2720419607
156035459
271600519
238670149
2712862168
1354682078
326338038
867180314
265008833
552343539
518892686
117194406
146956298
1537690556
141369194
538673296
2960940249
150676327
294624002
208130304
47269486
151868880
563342687
258972572
744032954528186368
3420727935
753980783132602370
2735731948
799467932
2718960611
505344504
2242682905
246400540
756687974130147328
3236417182
340101049
197230034
1642018795
2400755982
250419439
165613091
756293636698935296
282411084
510851352
742152528696053760
3241944117
75728095
755930744728485888
46907641
155600125
292528108
743788606276395008
903129044
2177368030
1720112480
755619519184433156
2444849083
753015710620717056
711725019781533698
787996386
151093984
746559632244617218
455531921
726412500175040512
755082818393341952
358349025
710222574895144960
2569231419
1053560120
2739637564
1268453624
718130550477889536
231098120
752924599596228608
799358778
748212486193577984
158020682
2421454397
754860027614228480
112799564
417273860
312026521
526796098
905202348
293604334
300079973
247424485
238244632
2965590364
380070012
4291472849
248860115
750919942464270336
297210970
265752136
885200196
254833028
3195492568
3114957899
1138215384
274054580
106436910
78800781
321739998
4766493743
154557561
251152417
3725232917
594380001
832728547
748275187473342464
747510236072845312
752194910091091968
144044137
197243074
752322840402202625
736356455364825088
264297673
297548520
4703683022
742840143753674753
222212399
284710574
724001436296732672
1238750802
3303901355
2989748205
334929650
222921512
751211603941584896
279257853
1357254529
751094858266411008
744070431964078081
321036199
129041239
416577904
207720693
200661413
198216675
152744946
1517856920
4861859115
213841561
242026323
42807370
105498007
750285361700560896
4887307151
214183277
2448183505
4138548994
504755091
2881964021
4064728277
733155179613147136
342892916
749822650520707072
303617273
268562255
269637907
248378267
3044257751
550505987
1932048176
739168384655491072
235232256
242016297
723001447391047681
2367616534
188079614
743812933268930560
896206735
68563971
1321525364
737148510299168769
271548299
1077721524
2912737397
239606103
742920181400363008
166084532
2475076134
159161749
1359814094
1205488975
521936870
3122544609
250249738
747801937823862784
728054823069855745
747609558009417729
728432764937076737
743091571680108544
333519148
634701860
2218555185
747174974272716800
2358737256
175459899
257192263
2948276662
220199635
4568112552
709973441697488896
405246103
307102683
733377753500811265
2723203992
217832165
742579802171924480
736973618886889472
745986286440316928
724707176250519553
128237530
745790588130369536
232043194
745702046150627328
3395646003
333660901
4232339235
152225625
849969344
745281056107003905
1098133626
745275828066455552
2257107444
388550842
469538609
3027151214
3983262441
191105805
744456392724127744
3049998389
170020061
739620183157972992
743993393836081153
2213281104
1967961036
2271773352
743276526356074496
270210940
3089374635
722398166
742389323882991616
3165343516
742835770340216832
742711173188050944
4043912195
722197487386275840
4153228937
53118115
291522704
208295037
1227759211
2997789682
141442887
2148378927
189761632
195546327
758925122
1511571978
288002394
372837455
356954405
737666596462862341
741383854854942721
374354499
932345112
212706307
210222269
740940238026100736
213799008
739682587363442688
739682587363442688
302809176
362260299
740176980881121280
212388656
73109289
739854956598026240
518090788
883500246
3427066935
732289911664037888
736675187740028928
735909510234181636
739670933900828672
738028148508491784
739598479564083200
722991476838420480
721408569598439425
739269751747252224
2170125801
738469551122358278
543316628
376599686
334264605
983317903
32693825
2988941362
720072712228638720
737943936459636736
175449012
3331507865
721534996624879616
228404488
167916845
261845966
369730626
408846109
983890598
2400485068
624978661
226833771
281121957
736787505517891584
3335832297
244103961
235680011
249993821
145389350
2711731390
1284378187
251636345
3406653028
735792039250382848
735811252266668032
365164517
1472203026
371187237
728041136569389057
182982968
735149397634351104
4062264148
1123561994
100358697
710362016
731683989396815872
124963925
1219818822
367970187
735532529625763840
1535238654
232349091
735215336170131460
734563239758024705
491758668
1722497064
734794417295523840
370484148
275653951
732368642168520704
214237018
705994828534956032
717098046211883012
734387406321881093
734189995469201409
272462459
2885737989
733927382369898496
245870305
280121658
246016249
256487245
281275560
407397682
733365806533378050
118253019
3318170182
2321137737
2493190094
725116618444029955
723382205775376384
352494299
728334246314676224
488228743
2742622359
191333473
113489349
703028763706191872
4585241302
3433389819
4870266171
197243100
725507168221454336
732709196622385152
1159019634
3153809654
231547986
275577424
108087864
722692376339353600
320287649
3265599546
548043484
1630411998
3398803299
250899634
732275313661607937
292584877
701887095724441601
162927897
721720724935864322
727104760202055680
541059424
147809534
338705361
1077080480
1641022687
448253982
190346287
3351948046
731521382127931392
357943411
715458563
730853685471907841
719549409256738816
725724929577078786
724777883923787776
718723525624885248
730624055024472065
204376041
3242715209
3432333827
2828816010
274809240
3293163843
3314473060
3387917326
2888777278
148627427
728322933811249153
814020150
83262775
4888810845
3383848281
2541810087
729090450750095362
223482200
136529257
302034665
558980806
196774418
728666167490052096
729685858501201920
2236537357
729459446431268864
4184594680
728803136136220672
1445360532
317231027
820008854
58702998
1065708252
216363894
4343312423
235582662
2407492232
4711850836
344881118
141257548
727384843143778304
728648685026938881
4830144784
208737865
87502313
3317764229
2522926924
2435981276
125754471
303923606
707265154
217970486
360352955
1951977288
3082893376
2480629690
897956028
727876782179913728
79590490
167393477
55828575
502283302
617549941
721909601948549121
723373256074350593
295461181
727578922213363712
2370639780
148426256
2452897846
208179756
4280756776
426054206
2869726304
122745349
726897596841746432
602044308
189738390
794713453
726809303970107393
3183134687
723568225787777024
626214168
726852795412930562
933071444
497544961
178786432
56039780
242333548
110042013
724945426567286784
4842279563
202005087
219090037
701840553537884160
4053235702
3354289907
526000731
301217674
726132967924482048
3323255445
75626972
632145661
188911145
707222926
247163528
285886916
719355569254096896
308862266
187267080
119794365
191447920
2436085831
238180005
698995266653917184
1545784842
85226843
725516545812774913
245427174
714492188902760448
723029243215654912
3454518856
3121771408
4213667837
721490413127917568
3590764456
316654219
358876198
143995195
160979578
105017967
2712216032
715600310094397441
119730044
258818166
206408373
716718706739568641
2811056296
139537253
933090283
172994876
704720148779835393
2782783699
22192568
237288962
142336096
4835176018
720018723680186368
714616131584180224
711217331683270657
73823040
194847149
325293638
131338278
401145322
376990653
725168956881805313
1317039608
236536710
344974680
119517387
437829331
319818333
4276209563
3054293663
4827828535
710646853
3351289665
4744733080
725020081860796416
3307091241
4106605107
240875509
939578425
248983285
2366125316
712384718910705664
2776573736
304978286
4258520494
359383528
617557666
4009552623
216839968
724741489557905408
424596216
178375078
724742793512497153
4509045916
137703795
197198152
978663246
724306170517835778
386206651
4494833019
312231398
226796764
3405044782
266157775
4836059113
235226017
206390277
197226350
393709032
235597203
383496198
294404339
3417134793
722211543803408385
215111221
722062209971589120
866507996
2576045503
710279586597236736
221431227
718884720
717991404061003777
129031824
146701011
320996112
241652465
981483086
4764749492
724081700469366784
378619817
165961287
535359035
4188769265
4875773914
707336902911852545
703898836
392381981
723999321612541952
102236961
362659457
825290774
374799290
724376783940927488
4334857227
206450212
235563877
4432750895
4867351119
497907113
214114432
215127146
2754940630
777147086
722810764780769280
556324567
724258203769421827
577816425
241613132
349424019
1723737728
862509462
3370847793
146029105
289915254
2470504713
69355539
717115904
54989299
1269584538
703428861133000704
209660762
368718051
719020624560197632
3550054336
221951181
722151123260411904
553957333
340609605
2810126570
1382070577
4020592167
723534638833106944
41264410
406775548
220920319
2242495952
200763573
722487257169534977
191634421
328586986
561634886
1037777112
3170729331
585957806
721519237324488704
149770728
222364279
465491629
366715038
713387349124755456
384437254
127613641
4434172463
723685196516745216
582844013
314373393
715710563649716224
211933273
723694593930305536
285336042
3322127841
939196884
4861842953
4806074895
723580533230428160
305189697
706940027033542656
193026115
723550499639844865
228865104
177072312
2641546815
2978542479
2161474749
702179412
223265666
143438210
721800616000024576
4265080757
722799502063771648
177217725
723358840587096064
723357579699589121
240088631
776385470
2750397621
148101236
4861672066
201071837
1035495470
272660238
84613235
164521973
3836592556
415664695
1352857130
745857296
359965964
538465839
604888024
714898243675635712
820576339
4866610407
281842614
721726427268259841
2462012160
611633208
334783226
393552943
2950327071
2258343865
722508235945680896
721808420295307265
114926172
2574678317
4056463414
711047770174521344
4903358422
592184001
220053421
1135478264
2366392908
2948355797
712817970721001474
3068526857
393651605
2398537439
706989713593384960
1563946086
716376951213178882
1720642969
172130214
127752021
1048146896
722480442738393088
522456669
722466985280462848
156670053
124204057
722069558866132992
3004554994
164046986
522642614
4335993016
1207000574
2741776888
58377224
208844087
86089921
563654968
480971619
1287331596
81985579
233546786
721548900491005952
4757446781
335619609
722206124536008705
302867736
824074038
355284067
3407064045
1326088729
1098237769
548055565
3292007248
722149904127279105
700500505634721792
2949414165
721796660939120645
1105052491
722091045941604353
2858001605
3432942826
619460018
128060190
953658230
213877532
2434797995
707233191527112704
199511469
610930272
518775525
2558096175
222328343
135998838
721933032731619328
116526275
216523290
721602978583592960
1515294181
506064388
91933469
289471638
145851584
319811122
1241851279
721859535716159489
2821405565
134518454
1605252234
3080112856
4831664404
720440623900323840
2373060913
208657371
721515740843663360
712157878354898944
721702497342070784
3293397524
3352758159
295951346
721521130197159936
3414196258
718647410197716992
720835140692226048
707675783289020416
138006952
720597053986967552
3303713705
4629624442
241974885
263914496
3835170772
3298495623
189744966
3083482278
1934865296
518080871
294295593
138063111
411789296
1959575497
335074806
202191213
273248331
716472121
719876142656827392
164069344
719566420946894848
62203986
197921811
233668772
3151939048
718866712997851136
85378691
276819637
605719455
701020680138137602
296627504
711374991510675457
2220368295
2757105614
935809746
703692242976972800
245612743
717769357150003200
83218279
46264264
409348864
709784084487217152
717131850838384645
79077878
1663164062
4662068506
195987895
1216384572
506281890
53772573
716842671344599040
701537485395009541
322322163
2966666608
47554692
442009412
104047600
222578140
4921712835
4700915903
1131499375
929002790
2981911636
705119439734177793
321036963
198340261
1184298361
246064288
218173795
713516065595240450
3461121736
63281836
132381983
3324418245
2472732505
50437321
200360564
3423545961
218753534
109460212
180211483
1039990626
66265899
2886941054
376381938
4402499302
326838140
1149861308
288077047
713757403590828037
158201348
4720436116
3434390151
712827720930033664
4872560800
713448086547390465
2646865647
65146846
3423549556
190830347
713049305192534016
2699632818
2758498025
564908788
2963377990
2369687415
580176708
150077603
352648224
712308983034347520
711928169767550977
813468583
2786941957
17950075
291998242
4291730547
1142760224
149025400
711381775784747009
711378051020562432
1305182690
112339287
108492116
145245769
3826755256
456263296
710007077641568256
710878185802633216
152871123
251551096
4799885489
4228380255
3826818435
4915677921
479616508
726369168
4346245823
81396092
98664468
246420589
208117258
185668234
78119417
229605642
4245879244
544830378
1559036072
709738999427022848
4174726761
2924699077
374154047
97270661
1340488692
709557142387294208
4268115214
4893550917
709486795424194561
700388238
240683485
3068033188
710360400
76540149
709196559305547776
1364694060
4253445016
622202951
212462050
702121250148245504
4884880497
708824103323639808
707045610562654208
333712365
198482048
3095682018
2745570478
4486800988
3167643676
212008378
707352079828918272
421547499
708325187125702656
1708173206
448983548
431956831
266344256
340751170
4464801827
706971641897738240
485325132
4879207522
707593780409532419
782267310
119786341
3309913499
374387456
3587328558
707075484857856000
1971776076
19434263
706935049254522881
4844403478
415765776
706851836024774657
1566147122
706614077381017600
706600652995227648
18731251
535051854
2752144792
706193663487922176
706180153014091778
770776466
38455462
705553310468673536
273281387
4844027553
705041353755987968
705220111372832769
705222710465597441
132596419
2905624091
705045561758638081
117184052
2319329476
701407945360285698
253418414
701808353610170368
4069197561
2796991742
2775801789
1310619350
315052489
3427310483
4870536184
704368997731590145
150643543
305071470
239198201
1344570248
2788018581
2212433169
185950991
457043437
703973358296276993
635485237
702648533757902848
249737376
2963149275
242504537
233523145
703393911285420032
700352841874083840
703140329696792577
1222303417
702992539125747712
702184126787534848
702235671562473472
702195243760877568
702241449677615105
4422131247
702009863933665280
1027790480
1318680816
854072112
702312451904311298
270879245
327557392
2447149382
3908698155
701284345278025728
325061911
1222101840
512870591
2924811325
701476432854310913
4827553754
701286471911735297
804841531
4886425990
3593759177
469470757
3784842737
4437327496
134214266
385252664
138259031
4922021645
350621927
4923348369
2429387123
3117280743
2909232771
4915945095
304777167
221897634
2952305674
204211656
493525899
3922272995
167675819
4910401181
2720065587
405117817
4907681105
371016055
220168232
3324042723
4896437687
194193284
3407603001
4784699237
4903117792
278666145
552923306
283291044
351147497
2544674215
189427336
232924140
212846433
2423995544
4505984075
2586546277
4899761477
4899386789
195466013
2780390122
299330354
397031585
4865220652
4894994145
4894179723
41888704
3693048375
296072370
3234525346
3370179976
4886364243
2783241745
364465244
4890564743
227132814
4889433291
3351248944
4889854528
2247831482
1402674116
859944320
3404584995
4483953340
4885477305
386340440
336830974
4861443534
4855668659
377131077
4862474718
4877178755
351782824
4769472442
390477269
146203202
1013743975
694984697441550336
4855622414
4869877805
4684616844
4871741889
630860549
307620696
4400540355
2325935377
363993509
3588682947
465874313
3034068543
4871401665
4827903539
2189019188
4867475009
4867521046
266062072
3105998877
4843968393
3921708982
176490134
310365367
339156948
3252877443
135677145
4863287103
4862705643
4861931267
2417872612
215758044
4858299645
267452470
546344636
3891196337
4471295788
4850191019
4476933995
457018796
4853443221
482629489
4613013076
63383946
4848172443
600105492
4845887884
3315045347
340980962
3538790775
3294256711
4844215594
142838292
2182732875
147326302
215075297
4839813977
162763481
242583455
4838893444
4836899182
3722798134
517780847
858170384
3252690719
979457154
4831189301
4716691462
293214899
4825164687
4825164687
4828790363
4815654965
4779096214
23112568
4790254588
4827656129
4828080358
3010631183
171086201
4825715019
4824509283
4824267845
4824200891
4790849602
4823712358
3004614605
4790534488
4531784057
4819282949
4818289691
4815578668
4811405373
4552004655
213936186
4799772556
4680111186
4613789549
2994434374
1110248311
162263919
270381641
4716394708
236451003
4786943433
197437858
856694010
51470355
2853620559
4776671974
433913729
321628370
4303402227
3018339435
4765973722
3352759227
4765355494
4750798695
377708064
4730937678
2942684219
4748038475
2748302159
760491817
52552089
3388253715
4688395878
285872865
1613181344
4519649356
237090679
49146100
3053767732
4727519440
4727193736
4725384256
452805649
176327740
4721131547
3401768638
4718816001
3245218300
579098501
4711167442
4709417476
4708910417
3838505835
4708221627
4623130335
135034429
3364389017
112471549
3615487755
4704014298
4492339341
68497106
272783305
176595808
4697204660
3912492323
4690286774
4659772768
4646936417
4655857821
4229433045
4647103769
446803440
611041705
3654700155
483925959
4642564169
4625569966
4636991308
4628322615
1280826367
2796246316
3330339003
4624878621
4623201047
4395420683
4618095741
4614637949
4613012566
4612819725
4606252221
4607158762
3333467523
2592896913
1349188974
33106944
4582152147
83739373
227171133
3297345171
3240925306
373446220
325808755
173246675
4582191921
207844920
3484964836
4571095713
4569892941
4567753769
598908977
3290622508
204952361
3358951031
3524840775
4530968057
304634437
4599163178
4530319823
4529919437
4528889302
144399499
164399187
260878510
2747478635
4526296517
4520902654
300021258
4519893033
3670564576
4421420607
4579188492
4378017796
249346192
3903891699
3355971585
4398850757
3815926035
4364850496
2962435133
4561587012
1314600048
216138919
199827227
350570712
468597184
903251612
206048105
292883819
476164077
2418280965
993408392
4454595561
2519008071
153996841
4452145336
3302500276
4445937856
4437949947
418257025
1387387040
429299774
390215702
4418395697
242187474
105632788
4399637482
4409023227
2760894066
4130163580
213786097
4401014609
474213313
4397820041
4137409641
271778195
182105447
4387134987
4383987987
4174276757
3352414803
292352078
3044390438
3701590636
3656462896
4364769269
3312695331
3289585138
3350593396
140162766
4214439921
350525705
65687995
197217083
2336813267
221042975
271990990
4351383045
1475670738
789183770
1594866396
1170356784
308028403
75948528
163516170
4334441717
816436681
193994513
4342061973
3828193163
1319062506
4334187393
4265773996
1574464885
3309732633
4064779683
133072743
1226682234
4308977597
3843451655
4295554043
415106102
2904070101
4288786641
4285323983
1388338764
4279427548
4277670502
3590249597
4274435733
491418233
4268132356
349267495
4259575750
76278025
4259181082
3312524831
4122405743
4218767242
18795704
2500354369
239604405
4136874196
4224026656
4114963649
3974841203
3328623227
4222192961
858906122
72734016
2989125459
4209392459
150270528
4209625348
4202241629
19969673
3291400275
4204303953
4197602901
4201607787
2549508273
4191282609
288338842
590522905
2148942321
2836352764
3386645374
206330607
4169982322
1872303643
211988023
3437569019
4175737497
97983798
4175423897
4175433257
4063539323
4174314225
4174280001
3353241119
205368876
4214945592
2203740830
3346785143
3614933788
4164636329
4061146191
3611347995
2552937008
3121482379
4054976968
4158818680
4094005522
4151859977
4151928748
2993333025
4145836685
508202597
2361905727
613453366
3983030127
597499597
4108095797
3633697455
319168075
3247118658
4124820315
4124431642
3680433256
4120293297
164843710
4109140653
4057603227
3107918331
201362887
4107578008
312909245
4105586145
4102051931
4101197248
1069926686
3250948242
224886921
4098960017
3355791951
3975021166
4055753915
342611397
296991059
3089439688
3148997386
4072611203
573378432
4078133123
4076723235
4075549817
158863949
338843103
4068977777
1869438626
4002264199
4064418383
282344565
3296135566
1498225940
1037593838
276814946
494673710
442230792
4043411278
202269571
3401911089
385667846
93693939
1020022435
1487944939
714670710
2970018065
4033660575
4032705735
2745302485
4012334296
3991217621
457848489
2465476401
168514252
4025897481
3351298036
89503756
2970006483
3838211427
1529240654
176454387
3312665045
3754323561
3892527802
3995076977
726408504
84120677
269960044
124007924
1110456745
487057320
1475337973
1039826695
48742309
39279107
1375513010
1214197657
2869814837
3994250307
442102626
3454083196
178076919
2968079493
3956533995
3983636409
3982154241
1606190767
155340786
614577435
336157667
3420646631
345720859
3974023137
3974972417
231508130
3363333239
3939977548
3968542935
3961650857
3965263943
3940338400
178413649
3883964117
3960828322
3751093396
3950637315
3900199666
568801316
3947218066
242585708
264331610
1059391020
1163734189
874171525
1093226274
3923029156
2798875457
2980819140
3521206993
3933910949
363151887
3876994444
3927595517
3920628545
323368375
3915586823
1096451858
3910466969
426100552
3909407415
3693246809
3904678396
3903548301
185731265
3902711716
3901442541
62988034
3338115592
3436883789
2966412327
1383180146
3794500397
3844593707
3865632562
3881368437
3876311355
3875651957
137468167
1107646862
3871442241
82673624
3609999376
3863138175
3835266502
481685387
3856015347
223562802
3847326557
3042181142
258565371
3394579521
3396002007
3396024309
756510228
429697290
155198758
465127354
1151982270
3809643795
3507952277
147961117
450249122
3799062141
3733123096
3756309321
2926266304
3388199691
1689944059
276318992
3788683821
353772614
3784805554
3394503495
3784281327
3783490817
3779898617
436138204
3772320615
920239058
3451096457
3630564379
282678570
3759765855
3739528396
3691517237
58011996
531644387
3363365135
3744227536
717558412
3743839463
399152619
233362018
1726591596
3735208103
3723805103
2473994060
3719582177
3724256955
41137771
965321210
3710092043
3710196689
3699257115
549671222
93777204
230847076
425845421
3700888395
3656373201
232089994
3698402656
3694156876
3677880688
2489854302
3353593493
3688723995
1553731772
3688038315
289134979
3646748895
3235813708
219059116
3680435955
3676792348
327151984
3658974255
65031876
1483620176
3345771401
176967282
3666056355
197073104
3664230382
762876858
3477103457
3659708775
298070873
112771679
3637380257
435165280
467579858
3068524139
3639596061
2895177185
2749462803
398355153
753987355
302398940
3631884315
2947062713
3432274577
3615849441
605831224
846558499
291195018
3018630123
3203574772
3361818573
169590801
2912073341
3593364563
3592506977
498204102
906259476
3589378095
3433653178
383887541
217478491
3378921323
3488882472
3336647949
2968836904
3582371061
275178249
3579752835
397431450
949897206
330061474
3414069616
195221030
231483093
235014690
3567852982
173115121
150019652
3198688109
3567421695
234905866
626684246
407828521
118825982
3557270355
3556284377
350686579
54621175
3555108315
2897947250
3548033068
3547526955
3547231107
1451951233
292324305
1625295601
3527128336
3537625396
283857754
217465208
1857826284
3528060677
3308125237
151884834
139146705
3424234695
377333569
3329520555
3517392557
1062105398
2767396024
2559688017
189780232
3512752817
3501124102
3507087015
299529450
261467686
3505069713
3504161237
3228227243
281328659
3486545536
2413260128
2455998194
3491831057
3436053387
3409196158
3318106126
3430923935
3482690601
202695851
3302302246
3386631273
3416333122
3420949108
3303641016
3333756737
294340636
3472810397
207265308
3453605902
267309189
2899534552
39841681
142528136
715187577
3430704617
3459737428
469090553
2664754652
842162696
239947833
631147210
3354966254
179366133
3432845476
88307988
914948468
241732983
98786794
171982174
3365939985
3397208195
959231491
2364158765
3442579036
3441127756
3422323191
1310329160
3249595473
3438560115
2356915856
3329554758
257529314
3434252753
929644760
1639260985
3432749847
2770484890
2496216106
3437519326
290337640
2903605149
1383244982
2789049358
3436825289
282392339
463608884
1630805971
3329677257
3432965302
314141090
3434769491
3285724030
3303668181
880498759
3434399057
127664983
3433518101
799568676
1725688232
380452897
790581114
167915101
435104364
2156015526
412019387
3392711302
3386653403
867261013
1060910299
165977324
3431680311
59913013
41115130
3124135480
246859260
585050290
23796760
331163235
1387735466
3430516683
3426949847
1486068192
3405272692
3291184962
366070152
557124786
172380585
377096478
3428834171
3392205849
3428591278
381146462
3428242677
3408677272
3154733786
267292029
3427318108
499451385
338819719
3307733585
3421346409
1451461508
350325223
794192666
3335744037
441203187
3425122265
3202803808
125220359
822500077
2508854936
218501744
2375595337
1887405180
2342462386
3424274331
3424180144
1636223910
1662597932
183695700
3423418455
462316040
3423216675
362759033
410736966
932009011
253555244
195945390
623008452
2934537875
2965320196
700022400
3420390329
245688005
244298238
3396249161
791981288
297149351
410226202
2549198188
3419020978
3418924384
51914907
501832250
2195115559
1056314622
481670711
3279941413
3416638803
3404078841
1358328673
3312815960
3379903311
3079256850
73916603
3394980292
146713723
2432382383
243443085
597864371
1588401326
3071007863
3051552385
3409679344
17454333
2342426692
3408740757
2830892984
254264639
177220963
206000934
2990224978
366893710
3291785956
3080796489
3407683180
3313896645
811364215
221478750
3318042251
3406596647
431234273
3397392381
3406226549
584137343
3405581469
250445441
3404807620
3403451195
3404619610
2324011614
174911522
3403278201
528077518
3404587792
216451585
165605226
3390558274
310312144
3256958392
2344246714
3403145350
2850737073
3402241930
3383630369
3377141225
216827086
358862217
215124371
27768971
3393854847
3346196109
531452455
336205146
222633422
3398676261
226295367
257185385
194333610
3399166031
2277513670
501996425
293709797
269174496
265151481
3331902117
47208927
3319443137
515015996
1087525188
3397446754
3337225943
3397806767
40050160
54949603
378196611
311141338
3345076035
1552028186
284096021
139742379
396310725
3329883125
1080887989
2800455333
833142408
847644816
3351792741
318648773
3345502179
300401717
394892403
214189136
177825791
173306598
189149447
177852719
3312624633
296274425
509725807
390513817
398368546
910099250
880077727
274340416
28527577
3396442569
3396488769
3157574830
3313962946
364618793
1928079924
145418475
3290922966
69671133
453337770
3354233099
1216365534
242385870
2577289568
3395946946
3395688741
2957807890
2742634172
3333644639
23694244
245892160
3345067552
3392762345
3390351178
2647389508
3394227561
323557278
3161085401
187346598
219772803
3394059082
589181528
3392149419
3392852614
3392529381
41901791
3355368015
3392008593
584846382
3391566772
3391285767
3298880546
619275992
2179486709
61544567
162797877
3227240101
187724429
1072488217
2580474861
256384568
218521421
357527707
3126555490
846198450
314902205
247416216
241184614
915657343
3295967786
67039973
292706673
178071889
162841844
3294404000
3113700773
3293936264
2891642969
3293489618
3293439656
222929074
3291694987
185632245
1554102068
2954988274
264210152
2575635243
3363625060
574098338
273054225
3288775740
3327658493
3386579920
708095143
197176203
296575156
2828476055
3047577227
2829437914
3289204753
711229884
269511178
1020824990
3385149298
487655473
2732580160
274712870
981082080
369303759
167060403
253879702
118794954
173379684
1154804666
148522089
579583791
2184898411
840415014
3385172421
243010036
80969766
3387259721
3380748988
3386240579
375226585
2939238701
144220503
3382363391
3356296419
3385123726
3323775155
62270477
3182695997
3318991025
3383566857
2966538213
726068137
510863858
31154929
2971819432
3383824137
103001618
214289752
3383305264
246452514
3382442805
3199544717
3382369612
2427624012
2562535317
3330860788
3381030605
3380981165
3379919265
180491672
3380617666
3379950725
3379780563
268855721
192323070
3342504424
3378892547
44131338
250366695
3378181301
1668733669
3378105369
146596290
974352224
3377649250
3374995732
3377523675
2949774335
2579636672
3377356137
3377308013
175437014
2788589118
118593443
201003352
257506365
3124274993
3376215933
132787157
3367062821
487891816
3375120172
50015710
338690734
3374392427
2209481188
2735797330
3373923701
3373678881
482559606
2534270032
268946819
3373208218
3350869479
2975546059
3373004536
235161338
3372479393
877089644
1546923558
197247327
108703131
1026873211
169564363
3142513265
3371645477
3371555235
307658985
3365916958
257543430
55389800
961400413
3254034216
3329730537
1631280440
3370215449
3347840775
3165373438
3369964383
135595962
708359170
234047634
2959390365
2881158318
207293761
3369793257
3005579367
3362746329
174446418
340758101
764990749
3365093777
204838659
3273367297
3235334450
3355948306
224405653
332579283
3367866239
3367855888
3290307087
2731437729
3366993922
3297278333
260857882
3208907950
3366527417
3362994358
617582175
2901515452
3347082237
841948002
293637296
1388550794
3365381513
427701510
311732958
3364720443
3340112206
495527649
3364939919
3364879691
2933163766
3278537128
3364609007
3340368855
3364628110
3364363689
157370882
3122661386
143929178
3361447660
3363428069
284192887
135310111
3085843220
3274026545
3362967940
187675417
3362747855
2217785400
3361687161
3361079549
180096441
2358465661
2600337038
259950356
1850369868
139558332
174509928
198187499
3361196800
1020741769
2485575518
222194874
275323829
3352363793
3360088432
1468795308
232841961
35616190
3353419643
3359572294
3199785075
375184333
86758281
3037874319
339970342
158961298
29564055
3355924132
307074431
3028156219
1644160147
2303957437
3199605772
3349077863
195867079
3356093603
805579902
3357383620
309092156
2912042181
389875265
3355661049
100378813
3344868719
377661799
408204027
314188190
208833478
2953143633
2638759199
198716660
1613772217
182083404
234933458
587569145
271780407
3355046937
136420600
3354383861
3316619459
3265494462
2962355637
2869933161
172953972
185411579
182394589
3353247292
2404712662
221916152
458554370
3261379686
2940214709
443108867
202266180
264275919
3333864269
3303174832
3064025951
2743518968
335603237
273703825
2361207098
213173763
2398245915
316914395
3351450485
3050801887
2858008625
3351149021
623316947
295278937
2872299597
3348608927
352545063
213552599
3350234308
26129935
273729410
277765084
2267165319
3349453138
552376615
155443205
45232343
3348362877
3348113073
204827530
94836396
213765677
2521148712
267955410
2179128816
33491809
3246091999
3346594415
3347160101
867270248
488099220
1714331119
3304776993
3346607103
3346567923
401419395
249777892
40139557
301112541
52316534
355666423
141008645
227752213
385777761
3339331013
2268154589
3325577633
112041873
136813961
1660041362
3324670954
3316389255
219140916
361590603
109903355
3318558335
272039383
249918884
85640276
201434892
478101204
3319107922
3346179981
292659051
220794896
3325991951
197413597
219649926
295888447
252600868
76807224
102054983
371969346
177030185
220889623
168865931
3135242722
186353726
1522899919
739168657
3345495251
2938951545
2929579347
3252970500
3342248626
3344470023
69293083
3344170061
537685590
254243860
3166436572
3343684330
2417657315
3343597552
338417810
100630391
3343390030
2954163622
238670719
297823671
1262727630
3342817133
3337854519
225025158
200409776
3334645179
331364707
2860794635
51579951
297084904
288630375
3177269741
3341819181
2888399373
3341930926
200966400
3341482991
188815376
1433730650
3325941795
3340199291
2376230076
3340205141
39314353
237417198
1512357812
2977472842
3338132164
2441743284
3337822773
3337736285
3337611501
307033875
3337462521
25794765
371515987
3335389954
3335982982
298129965
1058712199
2774033321
3291440403
3334992129
3333537826
155375958
612076710
500262786
409745458
198416730
366412546
41398540
2700469600
3314603926
257595027
566855407
287272988
87567646
73443551
265042876
213922328
368400275
1355799103
713205806
167338416
197187671
3245646073
67442905
3333135970
125755369
3325587777
3332655826
55411864
3332225794
407286347
3332027187
3331986303
3331895188
320024150
2328312974
527687087
3331466500
3327689956
3330537310
297258300
341880458
154653494
441402652
2270736115
3326141759
71170899
219482580
3329994335
125801355
538685009
2273757180
35607042
501950256
213014818
348803707
3329436387
3329440821
960581618
128431532
295019245
283156557
46144493
493241504
157847914
296686418
726805848
225947402
3324244121
420697834
1554211320
3328025938
464941768
291779263
197922665
17815235
222812182
227493694
581201788
224244724
52656728
2957068905
373020442
3153164842
256258580
3302335293
2728448886
91337310
313676879
133876875
295009884
532594514
1511765604
222717943
288608434
3142432941
2960932751
3321532271
2296625834
167108921
58256473
64210755
820455212
491510222
252848714
1623464977
168007819
39768461
286261548
241244372
360242080
279199336
242786487
333119113
50845952
239186700
442395137
83988761
91363399
131273339
138540250
33782132
127941995
3124964718
1310631409
718188003
572890821
2873219581
1067400133
130278593
2922237659
142901424
258358899
3134130960
260400200
264175321
487192900
149554128
232957661
51828015
1354722848
115133679
3326109496
2964380164
3325834961
3325680207
213140866
215320434
945210650
2444141941
221479769
3323955574
3321916139
3322897613
3323903829
3308583243
141871539
176292439
3323203732
235698164
119881645
1123287060
387347065
877691840
140071551
3305951445
3316333853
776836471
1149729439
1354420506
87742801
215963439
3048295946
245154477
150842891
15723272
108429548
48771786
65520202
1532598306
87607988
3317401757
3033720034
271647428
3321007829
716941515
123339669
2885827155
165545736
2557447029
3319799302
3319667765
221198778
231897092
1531177464
3318123598
271014127
314889079
30520685
3311312847
249392356
1499730834
626865121
3318448613
623196479
3249113339
3224844831
3318114063
281205535
3308989390
360726183
3188623563
365294167
220118343
3315891351
2873948637
612927564
3308510109
3313403164
3235769089
3314209833
2897793166
3313782981
310661837
3296760664
221528137
518471418
201501306
3312497957
176473802
2290372662
468014370
3311176132
3310999989
1074940339
1126171627
3309721259
588004816
570884210
3298362515
2995064031
3309448839
3300377985
290660859
480924884
3308646717
216245876
3023514357
3307123965
3239528452
563407419
216197326
3307253079
131610725
1442286564
3294491181
237993141
270360369
1898612671
260755179
249767966
83705403
519947399
3306222837
3053177132
3252384508
3305297938
3306054195
280126721
3306013931
634447823
3305779115
3292996971
2592932695
2924013269
625769650
1897751137
1252859934
2418534335
3304848214
176422596
3304413622
3304116921
3304060793
388078231
3259314839
1482888997
25538924
3022728257
3303178690
3252860302
3302841401
8345562
2429831329
1059075793
3301705215
94172536
535868968
2946835720
2992565067
556824959
3301117437
3140586584
1858551456
3297969256
3106389611
253354738
3192510473
3297330363
3084649318
3254959049
3297246147
83516967
2287129010
304058354
1895023424
180909796
118805731
3294596158
1344434052
3298189828
3298059767
213495073
776976096
281549286
2984776599
452464615
2167278384
40123838
111788102
962244751
1365575623
3226525643
1682072137
3295915797
3295872453
3295740831
3295344173
3295142073
3294848230
3199797065
1489144279
3294234034
238750488
1894820532
465794460
13178402
3293369783
2988744070
3293213734
3222545736
2914119596
3221914530
3232141612
72302640
2213980139
2997525564
3292057649
2784567519
3257428576
3291798166
220082512
3291601312
1620836154
40110859
3291302782
3291236013
201282568
3256678163
3001434978
3290724921
3282546777
3290505651
273761532
3254884833
42312536
72421984
160210975
291462458
3290169352
197443289
2533719020
3290288459
3244837641
3240961228
316595602
3289642990
3289021851
3289049231
3288943169
3288960958
190436354
3288567819
3288593171
162817211
1411873566
3286394859
387768662
300655222
191181840
22955551
101635534
1706162426
69419336
543946886
196255673
3217706005
2957202754
2984866622
365536028
2936926066
2743528211
3262274590
1413518905
3248914311
235401930
513886485
3259152539
397791357
3258574439
2935840180
181917134
50009414
1550685702
2973698883
2998297431
135253606
1114802936
832486046
2986400932
279164028
144921104
3256774684
3256580325
2529078982
186628080
87543287
2559561259
3255030946
1458010477
387418252
298169946
3254875493
3252260723
2340824761
3184988223
3254624811
3191617699
3254323930
41157857
2401112659
212079473
3252961893
3189040271
56411451
2738279399
63820578
2831062947
278757507
2810316629
3237077908
3228767121
160700368
382957914
2825036624
3247246563
1164276061
3247074765
3239496087
309991665
3246611001
506032332
266368274
3245685333
3245479575
422109070
353980926
384581029
3110483176
977604475
3245078596
256670251
3243653728
2891668132
3239328723
321575789
166712774
2971799619
3174685965
3243950627
3243773007
3243473195
3243026848
1380973056
236872420
3242916449
3001895403
105909009
3242799166
3242516037
238681343
3241887897
154299102
3241465595
3241457069
234502611
2949906568
3241181979
365293500
3241079879
3071883002
3240977349
3239803162
3234573267
79562757
3188116691
2978212006
1973378064
396924577
256540767
127999684
359638255
1708694701
100566257
3062019639
131040532
3237583727
3149777757
295311722
326368183
3236556417
3236203659
3234926517
397632308
163695505
74950710
3234812223
3234776309
3234359231
3218577747
3050582235
2690658775
3232111341
3232064175
177380827
3222397756
145408342
2948223256
228812165
3230739447
357865774
3229431502
3230380486
3229978089
2750503449
3029204008
3229703350
467753441
2701829414
150543576
2732027866
38714772
3134886045
2225059287
557154508
3224995384
16202873
295380321
3227000303
122180314
3226370033
3226173077
66043816
140681526
297636812
500530924
3225430163
3225521542
2149663956
3225328481
432803367
2220673702
104222150
310034718
3044773070
3222754558
3224409369
267146389
194293499
129829462
3034695137
235243467
3222825227
2579824297
32179224
776640644
3161809804
2966225985
234702204
3221913220
2765800233
361553328
180242581
348090508
3077918543
209641614
352179845
443248320
410413153
3028784288
154756498
2765620515
3219475744
3220033697
456186059
2850831657
327005097
1320894259
53198593
242414574
3208428279
3218053984
92679669
3112387415
3217368077
3090468407
3174877119
715227492
3214635555
346854560
3167411170
346349929
1287231702
2890159677
383761928
1360720213
2711744189
3210541162
1888108082
1385209140
3208858257
178535035
3206551935
3208124992
2948573955
3207523883
325201028
3207704675
3207461621
2365844342
3092686822
3207223360
3206929007
3203380816
3193376595
3201354071
214602602
3201520570
46710961
3203117404
2182139932
172242676
3169847270
3144080279
309461861
259495218
3202093215
3201168447
3169705153
571963277
3198969851
2163547363
412745094
3025277313
3198816430
3195880918
106446352
245220717
2889990688
346228660
201920632
2384078984
3139101095
3196299797
380083793
274230293
2910059591
179676978
630466701
307680502
139503353
2463490842
3193144697
132197880
14842065
3192803734
3193003235
2321069215
3075749074
3167424412
3192386009
3192015544
3188826537
460517339
1973173105
3188776271
3188646250
3188116702
1031375779
2898083193
257762027
2972619484
3185269829
49800659
1090620937
2830620191
3129875367
3182919663
3181265925
190369081
128390291
370978498
3181284683
90428011
3180561088
3178517494
63234021
95236254
3177661756
422699105
175510772
3171153149
199019931
306169504
3130495703
3174290895
2952359722
157772520
3172659305
3158901032
3141388407
2462266542
182521657
261900943
3122284881
3092214900
3167854396
2323156195
3167607508
3167513494
436014507
435935409
3083248657
433098337
3154291244
3153989112
280124357
2514302395
2977284371
851922127
3165369417
245053027
3164786085
1089284468
1705728602
3162045737
1459987279
230023992
87850670
3161696609
3161530013
3155020415
939974990
878409354
241695147
3157600403
278562933
3157972035
2535533800
144346067
2844237168
1095228998
338413863
2903288153
2722915049
3154924863
116820328
3152858944
3148784119
3154753619
3148672045
3154374561
320434552
3153969365
66522359
165934831
3082589913
3144253317
3135920470
323409574
2988483676
3152361273
1146900116
3086357540
1165359786
2861996206
2821675107
3152442748
412587953
3152082965
2961338349
2798486052
3145286145
3125380623
3146705728
2286226609
1884675601
3149036086
2883186707
3148834283
3105552053
3148700818
3148513071
3141214911
2596990358
3148029395
2978809941
249369602
224268438
1592177916
3146130341
3145383280
179517108
929835253
2932466338
551248848
2670737712
77765424
1404008774
3142652159
765195416
1257439256
3142366095
2984964587
127849393
186333281
472242475
550688973
3138635866
2178958097
3138363203
2710742821
2490820721
3138038211
2455344629
3137483643
3050277429
2874082167
3000834556
3026106354
537411206
3135479817
3130395292
3135248841
3135038409
3134709622
296514724
3134058946
3134136631
3132422860
46033619
3132122097
3122622028
3132064264
2949113428
3131923077
582840448
3130958674
3131695721
3137520684
192019048
328766569
2741001893
2967334007
307025601
285338617
3111685931
592848023
172899795
1087965428
3131543439
3135506642
2447970910
3135012889
3134410789
161521245
3131426655
3131474686
733082833
3131411590
329470180
3130692783
132759996
3131201783
3131161821
965424762
3128380652
3131186933
2944930264
3131176601
317807823
252644062
597764900
218618200
3130893789
308598174
3096899482
141399152
3130796511
205350578
294982557
2916022371
1179981780
3130799795
2268140314
123102981
2218788261
248252698
3130627378
3130539225
174299405
259389024
263673949
167160183
220667013
292121021
3129922245
350502739
160002025
2374137156
881311436
264211663
339055305
222204732
3100428610
197491090
3129416650
204805796
3129315605
2371202604
105925559
226875590
3053476967
3119280765
3128398258
147058837
2389260764
3128228032
175073037
307538421
3127723349
221371507
459358720
3127421495
394240694
96811726
159319331
749438304
224691421
269810058
2947231293
3093326398
3127070848
238176577
3126873531
3121557593
1558777202
146168668
207679031
3119245528
464917345
2885312008
443076236
3125869719
2947726870
297677326
3125592767
101888031
1529652696
3125350239
233592224
64651013
204920886
239353395
211747374
76661600
67328206
128029471
202945297
3125203918
3125086731
3125112609
240578543
3124861437
314293547
3124498419
109111442
575907916
173234176
153085550
3000519216
192998091
1511928805
748038000
539243459
266930432
3124367823
186611656
148844269
35983204
242431890
234194337
207323071
198727174
512443953
3121694043
324068955
572003103
180358372
3107984737
235730417
162265342
156490003
1194050190
176649752
2854241381
2836889088
2719338407
279598063
2881775955
338732858
234741395
458633058
532274053
114705345
3086721000
3122663032
266403825
3122997341
234791243
3122822517
2924985728
64084399
3123012430
2441975029
3122901927
3122999980
3122976136
268302613
815664326
2788231288
3119958592
553947780
256188476
322909244
3122678919
3122649437
2856167062
363303072
257948712
233312140
3122562575
37710925
295372848
2820405613
86930766
197192301
171085230
3111724225
287226822
142749289
3122194011
212813245
1972846933
217863914
3122278480
227495724
413304233
3122250802
3122174483
2162126043
3111029684
331614137
250753430
2784008949
160627794
860288682
2177215607
3121557699
1352782902
2904717659
130672535
3120320619
3121633810
165077341
3119234278
495660198
889317319
2872539425
499324530
2476226894
125469146
3120281051
3119766519
3118942642
3111985229
584876006
3112493531
1342296276
2494619354
3119219375
3119136136
257143446
2862429010
231267244
476077305
141710783
772683385
2914760547
328334620
961626930
3107990389
3116280323
151657786
3116060494
3115875399
627856746
3105269390
3115503605
3115419370
3081586475
3082686783
3115177211
3115174774
2181327281
2765100059
232282877
3114212771
3111897599
3003954363
3112462289
3108726424
3094787097
369848710
2765517940
3111481871
235032575
3044884397
3111240191
3111117591
2843080895
2869601399
3108741251
3110880754
200641310
987558350
1347989522
3109256721
399104476
2969072477
3108651665
3108583317
447414654
576803184
3093927515
3108011259
3090935347
3099641277
2428178138
406012738
3022188556
3106688218
3106499175
172923909
895446098
3106407063
13905712
2178230944
380711097
405309559
3105680248
3105629991
3105696515
3105619947
3044741575
2371049018
18811660
297660060
2916767153
3104285007
3102286098
3103294750
3103125695
3102646085
1725599617
39890370
3102792971
54408933
3102478479
64278590
229548597
1398293264
351108510
51307606
296286612
124046385
381462384
234414355
3101968629
3100434652
3078176846
286366505
3091412213
18918203
170905781
267302940
505075988
3100449861
3079213299
2975643112
2753033643
2932546228
1900867158
3099616324
478241870
3099873947
3093425290
2167316975
234428604
3094242800
3098322550
3095908600
3079942256
3098156315
3098116911
71574392
82966211
3091329623
3097376775
2400970581
487186888
197181441
3092096174
3090217776
3096296980
3095935660
133107698
3096873997
3094927802
3095591367
3095589454
3095079383
227546771
41289451
3095023175
3094962202
3094715998
324059034
2973240261
3093829984
3093757973
3092657248
3093335693
3092813363
3085448254
153924427
3092789572
130283824
2992512377
3090475609
3090475289
829989840
3092621951
2975412074
2940074927
887616234
547310693
3092611030
3085682756
2163610359
3092489271
3092477517
3074435728
2882084156
3092454105
1210819453
553871660
305112174
543723131
230900273
216596418
348145591
3092373339
3082055788
102718236
630544106
330564437
1254372410
3089213623
172806765
175467174
3066095639
2746040584
1028595649
3092217321
538469428
3086847409
3092276080
2388103692
1402434654
3092269246
3092177081
932870041
2912090165
3092096879
542330168
2810171888
3083310919
3083212261
35507011
3083109037
3083072408
3082976072
3091824903
3091780803
345616941
281831906
3091599388
3076340530
392898238
3078914947
3078787717
3091408239
3091453348
437052475
1222405368
3077192089
3091379716
3091329119
3091315397
489582706
3090632771
1115141996
1677201626
3090523001
3090316011
3090269247
3090342431
2965047747
3090018525
2900108357
114917569
3088958447
3072880527
3089108579
3087578956
3088948834
2857522264
2924085715
3074615660
122571258
3087823918
3087647763
3087684905
3087438027
308508819
2562514033
3073907706
3087520547
3087480297
3087448227
3073603002
3071922308
245490550
3087352067
2457441505
467818714
180280204
325623794
3084764560
3085265415
3085164273
3072007272
2722249744
3085018311
533192261
3084887680
3084750309
3071874667
271773526
634990482
3016872076
2887482263
254876387
201799868
134877293
301602350
307441611
119758570
3084029015
