207558348
245981279
220201164
730850288593043457
2311807734
793301571874484224
214309764
793098004429283328
311037537
309203847
771013871893176320
787788371057844224
786423144684851202
213696767
783713995484168196
149663805
779894246715326464
764860191112388608
774662158948896768
746859148839620608
762831730579472384
179656722
758696712169029632
757505392201048064
235836337
4804704447
1347493472
3235288550
176592888
739972797116653569
2232410761
493729763
730892013802012672
1284639254
4842792987
319148841
720794252012347392
2795898048
707286507288186880
633889954
704670095642136576
96838382
703720052516904961
875961830
305847774
4890670144
4886370646
1029887588
4836192706
4721973563
4297642994
1357892875
803215567
246517318
2735181320
3579576322
193351042
306231868
430322466
262348906
3426899835
923671075
1102188661
3291420540
3289329415
238285140
3361338754
3323901885
2754631304
3341885103
183542840
207355263
3290342441
3225620919
264507574
3152578925
741342709
1135376294
3069128266
399048656
1064592932
349695601
2968991050
2963026341
1118177394
505113017
2889313949
2470421828
96141802
2828798103
210695266
2745969178
2823468918
2808252848
1115435208
1155824082
952577906
2526081833
245969226
234216623
99593125
2180654616
329169114
2369830457
378119279
1453240213
2347397767
1584184826
2308886415
2264368817
2276745342
2238157153
597862060
272249632
1955159564
2205752995
385398977
1669644782
1588017817
985456069
278260445
503929892
1854568021
285249651
885225732
1736818903
1739843131
228521814
432157192
471579606
280687345
935290514
846446682
243934961
216869902
1607162750
271415561
183366427
169214191
249934470
1452535561
1571783612
394346391
418830411
261042470
244991404
497312061
1461097674
975077365
356491659
260931035
353748160
1048418113
365180871
191286098
1362370958
1334116470
392159070
485094548
1380115764
115760477
1329231799
266884229
197145588
1336628298
122491787
276671268
327534450
212672434
389185452
434575084
1265906281
598685874
276186337
214944131
463190268
242560449
254662681
328043826
1255107470
221506560
280246113
1161463056
202737526
407791395
256168576
1087269414
738031075
1119436922
415649054
607421486
1018700234
1067078300
318155985
261658727
1065613124
255302408
629908602
141615854
211593004
386280302
188438626
147036462
831945116
1011198470
307167486
357604372
554342845
515717303
475337272
611255602
315319784
167982479
936031986
143563196
900197376
897737394
897693258
834580166
887442931
387243232
219523639
484272925
878489485
344797634
844075448
847982468
543867742
257986262
291289691
546209761
221425325
229639308
838874322
434961550
586251501
273631746
194348972
470257121
481533728
553678268
609254640
229872595
224924691
477335658
328293813
301173452
246142120
467649974
372984724
757779865
753846816
212107440
244229000
290188597
163715065
260409210
612936673
158020682
398944484
298315257
176163104
622215320
275214028
554751042
210184164
577117966
531036038
486885014
519568962
605014959
487734000
270919205
603165706
252873357
301155009
141654734
255642257
200341177
164398425
418151052
182527779
372094309
345656749
79332706
287502644
325847399
255309363
309360688
512385150
260196868
223724294
492734533
365084689
428646619
469402638
385102613
243903821
190354433
362735567
