808901598646849536
2457545929
4854696970
3295802226
813185688115900416
798354667977588736
726351338322403329
732942851416395777
788053132601335808
738540012644487168
800137218626965504
801089618984730625
796384583302475776
796335072567848961
790528307066441732
788542862275162112
1666366771
761034256264986626
2842756834
498290289
776486957950111744
705685457909080064
767111654953848834
4822663305
764769356790112257
750873010614272000
327972755
4241666416
2508240535
737327278850379776
740331878868213760
30369446
389902992
3392187689
732535611660357632
730139072367349760
730129564727427072
725694639638978561
2377212054
2625720791
3054576857
717666117552963584
4708374641
701105705902804992
117911948
2166542113
3140596852
4813767247
453970609
779870958
4169617947
3063664163
4693731336
2582776400
749704921
4739260501
4722430522
2886476981
4697925752
4299607517
4330450237
4606036693
2172179072
1445018328
4277219539
603010710
623592401
4171657875
3016293873
2999280184
179258133
4026983428
4009580363
313665163
745104686
2553143936
245032466
3311818514
3406957593
118159666
455531693
163257310
3376165575
3367949242
784994095
1152103290
3351497789
3326518335
39969027
2710289034
3241988945
3306987839
162147849
532290148
276652209
356755928
3158025901
7159732
2255957245
338263580
243151566
250590753
471266333
3049222107
3093248608
753041635
3033041665
136782442
2972644525
2934166363
3038447521
2317819242
2321416976
493604646
3001180811
912750818
911876107
90378741
2956440723
538971171
2937158321
320463562
2349049159
2909283741
2904522833
2892889181
313898903
2900040636
2877234964
2875878601
165093635
2823192053
2817927500
2828937892
2490073224
2520792036
2636951010
2626472228
2626719079
2820937259
2811463775
2840196025
2797834204
2787548650
2786483224
2785377442
2829864104
2818175689
579299290
1590807132
278069504
2468124381
166215893
2785295346
2784195758
981903210
2754280860
2741621047
2707124785
931642958
2689601107
2687672510
987157700
2729526755
1637558276
2656193275
500032588
243606992
340323073
2655431922
2651585558
2572741610
1223640692
2472420523
131010131
820416870
555164983
2593421852
2584562028
167005202
438264107
2567474395
2565728810
2565388273
1134700130
2561381443
2549520404
2549334578
2571937228
108959699
123601496
188286950
286896906
1413276036
386504301
2470634616
2481328297
208685868
170282308
2476385497
2458442378
2442851190
533180016
233409149
301052374
580242444
104849099
2365812624
539445120
553451708
601222544
2367681652
875466326
2353583994
2353778425
21924318
2327936078
489476455
305870804
2261485056
1358332152
2251300988
2220067939
2182257432
1917801968
285647687
1963011265
1927654082
1907570335
1901071260
70844794
809366282
1882582400
1096252759
553848023
1339753722
1447531633
855368528
1013275946
121256207
1240329889
527887464
130573045
761929057
1138507615
1083990828
168721685
539161583
625828858
18337436
397631715
962909167
865345128
148321187
984691362
29554755
881946228
964276921
960759108
168423619
524331748
822676621
81673137
739420014
946769658
82933220
611995156
178300050
309407407
903220380
25106521
112766836
372248685
36082802
906560383
568553732
553821354
816451723
898804002
828609420
402366300
894264704
877446150
224885432
611763920
857824218
130476632
