805962403880062978
4322542635
803787650796814336
801498263744552960
18105570
285992809
800422653546725376
800410454631665664
778353031742185473
4745441493
227544587
798948415933652992
798939873403109376
718284720929390592
144616970
2562862420
714830701
540467242
778025520034447360
758496600658472960
785594647737360386
774365383218331649
766425138128617472
782632756324864000
371844984
321160113
307933607
609060509
219447593
336269387
192010819
3082542149
108729979
249902698
771547600658980865
766311475657015296
2596471536
199815836
807454674
2763700037
237432691
1090151454
2732787239
734228911698087936
1936424006
729358042509279232
2304484240
727498730237206528
721712559397675008
721748575336710144
721522885869875200
721499279483879424
720692016540160000
151729896
108045686
153304838
247020584
4246641742
4287909202
246052785
197832231
3614929155
4009745627
3893712552
1157120120
3724256955
3710923216
3699669143
3679970896
3603008236
2242757343
3513643396
234566414
1211230412
3430823709
3413261968
3394771239
3299827268
194230022
3361358962
542994486
2747024738
3342068002
3341457142
233518878
164427946
2200774052
2259348903
3293515077
3198724609
818450484
623715773
3196225353
3221421551
3188314576
3215411884
3195473231
176707808
3126927003
3092054930
622229728
3076495889
127309612
2998645071
3004507648
204172551
2736196884
2988493432
2470302165
215451370
2926977125
2908377081
503870931
296674963
229332373
227521284
1861782961
498360220
1089259639
2828522079
327530120
2846291083
2845983343
2800468227
2793325444
2474349464
2807521771
2757565714
223267747
169376234
340662509
174732734
5478852
70251653
2605739528
151100212
317240940
2598763080
131010895
2344049246
466043818
375325101
2324829716
222571981
1401065245
252781306
1460978408
1552044386
2466681433
175224596
2318343476
310419648
191138111
1210220191
1053624704
228818980
78076082
2436433029
1160567215
462428492
2398958498
629903404
146902244
2379699959
305094784
2362190509
2360247438
56730968
197197546
191234308
190468985
287445715
1478585444
131177722
341636279
2322866685
111080963
553755322
2303184408
207617992
145954196
83668975
58319148
1935786264
438658921
110238207
372643518
587920947
624778431
827601828
1149109555
570205399
158559495
1296426060
1375536582
247365254
167353231
1414351040
913440138
592410425
174893582
43494789
165904268
162608310
56800211
708926579
171589834
15225183
1263598327
165617794
1873206944
1492114423
300714538
466582009
1096716763
709249920
347669785
248740017
1621003458
717414811
962571091
1470163838
240448786
716429888
135201681
400476379
129561901
125808268
508918974
127975107
588632554
1023285332
1445456376
129829341
128636130
179754858
1492044014
852345866
235697887
105606447
209347461
555243344
1161105692
196435377
217469259
281320770
454454835
188339291
31257189
157803263
225652621
979560368
460465841
71266431
155384260
422104334
495559635
272773368
1069060639
179399149
117805302
68364137
285012084
222312600
975430982
238388477
292490696
556024718
170870022
540400661
385638346
612555265
954468630
948958452
587261769
636865056
205868610
196287747
144983850
614615080
612125477
624463374
866475817
57542091
704099330
198296950
849294102
346790480
58536623
197182577
162958968
541937834
158833298
83463822
166034782
65412289
188033179
226302573
246500455
137454244
31191009
206027974
215856639
199708577
165132097
349134036
404402445
344287495
152875014
614576480
536781519
460501903
93270347
81750391
448557278
39543411
265053475
561766540
518130541
560369576
323981639
232971300
240515855
140160640
221546462
213763476
65455635
307529461
482262324
314624293
60826472
105826409
203254405
275644982
124530719
334303766
148893704
292441565
143493289
349193610
175067237
394895296
319922277
402491255
181957991
348844953
54000313
40602305
355352225
188592843
99549658
295690318
76408265
364137602
147993295
188376680
358461624
369619197
124522998
218028692
185517946
385117213
239921666
307713155
181805679
67770812
220349143
