786821816
722272144562987009
757900008783962115
2465095609
1010405245
758384829758967808
632625185
702350781513502722
1905982069
745709950488346625
738448100956704768
4921250859
714633476
2904093504
2617122528
3146051529
712867229478608896
4691364481
701477231852322816
2947310304
431232343
2868452368
2663820325
29117671
111698077
4175076587
4304006054
4098995075
1677128966
565040809
302059001
3221664908
3498709092
234871162
406635146
3259271323
2956104693
82203143
60433175
3076516649
3107842635
3072256952
2884972187
400469314
1383140556
3044381114
3013355969
3060860345
717979016
2837739383
2952002499
1167779822
2886769633
2883273821
1730102317
2278208724
116955634
2321893620
2571665278
2467317858
767969922
2561519122
2496920442
1486687567
2312937199
1520007710
184525326
2355719916
2353810698
1081677499
2316298381
2302372649
2309346493
2302480201
2295108337
2261023856
935669514
1370908992
1306059996
1569067368
2203440025
2177161444
1511148380
1898206243
1408171878
1056147972
1605419396
1671757411
838302458
1652156588
119800460
1643528610
1636075494
1624121526
1401411020
200685232
1069179314
178379324
1347983262
615770292
1380877514
1602316760
1149454237
1572149994
1145699936
1031830796
1018745934
595983245
423552603
46733974
741148772
454386436
1297095818
605851502
982115371
36406003
71538744
229656813
159987844
925868443
588279760
1123108958
850237668
838828634
1138228202
961532076
1223488910
207847671
1126006555
538410406
1113420536
315214977
1199195858
474002407
1191547783
1132895023
816298790
1191885506
622300897
591960797
1183570044
533867932
1173889519
1137889303
790498662
563197481
634780684
589366904
926873982
987953108
235384237
842471876
69151410
581427149
221231103
1051451154
47646109
1014207554
920199234
128305914
574074152
350432769
945244926
220412893
115474580
569943674
587617474
369561535
809553590
864010578
102298377
620668788
857313152
835755630
829635576
786161701
324490187
601148366
247055414
763429609
715249230
335984926
276844440
738071275
628502919
714298459
311452048
606874576
125532038
398303532
631345279
629444413
146542222
622685119
610989604
278250489
587218413
286900438
586028019
559961026
574940629
588863191
578477359
442245670
548946053
554713629
473216707
94689311
557463987
558206703
557357549
518647048
83701981
117348837
190418989
312835302
382488027
428649669
70460226
34152014
358553568
92832112
196894430
221597886
105162146
103459889
