347571883
810832935310004224
804163975361548290
799264621844688899
794096092119990273
104085872
249136530
740652343025405952
2858116774
785847236806729728
1470986732
259347862
250441656
773737073073422340
773535897174310913
3369619083
764259129213026308
763008153688629248
758539038487904256
758307890562265088
754405381015830529
752607980525322241
751558219491934208
3774417501
743817289821196289
740933236390547457
740323238245466117
2265875556
739147033508990976
3960732975
132287059
733093789703766016
732722807356981249
147069408
216487714
731509841626271746
731502959385776130
730570706686246912
730470227067207681
728704023071735808
91658255
723962092206829568
385223322
721996501375938560
721770410887536640
720592767248920576
719727188426297346
211962186
226885336
715027121517801472
147036628
98470947
713421347062476800
4774846108
586907322
2692168655
704505524256186368
702168792776966144
2973953933
2614165609
137762063
2891438076
4786074879
4654782394
4410391282
2742826870
2612012930
4145798957
4089225021
4190470515
818543467
4172143732
4168027359
2564647894
1507845649
4142401228
4099004789
1929361861
1547028560
1323014178
546980699
3325918450
3750080422
161853518
3634678695
207231674
3416638803
3416906483
3400819613
3122764715
3379028085
878070518
998672101
3371318871
3368581967
3352443731
3239314245
3310005653
3303109031
3302025077
3246422553
289356357
3232293712
760138795
3210477299
1081250450
3199508447
418351505
439309203
2831649075
450838615
3131947947
3129953679
3120708370
3082300352
308292018
360533048
379249663
3019247782
2987446666
2965988105
2868146597
2782016481
2810339172
2797073797
2771374806
703785070
201878211
2726733435
2686238635
2159540955
182898651
2603715092
2587525380
197243840
2557834970
2493616471
2477298302
2472627384
2448264836
700138602
2397019334
2369342149
2347782331
319997845
276822532
2312747864
180883896
433109182
2225874554
2213431922
2190436574
709485879
2160597661
1952975978
159132098
1922206512
303950215
1854631668
1666013048
254279784
1079649199
1728543085
347488472
394350494
527450651
169651471
1558565935
1483575720
1475490668
1462161948
1427699287
1424353964
352634189
343409948
215817724
303265805
1400861533
1400017662
1399456302
1398631988
1398589430
928249724
372116700
82202106
257651659
299226049
709949521
1020386017
296618946
147735773
116832635
957931652
931779128
907081104
292146025
91643090
343128793
235605454
773892445
493563026
375125527
362011800
369961986
296071103
619234608
618629504
605191494
330808538
154256949
143532129
594730946
265482592
296254052
78392585
347658079
149318151
430151358
359776788
544759613
309438930
212079473
179179599
206379265
171675001
276265982
522889289
546230602
206738810
82928750
253788397
525952698
145506002
246474908
91818256
119197884
364670110
323200813
283414866
417161092
256178334
