811750482410606592
810855958498963461
807718656633344001
807483134992351233
744331164899512320
800540692283953153
797896374008291329
798755459658199041
3123817035
767094461285498880
790982969594961920
787894922640625665
761528088270368768
761381044427816964
761348923675992065
755600463433641984
1004994937
753614689876086785
753229285809356800
752331774106169344
2478722156
748263127192576001
742138094883725312
736753744319283200
168216084
733080835990130688
551238817
723745144701353984
722843966727712768
722275786179403782
722277112439115776
721789941538242560
716279844443709441
3628182808
712005936391397377
708749563407036418
708748837742112768
3772058056
496826896
4799919861
4767025036
4663694178
454043838
83992726
177278839
4267824137
1942389943
4250708295
4210304421
4129680983
4108274614
3990968481
3974179996
3949434383
3857051848
3549159083
3583839562
3631417460
137761712
3656852489
3641617941
3496739233
3234474008
3439436524
3418574752
186691484
3053427599
134880722
3294261876
3364244369
3245456084
3340687072
3317728211
3238044258
190360869
3301996451
210663577
2863089113
3221556277
2752652541
2287513232
118877624
3247074765
3184630339
1469001181
3146363354
3136201663
3106074616
3072122360
3047005801
72158124
3048333057
3039463659
2987317304
68319413
202270901
2663747499
3013693474
2982404921
2954645205
2964135875
2968976915
2960237637
2944002718
2941408349
2325811646
2896728238
2256959407
2880161129
207329178
2859245756
2854561321
2787322317
2787614344
2828759876
2783009934
2764343817
294644284
911547799
167614820
2747555786
1641436286
1413186012
2614252716
2377742232
111483992
823429213
2272604984
2559093048
1078185858
233424499
346756550
2502537800
767988294
364799996
2531711063
1890246674
43979515
2468585618
2385121902
2355229166
131252108
131693960
2377341042
2353276968
562467558
204140108
2148028567
188134755
196399589
151136416
190776520
74314320
2327185552
2300170686
42306998
2203282633
622139164
1965524942
137227639
305938914
1068822313
144361910
1580292206
1578163350
553452049
1193306887
1550744502
153175705
1491942529
346237671
135873191
293200600
1222627634
1300801411
145394188
1387972327
597795780
1344414218
63767546
545366720
237093688
1139849990
241147564
75663902
1087765003
161854200
148611785
379838756
1038857742
572014323
957518850
705685700
1002012350
130919368
935292139
1002092826
129893497
862986786
75384618
413488768
427106750
389708481
226278294
945998928
767767327
720441588
915588530
913086378
889052678
224711381
891128634
144604486
15632024
844967575
829723777
94642624
132300892
58642362
430442611
73123411
811221258
789763532
83534399
63102092
297742433
554848868
739852651
714529680
49642732
263425047
84711209
244276187
496192454
108067980
477484477
567626661
152343445
25692763
179991106
48743473
283610376
112720919
415132112
568576368
546029758
200534930
486247748
50802105
356435224
543129461
222805970
128309996
393829381
199465237
124162357
115742155
332473354
195593368
85129484
520780695
520661814
511432812
134982074
230951093
513150866
505764230
116230220
113962243
150611762
500850725
498780802
234945931
148593214
72667958
412391686
207628639
115693675
346823112
443271898
199387973
282051373
282027108
77377195
431640846
287527585
384912153
308310863
382225834
368087451
126351777
355150695
378201019
186295951
117440937
65077826
210515052
132054365
193007599
312429384
113132690
161169092
103057143
115810565
348021518
314666464
98017261
346192074
79315427
51329227
53988690
87331182
288647919
158958868
336081098
190869163
333586102
116078343
329498526
125637676
244412111
104854741
268909377
161016235
316030638
127664803
146854336
323305939
324606323
281705533
80333247
284218740
20348673
136007004
172603530
312182709
80452935
305267150
271723946
216491200
296490954
115290725
303535449
163932079
297555008
25307344
291399747
160451475
192899807
286731774
288984282
288950199
134676217
132001905
279203315
277721943
239050425
141193532
62267282
222978337
121882392
270554378
112365556
280297437
176340780
208145523
133405330
274777595
146084374
130942630
91666726
87031669
71325725
60959389
277079780
276835513
134999939
276004914
275864147
235251943
41488322
195616893
191471907
29108135
15759320
9463972
109011368
135726329
48074677
43115629
114556527
214565607
266595851
189728596
87697004
20269805
247466761
104047864
220180013
164031807
250242239
48265356
268528553
225375101
236422073
190499464
268403595
106134670
193424319
169673650
248434338
75036392
77648884
202052315
265120507
147981384
160534174
74432691
226899155
133134179
172322635
245565764
65789347
36192367
256433986
262511609
254564652
260647977
108507365
109928779
241035381
116829595
257512065
248411583
53800311
227917324
256690037
144257269
110792822
245232360
256515452
115458975
223756708
113178586
94347238
137129221
117818666
91718877
157227472
73978371
134885982
51221736
152121850
126496059
128493848
50798707
214243381
117279170
82726678
135958667
247115937
47936781
245168833
118307059
133150462
242458761
121482808
154301953
96910185
137017271
201579518
132810224
239416122
192712245
42656811
178687233
113322119
197678609
56910796
39742607
96787962
156426708
95344089
206815156
40886836
65098734
121268180
79625337
227807689
199036705
229267931
86990270
135923918
155143236
95208145
39859092
133824371
197132009
31459600
73736431
179230845
222398800
15014724
221439250
109636768
87534666
138496067
106726685
201982459
70395301
81436959
114892704
210844481
45844735
205249667
43784014
24994122
212866878
175253633
10793962
204003457
180508556
130872790
185133761
33937203
27729139
42529636
116639347
104910320
15194333
49971520
62586946
101808271
108615274
98581288
36587156
67608949
82283508
44049324
115516282
94002280
80177484
133938511
60364791
90578975
106502228
105017029
41732230
188770679
62980856
190127151
123746411
103045326
135356616
154140410
35875475
122959793
131492466
98059082
138896670
169502290
139126484
126914786
36132341
101337702
32476304
51719690
129314451
110288696
126091348
172828876
35094756
114021414
152819414
65922524
19590451
34261066
167761192
166063471
64470506
4518171
60361908
41440328
77022691
160969608
144281523
128590830
159059769
153057930
41874801
836301
157228995
67323515
156689016
103702606
154336288
91912472
71323815
59921188
72722624
35804618
119144945
149192143
68413659
138659122
132158177
147043895
41679181
34898516
142685738
146136971
56057555
39228927
69661750
141788397
116594603
38091932
92675411
135994305
138233254
20880502
137727596
116236757
39639785
20929832
47534828
76144510
8626312
134790450
134636053
132674467
66452559
133133704
69778345
108772371
70714621
108414691
110046131
131050355
55906926
58874820
50655825
57083082
93710122
103954835
82396809
106946039
129248716
76578294
130891096
109432507
129331902
71916219
112222972
65152244
125235464
14071458
108984252
93215660
102272768
74872381
121449146
83428718
88091429
75366440
79552036
82159102
117645462
118536097
80990853
28147678
30412903
61378992
41309576
116066976
64866674
63508482
114065134
105320393
66193727
102163504
57803880
109904130
66539093
108388431
46022958
59826133
106279726
28033530
44223166
27120925
30378417
48514149
52054119
101845588
83000082
102045381
101678842
15122772
51845270
69138252
63866500
41663589
82968157
90017199
97004105
54758299
89949394
87023462
82771772
62991110
27927762
31267229
39122925
66139817
40403116
54278213
44061982
11679102
22509683
49999423
40726930
79539045
55087427
6879832
39718220
16564501
27183905
92785924
74136426
66752976
24346894
87466156
81985164
71839212
90906943
91027563
73151327
79808216
51568175
88796152
80922198
65557605
3468931
15846816
76862751
85345065
16747544
87736096
21458552
29000006
19691500
25421555
54084211
70969384
32241929
14861967
74938963
85937554
16998776
36301562
51621336
55646246
84442274
40370014
69455069
47169319
77583043
47656987
34090449
39257143
80921859
70655877
42520355
34682836
58614619
57084718
63997999
67030949
67659971
73146833
63880907
19251036
76852711
76905304
53304779
21262189
32141416
14587333
74285122
70738138
73959177
70488485
73468807
22228557
74065671
74041597
73423011
73421839
45473050
73526631
45017958
73315078
73307014
73121763
73111182
73055478
73044633
73050403
73048889
73046331
73048185
67829437
13303382
66141535
62378375
43427468
54277762
69967824
15252177
16960820
25247638
33974455
68079974
52430620
32427383
37436539
68560230
39404826
59331647
51939779
67656663
67650363
67678475
67650215
14940853
11855952
60105546
66560215
37145639
66244095
65784891
13853372
23972681
33629688
63527494
16700058
56103264
16910193
58103839
33300459
36070386
15713964
39628529
58290765
58042507
51582337
29005427
41471818
45207961
39921726
51144492
25700118
49078310
39301885
30614774
50613788
49657841
49056174
46801937
48714894
17549003
47146409
40019473
46937359
19799109
45621230
19537133
45909834
45394430
43067684
18197828
34256546
39575978
40049363
39199450
39196428
