813125212036366337
811978365464780800
808727618056900608
797852938479824897
793673553736527872
808339827930198016
807494531071373312
113274131
804583852270194688
803637757822189569
2464342703
803004036458758147
4009315639
800898657641893888
799941003725533184
4782770233
2563840213
796802067503267840
2412412567
299679703
730098130360799232
2960829013
794508530644488192
790941120549105664
4895594113
790242143839195136
789851906365493249
2736962589
789688024040738820
784758109466091522
788413090496774148
267023081
784418956157128704
779394512
254928822
301544586
3723615374
769622557
785117220795887616
785104964272001024
773127847250579456
782976403406852096
782111889836773376
781988826243661825
759757164642611200
779989456442970112
472143154
779309692702994432
591201906
2282277015
738446560158048256
4913455902
4309523834
747362618881380354
755762279384125440
2893218344
2534065699
3166163365
3405950043
1472939844
774674215970697216
754334005395202048
772578274098704384
771356725530226689
770185101422526464
747037187615526912
768372820493557760
768631490993270784
768287481607356416
761501308985544704
4812201032
4898792779
2896990562
2727533365
521150449
2389561621
763726076149465088
759274175404109824
759257745824616448
758804919830716416
757600171786137600
1597679827
748263933224484865
753888023805296640
752155849108299777
2423688169
374841725
2916951061
748716959898951680
748263734678716416
743151523069235201
748150184811569152
748020766264954880
747760088283254784
743461634006355968
744774952256036865
740963268991148033
740142049572229121
739632420744396800
739349399747203072
735577567420284928
735123247881060353
732526787087863811
731695498877227008
730940386143674368
731276382538326016
727494813994479616
729484612368375808
730067207577698304
727830233894690817
725159110405033984
726121806269059072
761636593
785079073
1662462858
714822053497450496
875424510
723663295257808896
722435726973927424
982360508
2375408312
714752639079211008
588391052
718761399074181121
714408156135174148
716602622375931904
715892908117786624
713858944641400832
947878784
713173384759083008
712627005343203329
712545447848583168
710252760462020609
2781609931
1377071588
709231244207214592
1147749644
1111266938
707358354008440832
704048574166740993
706017424198365184
703468095814275072
822905078
4887750796
4898079859
4575400255
2568980455
3806922567
189059557
1180703467
442477838
779513244
4678358832
302602213
4415716334
2255286536
370330630
973262832
3224295517
4167578294
4089767653
3987068966
2153390833
1019939960
932046656
3791543118
3771296472
3743499619
449172178
785324762
3426197414
3489736333
3481019971
3191872972
445629072
2283339026
2799337291
3302877330
2372833003
323677353
2943474132
754674770
1238985445
532978704
1403915233
3253312980
3138577514
3237109320
1229622276
3190724070
2962700989
2946461989
3195289501
3194511997
2459384478
2378576377
2244043393
3150054259
3146269496
3142339142
3131632844
1451468354
3118918298
565236922
807089984
2979927397
2322120697
2541628334
437576691
2876678647
1449286278
765593006
1430539424
2221699207
529743406
2420562752
2983413150
2983054836
449443141
736989432
2959915248
2956644379
336448542
2952934896
2952879144
459848211
2933008995
178581003
1674383304
1916296141
826450573
2350102658
592606431
320085165
994670911
1282978506
1282978506
111502566
2912619648
299964021
2459236640
231030594
390736740
2527087458
371276866
221272482
2344935805
2420712385
408435244
924412843
569744998
2182253648
576968557
302026866
218167209
541620330
2889716677
466379706
1713107826
122879362
127800769
887958606
415552436
255879145
1410086876
320022799
1607678372
888438008
247809134
419168159
122887672
734971040
156856162
384901764
2423446279
383622216
949928786
1567200258
2871731274
215673579
286516122
301786769
2841273779
304938371
207090055
927421357
267763696
1366581050
626165597
305422750
122334240
880233462
2495763216
1310459952
335022189
311279723
78313170
1899055962
