244335549
814010903125336064
796865302910767104
800874493472174080
2901579853
798977973407748096
1418979799
386959825
785921336
433137007
434272470
3346875734
704102865522946048
780251486777257985
778086801613414400
774929711835123712
3242223049
771701674092011520
731741878031257600
760767272277336065
247647861
4549474701
761413933873795072
758279329046405120
754279748474249216
274097748
1421285815
1620255901
1253088672
740769194422198272
4687989524
4789662854
176902439
337768981
741711686952833024
255096404
4635819254
739138037863456768
726771688533200896
479120194
1568486370
1447636658
730268629426671616
2317990865
730244121479143427
4830065540
4109246594
728357369097281536
1922738401
729482827859828736
743381922
1214690083
1954503883
982425696
378472099
1304237412
723787740077117440
1886594671
719362162112598017
4691597316
284729835
238058238
927004147
2577994724
719375843399569408
1632654607
327837323
714233394062700544
709393406569500672
2983150513
701730952398000128
1311169417
1457136379
1598384737
699411608305446912
2400902281
4727965034
303345261
2599438651
4706279532
1162903543
502799323
4060735286
896052787
1349341477
1474991484
4169349312
3912660673
4137446114
84842320
791498257
1728347736
556038040
265199175
3248077230
780348931
808808557
428446678
3523410854
3327744872
3357467238
420812622
3265803499
3250879249
2791304426
2709179274
397312891
601658790
234691494
3197811151
3185824280
750884257
3140864762
266510638
274585377
2724034460
3020272820
3024150944
1151249676
2767026812
3011189384
2968045806
2989481631
2985308850
2952563156
2944475293
2893305473
1122578521
2927935116
2889433034
2917234556
1171424366
397082358
2900113952
2889408685
488145065
2875098734
2866373790
970108578
620116013
2837563639
2852553804
1018889048
2849663605
2842424414
2838246655
235455785
2296673372
2374473738
556863839
2789236399
1341335402
2508937958
2773482650
271276086
945529466
1291852836
1280507438
2739224240
1241341082
978442508
309606651
2201146286
1148143674
963572202
409161720
230215743
609650679
2382700165
2487996794
552408184
2315720622
2427031363
2414103174
2408367806
2344612022
2357793006
1696092578
2272769274
1657161284
1911268986
2221631622
974455412
337030855
2197567069
1570996819
1954989516
1727506273
1724406890
1701741493
1717629864
1881886818
1807352582
374421242
473732085
1717663206
1687241659
871649874
765329148
262104938
787017589
1637186263
1044465848
1597851319
348902371
1569288762
802658222
247307159
845607446
1503472764
636870213
1542542360
186791755
31382495
938386490
475054044
1519320216
1513590890
1403408924
1170709602
971209448
1481734770
1352102599
1448526468
134384059
1464368347
1462268497
1312749566
735288728
1040517158
1456357465
1444607797
886860240
636375372
1441312951
1216976088
440003465
609987170
1437713918
1435756933
1437251498
257954571
461930496
1433160565
1432865480
1433106044
1021955790
815406470
1030335847
1341505746
225373920
788592325
259196896
316399455
99705961
717810636
1240342057
610631471
1112056184
1073122232
1335402230
1397823823
536247561
131528192
215924730
931970064
1356163232
986155832
968751606
427177632
846068749
953754362
93886966
970466749
464381773
237185971
265221154
1012881110
1017886068
1376352756
1327832712
146020498
1376809712
69231977
1368770928
992555215
187060289
1361737004
1284007273
1285714134
413288590
200400557
614166754
577863372
1353917065
1331168522
1356835669
591055964
615163880
1339358610
522356559
1118767626
1353275376
795603678
1346387552
1095404288
480483774
388672723
1256769336
428011949
756005635
482817680
234664994
933563509
1348359991
1334993576
157274394
1318414140
1030475389
967699004
1157564100
150013040
969505507
1130409913
91332606
435327017
875663378
321073470
1321055922
1303463587
476569874
962289794
617207769
1328722868
929752020
453270780
117708030
496652306
592661999
1283247487
1265986339
590816114
1111440151
1254777104
1326924762
825464965
1324711272
1306961923
194438381
1082774305
1302248702
1290915235
345856254
755237786
1322619277
1306830002
1114905594
1321664707
1320258572
713174491
406184334
1320027990
1303762904
579919186
855941821
580151315
1316575220
985820983
1313632170
854818100
1257255432
1317561918
796130604
282561695
1186245931
1057442658
233107782
1309869114
585703397
1295333826
1302236184
1034166162
559556016
390055532
1012563127
961826466
1271800788
261130596
474423307
1294867578
925611853
443372873
473564336
956667984
975348702
1168785842
500441470
1228871738
945489588
952856664
715856172
415319139
1145509621
1233203610
557551779
1019738929
1287844872
779641747
1058005267
611601362
1293727296
1290551418
1115875610
74677380
1062920629
1291466221
1291327405
981795272
182739998
903238434
1124400732
442665389
1092420872
581606276
371132997
953497410
1103216294
1277189641
585425912
1091994132
831499548
829053727
1014797834
964661911
441066465
1289984346
361044334
217003898
344102946
197427113
480336242
894586686
1255996148
952116240
1216060255
707227345
1085223823
472753981
894877080
521088022
226846439
343570607
472642156
1144357201
964683080
1217694571
1226690935
235895208
1228061180
788799804
1257564152
1200029748
1258745600
473888797
186748609
237648961
573839970
966639462
1257462872
998695820
1135745702
1267898455
845232565
708302858
1234202629
980459359
589703425
437461614
476903423
996305280
107476311
706788457
363506148
926836639
444355005
957433794
719653069
966003570
1251873582
1246623162
232744160
144514581
498878325
1015972273
376923747
751346054
233584492
1252403227
1250804581
993463399
895699152
896017069
292170536
1171044883
471600489
1200414721
1039514226
205172717
421675701
451078164
567086350
871743715
819947322
631791510
999693762
576986721
1195393465
1238436870
1171277136
1189704908
1233147282
721649418
1220513965
575550150
636702550
238116645
1164204673
753174859
987977743
484816794
579748428
443603693
806638694
380852350
324342015
1067664782
310395266
1159067406
353519760
1211020981
183768860
1206961664
1201465897
378397362
1203714619
596661934
284693084
1209425606
386051775
1118532078
729164419
964285358
437588164
1152483662
590096327
1086877632
1079929465
1162261686
1171529161
1168361514
375443463
629074949
1133291978
752650350
780020953
1105564862
388932296
1075964005
75941088
388124114
940687736
107358883
483025764
899999570
1014314232
405437887
746896130
130106396
983926578
208017339
967136562
301394179
949357273
947635453
944995056
601973619
622311545
908724240
819375278
271807194
614461362
286201150
849241885
379575330
471021855
108031117
799727828
177451239
419815776
493869640
798459924
806341260
550132168
122396604
135150918
567074796
605355515
767542328
59658677
710115212
257733494
428093421
460637951
703172204
79711454
631312442
631312442
320107263
627345177
482167330
707761626
100487707
395124636
557771920
597488838
539897228
587480522
637076390
532545513
536871918
200610182
79485838
49671842
601368574
502741672
274819838
580010678
449445147
375617251
457506409
364408945
518187485
451696343
475581868
442373610
438174983
545148741
296239882
141560558
467143477
249067717
482571758
536123577
536156545
368821832
505923253
270285562
471093502
458414812
428967911
237270452
483839576
365365550
431335039
435511395
379009662
319467025
409145395
403865767
375557120
383052137
398744138
344618038
348900595
255894414
167415472
332612120
195219640
50905447
318987656
95544635
295124957
292789165
135707708
265114565
262485839
101750682
261819763
81299253
257354851
245184400
91990425
195730861
