814682514090561536
814684997999271936
814650578366251009
814285223047364612
814578611684605952
814575320561045504
814540004974325760
814520118407471104
814500291370504192
118831991
266082833
814347563818164224
158887904
190763503
749482640432984064
369710486
814213717772697601
390925480
1232529074
347586841
339730811
375426558
814238381433618434
773869778570190848
814161373068455936
814152573842313216
3290614059
812375668256284672
1563555992
809171118363963393
814133093405720577
814101380403236868
542918010
3138289833
813917400030711812
2745337259
942143942
129533567
811326310949810176
804508055417262080
810992717127880704
813797937574723584
3060493265
273703825
813753024963284992
804084821886717954
3097365478
574010671
262521859
813079688130269188
813571306973184000
813514488947372038
813475671565627393
4825329759
3874420780
813244955544219648
813232591121879040
813220797988950016
813214617111498754
813167926865960961
813165179974385664
813159173194182656
744711241919242241
813139300208480260
796131569677299712
812828406320680960
813040652023955459
372078726
812992936350797824
812965678902902784
812260125515849728
812836807226359809
806726142715564032
775801428862504960
812646863920918528
812524452642689024
241726538
812510815060365312
721712386802065412
812462567134232576
812464689217208320
812410404370599940
812402202669158400
529746631
798506793378922496
233790317
812235398613237760
3042131974
812125218055528448
812113886128336897
1614291540
783366496869376000
812022909732524033
3048198492
240784929
811804095392743424
811743314298994688
4433026035
811710524757069824
350723702
811667776679120896
788860246710157312
257684148
811613988421332992
811610761768341506
122839422
811584304249769985
1160251572
811416921295843328
785493284726640641
811360506988654593
811332792571297792
807341020115566592
809789817303265280
811316224521015296
811279939374825473
2208965710
811231905710477313
811251781770641410
811248256244215808
631550964
2429502737
811204169403088896
274527415
889541664
811061904802201600
809596648561213440
811018925240676352
811013651876474880
811009121520668676
810999259923410948
3310262425
753843727
449209682
810972796851486720
787125926425493504
810951618145513473
810937506338369537
810924736163282944
3024307481
799990649311399936
810855984096833540
810836632119242752
707305628772016128
810817200072302596
810648535549014016
320456313
1163171282
810651251985813505
810639822591295488
2413567103
810602591243669504
2172841264
810583878775738369
394750723
810521926829543424
805196817847779328
1013899321
805863604306251776
808873616171528192
810240590180913153
810235458148069376
808883935056949248
502552266
810137219193249792
810093649316999168
810073659121475585
809963193950990336
1184375216
809936388250550272
360388823
2821449557
809843547453214721
801605868152389634
2569200709
927860876
150671550
2755493662
809640924292726784
194686785
809608205684867072
193034069
807676211078033409
809557683049205760
809520472455073793
809520164463136772
1266084104
2545672570
292296732
763061821448286208
809433790032515072
809421178033106944
3319330723
809413781378002944
2962557575
905976026
1697405864
84236360
809389213728866304
751196509610373120
809260071075151872
797354404399775748
1211818292
787497986951634944
336678454
186874637
289160656
808687314159435776
2190885664
934959661
712378721555116039
780069645315346432
809104768320815109
1548937741
809071373012312064
1038088285
809057396953845761
807733590427582465
851461638
798681156686331904
809026630123458560
592183682
808647410616594432
773301568309489664
808889288087764992
167489688
3342934727
731177667890970624
332602701
515696260
3319099995
786034992052928513
3227289711
791659476562706432
749370248852344832
808674023471190018
808676868505432064
209729861
195746236
721886546425733121
808531506012573696
4411736181
566050989
764913169999560710
808423946618019841
808404322832838656
1726538318
4768605617
791282756646998020
808346568399130624
429896817
197268241
707927522072199168
716841794831523840
808308059844046849
808288928633593856
798574468952166400
165606817
3518855417
3217032641
798610848331788288
807993868197171200
477171725
808135363906719744
792017363277348864
808107263135195136
47864179
1266312552
903729894
771182642762874880
2149788623
807720960996605952
807999276366368768
245866329
488142858
807930072153948161
807833177532334081
806708309667483648
241718072
807788137078554624
807766451490869248
807283280475279360
1465168266
807754095029288960
807743819248758784
2529762039
807698682183352321
807682349563572225
2554810738
807669991726313472
704693584608563201
217323692
867222943
167051262
437231715
227957739
807476956832956417
320534219
763943283663908865
3320036896
807417711852736512
887641686
950121608
314258904
707163796989546497
2158510841
3056116872
1187494376
1183054867
239941563
807237221417881600
806953735578468352
507759065
806251773119889409
807108704063651840
807074924024176641
807062368278773761
807057234958094336
744656644160761856
807014607231426560
4649150242
3452763447
806971509872979968
806967078137790465
4078565596
3195421479
763169761475854336
1470919946
806874786974547969
806861608408457216
1700547200
779485727688167424
238246726
4852189613
806728914831712256
806725538173698049
806722820461858817
806686130519281665
169586022
2220809631
789484062004183040
806662662608289792
806654229276409856
2818979540
806626544043098112
806618703488028673
3377511329
183808687
365220175
779538055531225088
744290759797506050
37494401
806553398984187904
784856013065322497
804101133375520770
395569335
806392315275255808
800855427714084864
2986322440
797388988034281472
801983760782753793
1108065355
203659863
806318860769120263
806318012735324161
795018455401582592
375846452
127933021
806253117893472260
806240898510155776
806244212886929408
806238124758155264
806237338233896960
806229682098241536
722505970845421568
1405063676
224447683
806141164126670849
806124407139815428
550172406
3432402706
3029020227
799805276438351872
805550243764965376
805911251654209536
805888033522327552
3210644783
704390769289924608
804413894005559296
805736732335472640
805693045895208961
2948008949
805610965513469957
1184014458
805604813698461696
4822688416
805592058253742080
2181432550
805522377828339712
805492185894387712
805496977425334272
805470424993853444
546835844
805441316356231169
805384161364234240
805282410225172480
805247183096348673
805245661260251136
798935745943764992
805181236138430464
2986021540
804094782612131840
800774651433451520
805105965012029440
805074138050269184
805054733069254656
4883493375
804821864182902784
2738424671
3093652059
2729009735
804894489710043136
743230708081123329
804646894140067840
804755575791820800
753731375606431744
784145404095041537
803395661072912384
282312106
712264896512180225
3290748237
804454807994044416
804394428790165504
804369158225924097
800837696797241345
804348656119857152
804338390401421312
804262088956936192
3704313496
804178432854786048
354077456
804153932578783232
2334607389
795778347729096705
804091172050321408
804052944148721664
804052882228150276
800754667219128322
625263441
723355092506660865
2741880029
803998625558839296
803980215106027520
283518946
803950068231503872
803789593514491904
803766244499451904
758347963
1064363732
803742803004166145
803681155539202048
4825748037
803715539734593536
792168886842032128
803705132873646082
1330221854
3404840908
736169282221056001
762866822848798720
803379421755375616
705542364618743808
803622843401596928
803621471364976640
346340658
781252203235405824
171524074
803585917567041536
170090814
730814096615018500
803557486104104960
1201305300
577730224
803469176119721984
803466040499912705
793956448149663744
803246838598029312
799400617961779200
744565446561701888
796884498076041216
803385287082708993
351104898
297785463
803290247979302912
3420421661
799368577841250309
276796224
776182771526078465
313062627
803025853382795264
138536403
802953466750599168
731243851424366592
1637964355
757528105
199356971
802963281510014976
802952450911174656
802936389847449604
781132911705747456
802906214774534144
2249259741
259449379
802791157063417856
256507378
108172823
802594082589724672
802661716953808901
786895426213535744
792414651376164866
802562414252326912
2366223510
802530069889552385
3430860484
3436158790
802446202038001664
207876953
802329887566659584
271643630
176878128
480087163
802276243945222145
46701635
802256972716318723
3057398237
334820008
207744715
802176789036625920
721526293511159808
4860501125
4246912822
264249596
130048715
2819934935
801889093227597826
801613708912902144
3129874019
236977196
3668144841
4223311923
800429243217821696
352467741
801608694295302145
2966850286
801565382897176580
265556599
799407208320684032
3795130516
352032624
801446342358929409
801441543810912257
2741160046
773175823285223426
803609900
801382882832973824
3289281755
757817721912385536
3432022552
196255673
801106445047566337
125168856
431766756
371370365
157144053
801138552016932864
1663580653
780542346563768323
170479559
292002427
801143234810494976
785879852431790080
2869718918
801114810268131328
789115077496627200
608545041
309694316
800750955134259200
800920544338124800
800837381398085634
800836511373598720
800828352357666816
188369409
800819193264291841
365679245
800816747800510464
800781314571968513
3423121953
343609486
4855061483
150659239
974537672
3363277587
284752835
800489468465557504
800453109168238592
1332970466
800429224150474752
800427263216889856
269877253
740994690573553664
800367520775442432
800366415546986496
800340001531654144
1581380994
500725172
1692406567
800193582975971328
800189177010659328
800166183534104577
800164854988349440
366696553
491645601
800069166648598528
312787464
800048526168379393
800035521779134464
800003230604271616
780036894545547265
799805212500303873
3901872442
2591929041
3225850761
1959566029
799815716304261120
798196064113295361
4892655352
799788731406438400
799768159129628674
797216719127412737
1084857978
771190101036576768
796204031983095812
799693879792533504
65056859
539125394
547403616
1623693870
797183152594808832
799590058634444801
168287306
2947312581
799553567732416512
197143053
799425127326896128
799406824336347137
799395981330710528
627028875
796488832644448257
716378798229422080
771492533520240640
708530210296172544
1107586602
799339220586397700
795972650380173312
775086691707158529
799306256737570816
799277444071096320
799272490275106816
796368707740114952
799253883906326528
2813829604
751252010809364480
2434594040
799124979539443712
592991827
215065984
795355700759240704
3048253697
799048503796363265
408239867
1106688468
271076565
736646793132400640
165670417
796866391269838850
276209124
3435555364
798972053886009348
3080640646
715644282812633089
556279677
798392626542247937
842335849
183759138
798862552017076224
232233396
530881697
798718742448537600
798710907824144384
2462283889
798478569022308352
798672028572192768
3421170292
798657053589995520
784486189416022017
798617619515457536
762046002224398337
798600491232088064
1354804362
798599976532279296
271236627
797348763027329024
702591443576221696
798538176365113345
300057077
961637101
798531756764884993
196687698
792553116373770240
798499407645855746
798370748276572161
798326293620260866
223865000
753705130323746816
798239560287289353
402308700
93755347
798219538705874944
798203703538962432
480032753
700739505079193600
798024220525662208
178815869
797986028820828160
797954087149039616
797962237877043200
797958313329696768
1975519878
2905589391
2437071625
797920230341222400
204612319
797822484879962112
797812286467506176
3411362145
797758846555090947
797661825118703616
182861709
311944727
4725594089
753908639707037696
797562035001294848
797545805049688067
797548892258705408
797528820974809091
206229255
797504337421488128
797414575394144256
782462650450075649
797287632648753152
796904979063865345
796184288031019008
605920568
796800398715744256
797201633184796672
797199416109268992
1300305720
253293468
200223292
4548408159
797065677945323520
737484754090622976
796212338022039553
796926983997374464
796914167244554241
704302943017771008
796901547024273408
114616216
539282765
1117227475
357930728
787278566337703936
717472609407995905
711033388
796826842745503745
493545808
789917072717389824
796767099318308864
270681259
759498336151953408
788883970175832064
796705131987353601
796677349278437376
796664653124407296
796665112237113344
796434735471980544
553102979
3383697393
796584566043660288
763560703634579456
796547406024376320
402972297
281821756
366610604
732714021791621120
762845390227984385
796432102610833408
796402713038831616
797243125
271003726
796085782901624833
958837512
493290624
796226861105840128
796215691896647684
252756440
461975567
323223835
292062579
794522730137796608
3784768649
796063858930647040
796062616481304576
796061926686068736
796055613381939200
795086687223300096
757950741814312960
796031943225774085
780876084191621124
795994465416736768
738731770745610240
793946900991004672
867270192
795885768984109057
795836628505862144
795795638659272705
795793541163257856
794395712599556097
758487755060117505
3307366647
795725856501039106
312712292
771805198977273856
100544325
795675303716782081
795656713617731584
4261827076
795357898922659841
793883456476418049
747870805439188992
195489673
795448704442531840
975221810
3439477457
795425130738581505
2812224047
795395911144865796
795387143078154240
794035136224497664
200370970
781923336293064704
758480538747437056
366403541
843708380
788908432724226049
2853559929
795271979221839878
4911332915
794598638836154368
795147745602445312
795108858620444672
795099119442333696
458712911
795037965089198081
794776719299399680
794988029102399488
794712124190814208
139874289
781852438965981185
3386524229
1319668904
782920403358539777
794771589250383872
794323417310920705
291693012
794682463972892673
745615923533479937
824373372
772974864261144577
794647796804648960
791771817899876352
781920697186656257
4909516336
617257995
1359331046
3066308327
1421707717
1861738994
794418946761981952
712902586047836160
198539538
794345457703129091
792509515337986048
4766215555
790766038799511552
742194669581402112
128762590
186730977
793993201392713732
1462652401
2413488262
439721099
274630368
793927483838136320
2285544668
793797366738550784
793589505127280640
793205162022174720
1564661383
2790830776
445158660
708631009542205440
1402283196
159613577
793522750602240000
793512993728454656
2766799853
212706307
1436871828
301557135
467118591
274561865
138574572
241738672
1289590830
249947680
3379453997
793311496273072129
519859032
431788425
2193570946
793243172751175680
799901306
1415739404
793238232427298816
1549038674
783857708046880768
713167173032808448
230189992
726047466
4817764516
185736445
793103784780136449
595144853
792927334064123905
256638485
346096154
2272368066
216537040
814715534679932929
814682514090561536
814684997999271936
814650578366251009
814285223047364612
814578611684605952
814575320561045504
814540004974325760
814520118407471104
814500291370504192
118831991
266082833
814347563818164224
158887904
190763503
749482640432984064
369710486
814213717772697601
390925480
1232529074
347586841
339730811
375426558
814238381433618434
773869778570190848
814161373068455936
814152573842313216
3290614059
812375668256284672
1563555992
809171118363963393
814133093405720577
814101380403236868
542918010
3138289833
813917400030711812
2745337259
942143942
129533567
811326310949810176
804508055417262080
810992717127880704
813797937574723584
3060493265
273703825
813753024963284992
804084821886717954
3097365478
574010671
262521859
813079688130269188
813571306973184000
813514488947372038
813475671565627393
4825329759
3874420780
813244955544219648
813232591121879040
813220797988950016
813214617111498754
813167926865960961
813165179974385664
813159173194182656
744711241919242241
813139300208480260
796131569677299712
812828406320680960
813040652023955459
372078726
812992936350797824
812965678902902784
812260125515849728
812836807226359809
806726142715564032
775801428862504960
812646863920918528
812524452642689024
241726538
812510815060365312
721712386802065412
812462567134232576
812464689217208320
812410404370599940
812402202669158400
529746631
798506793378922496
233790317
812235398613237760
3042131974
812125218055528448
812113886128336897
1614291540
783366496869376000
812022909732524033
3048198492
240784929
811804095392743424
811743314298994688
4433026035
811710524757069824
350723702
811667776679120896
788860246710157312
257684148
811613988421332992
811610761768341506
122839422
811584304249769985
1160251572
811416921295843328
785493284726640641
811360506988654593
811332792571297792
807341020115566592
809789817303265280
811316224521015296
811279939374825473
2208965710
811231905710477313
811251781770641410
811248256244215808
631550964
2429502737
811204169403088896
274527415
889541664
811061904802201600
809596648561213440
811018925240676352
811013651876474880
811009121520668676
810999259923410948
3310262425
753843727
449209682
810972796851486720
787125926425493504
810951618145513473
810937506338369537
810924736163282944
3024307481
799990649311399936
810855984096833540
810836632119242752
707305628772016128
810817200072302596
810648535549014016
320456313
1163171282
810651251985813505
810639822591295488
2413567103
810602591243669504
2172841264
810583878775738369
394750723
810521926829543424
805196817847779328
1013899321
805863604306251776
808873616171528192
810240590180913153
810235458148069376
808883935056949248
502552266
810137219193249792
810093649316999168
810073659121475585
809963193950990336
1184375216
809936388250550272
360388823
2821449557
809843547453214721
801605868152389634
2569200709
927860876
150671550
2755493662
809640924292726784
194686785
809608205684867072
193034069
807676211078033409
809557683049205760
809520472455073793
809520164463136772
1266084104
2545672570
292296732
763061821448286208
809433790032515072
809421178033106944
3319330723
809413781378002944
2962557575
905976026
1697405864
84236360
809389213728866304
751196509610373120
809260071075151872
797354404399775748
1211818292
787497986951634944
336678454
186874637
289160656
808687314159435776
2190885664
934959661
712378721555116039
780069645315346432
809104768320815109
1548937741
809071373012312064
1038088285
809057396953845761
807733590427582465
851461638
798681156686331904
809026630123458560
592183682
808647410616594432
773301568309489664
808889288087764992
167489688
3342934727
731177667890970624
332602701
515696260
3319099995
786034992052928513
3227289711
791659476562706432
749370248852344832
808674023471190018
808676868505432064
209729861
195746236
721886546425733121
808531506012573696
4411736181
566050989
764913169999560710
808423946618019841
808404322832838656
1726538318
4768605617
791282756646998020
808346568399130624
429896817
197268241
707927522072199168
716841794831523840
808308059844046849
808288928633593856
798574468952166400
165606817
3518855417
3217032641
798610848331788288
807993868197171200
477171725
808135363906719744
792017363277348864
808107263135195136
47864179
1266312552
903729894
771182642762874880
2149788623
807720960996605952
807999276366368768
245866329
488142858
807930072153948161
807833177532334081
806708309667483648
241718072
807788137078554624
807766451490869248
807283280475279360
1465168266
807754095029288960
807743819248758784
2529762039
807698682183352321
807682349563572225
2554810738
807669991726313472
704693584608563201
217323692
867222943
167051262
437231715
227957739
807476956832956417
320534219
763943283663908865
3320036896
807417711852736512
887641686
950121608
314258904
707163796989546497
2158510841
3056116872
1187494376
1183054867
239941563
807237221417881600
806953735578468352
507759065
806251773119889409
807108704063651840
807074924024176641
807062368278773761
807057234958094336
744656644160761856
807014607231426560
4649150242
3452763447
806971509872979968
806967078137790465
4078565596
3195421479
763169761475854336
1470919946
806874786974547969
806861608408457216
1700547200
779485727688167424
238246726
4852189613
806728914831712256
806725538173698049
806722820461858817
806686130519281665
169586022
2220809631
789484062004183040
806662662608289792
806654229276409856
2818979540
806626544043098112
806618703488028673
3377511329
183808687
365220175
779538055531225088
744290759797506050
37494401
806553398984187904
784856013065322497
804101133375520770
395569335
806392315275255808
800855427714084864
2986322440
797388988034281472
801983760782753793
1108065355
203659863
806318860769120263
806318012735324161
795018455401582592
375846452
127933021
806253117893472260
806240898510155776
806244212886929408
806238124758155264
806237338233896960
806229682098241536
722505970845421568
1405063676
224447683
806141164126670849
806124407139815428
550172406
3432402706
3029020227
799805276438351872
805550243764965376
805911251654209536
805888033522327552
3210644783
704390769289924608
804413894005559296
805736732335472640
805693045895208961
2948008949
805610965513469957
1184014458
805604813698461696
4822688416
805592058253742080
2181432550
805522377828339712
805492185894387712
805496977425334272
805470424993853444
546835844
805441316356231169
805384161364234240
805282410225172480
805247183096348673
805245661260251136
798935745943764992
805181236138430464
2986021540
804094782612131840
800774651433451520
805105965012029440
805074138050269184
805054733069254656
4883493375
804821864182902784
2738424671
3093652059
2729009735
804894489710043136
743230708081123329
804646894140067840
804755575791820800
753731375606431744
784145404095041537
803395661072912384
282312106
712264896512180225
3290748237
804454807994044416
804394428790165504
804369158225924097
800837696797241345
804348656119857152
804338390401421312
804262088956936192
3704313496
804178432854786048
354077456
804153932578783232
2334607389
795778347729096705
804091172050321408
804052944148721664
804052882228150276
800754667219128322
625263441
723355092506660865
2741880029
803998625558839296
803980215106027520
283518946
803950068231503872
803789593514491904
803766244499451904
758347963
1064363732
803742803004166145
803681155539202048
4825748037
803715539734593536
792168886842032128
803705132873646082
1330221854
3404840908
736169282221056001
762866822848798720
803379421755375616
705542364618743808
803622843401596928
803621471364976640
346340658
781252203235405824
171524074
803585917567041536
170090814
730814096615018500
803557486104104960
1201305300
577730224
803469176119721984
803466040499912705
793956448149663744
803246838598029312
799400617961779200
744565446561701888
796884498076041216
803385287082708993
351104898
297785463
803290247979302912
3420421661
799368577841250309
276796224
776182771526078465
313062627
803025853382795264
138536403
802953466750599168
731243851424366592
1637964355
757528105
199356971
802963281510014976
802952450911174656
802936389847449604
781132911705747456
802906214774534144
2249259741
259449379
802791157063417856
256507378
108172823
802594082589724672
802661716953808901
786895426213535744
792414651376164866
802562414252326912
2366223510
802530069889552385
3430860484
3436158790
802446202038001664
207876953
802329887566659584
271643630
176878128
480087163
802276243945222145
46701635
802256972716318723
3057398237
334820008
207744715
802176789036625920
721526293511159808
4860501125
4246912822
264249596
130048715
2819934935
801889093227597826
801613708912902144
3129874019
236977196
3668144841
4223311923
800429243217821696
352467741
801608694295302145
2966850286
801565382897176580
265556599
799407208320684032
3795130516
352032624
801446342358929409
801441543810912257
2741160046
773175823285223426
803609900
801382882832973824
3289281755
757817721912385536
3432022552
196255673
801106445047566337
125168856
431766756
371370365
157144053
801138552016932864
1663580653
780542346563768323
170479559
292002427
801143234810494976
785879852431790080
2869718918
801114810268131328
789115077496627200
608545041
309694316
800750955134259200
800920544338124800
800837381398085634
800836511373598720
800828352357666816
188369409
800819193264291841
365679245
800816747800510464
800781314571968513
3423121953
343609486
4855061483
150659239
974537672
3363277587
284752835
800489468465557504
800453109168238592
1332970466
800429224150474752
800427263216889856
269877253
740994690573553664
800367520775442432
800366415546986496
800340001531654144
1581380994
500725172
1692406567
800193582975971328
800189177010659328
800166183534104577
800164854988349440
366696553
491645601
800069166648598528
312787464
800048526168379393
800035521779134464
800003230604271616
780036894545547265
799805212500303873
3901872442
2591929041
3225850761
1959566029
799815716304261120
798196064113295361
4892655352
799788731406438400
799768159129628674
797216719127412737
1084857978
771190101036576768
796204031983095812
799693879792533504
65056859
539125394
547403616
1623693870
797183152594808832
799590058634444801
168287306
2947312581
799553567732416512
197143053
799425127326896128
799406824336347137
799395981330710528
627028875
796488832644448257
716378798229422080
771492533520240640
708530210296172544
1107586602
799339220586397700
795972650380173312
775086691707158529
799306256737570816
799277444071096320
799272490275106816
796368707740114952
799253883906326528
799253883906326528
2813829604
751252010809364480
2434594040
799124979539443712
592991827
215065984
795355700759240704
3048253697
799048503796363265
408239867
1106688468
271076565
736646793132400640
165670417
796866391269838850
276209124
3435555364
798972053886009348
3080640646
715644282812633089
556279677
798392626542247937
842335849
183759138
798862552017076224
232233396
530881697
798718742448537600
798710907824144384
2462283889
798478569022308352
798672028572192768
3421170292
798657053589995520
784486189416022017
798617619515457536
762046002224398337
798600491232088064
1354804362
798599976532279296
271236627
797348763027329024
702591443576221696
798538176365113345
300057077
961637101
798531756764884993
196687698
792553116373770240
798499407645855746
798370748276572161
798326293620260866
223865000
753705130323746816
798239560287289353
402308700
93755347
798219538705874944
798203703538962432
480032753
700739505079193600
798024220525662208
178815869
797986028820828160
797954087149039616
797962237877043200
797958313329696768
1975519878
2905589391
2437071625
797920230341222400
204612319
797822484879962112
797812286467506176
3411362145
797758846555090947
797661825118703616
182861709
311944727
4725594089
753908639707037696
797562035001294848
797545805049688067
797548892258705408
797528820974809091
206229255
797504337421488128
797414575394144256
782462650450075649
797287632648753152
796904979063865345
796184288031019008
605920568
796800398715744256
797201633184796672
797199416109268992
1300305720
253293468
200223292
4548408159
797065677945323520
737484754090622976
796212338022039553
796926983997374464
796914167244554241
704302943017771008
796901547024273408
114616216
539282765
1117227475
357930728
787278566337703936
717472609407995905
711033388
796826842745503745
493545808
789917072717389824
796767099318308864
270681259
759498336151953408
788883970175832064
796705131987353601
796677349278437376
796664653124407296
796665112237113344
796434735471980544
553102979
3383697393
796584566043660288
763560703634579456
796547406024376320
402972297
281821756
366610604
732714021791621120
762845390227984385
796432102610833408
796402713038831616
797243125
271003726
796085782901624833
958837512
493290624
796226861105840128
796215691896647684
252756440
461975567
323223835
292062579
794522730137796608
3784768649
796063858930647040
796062616481304576
796061926686068736
796055613381939200
795086687223300096
757950741814312960
796031943225774085
780876084191621124
795994465416736768
738731770745610240
793946900991004672
867270192
795885768984109057
795836628505862144
795795638659272705
795793541163257856
794395712599556097
758487755060117505
3307366647
795725856501039106
312712292
771805198977273856
100544325
795675303716782081
795656713617731584
4261827076
795357898922659841
793883456476418049
747870805439188992
195489673
795448704442531840
975221810
3439477457
795425130738581505
2812224047
795395911144865796
795387143078154240
794035136224497664
200370970
781923336293064704
758480538747437056
366403541
843708380
788908432724226049
2853559929
795271979221839878
4911332915
794598638836154368
795147745602445312
795108858620444672
795099119442333696
458712911
795037965089198081
794776719299399680
794988029102399488
794712124190814208
139874289
781852438965981185
3386524229
1319668904
782920403358539777
794771589250383872
794323417310920705
291693012
794682463972892673
745615923533479937
824373372
772974864261144577
794647796804648960
791771817899876352
781920697186656257
4909516336
617257995
1359331046
3066308327
1421707717
1861738994
794418946761981952
712902586047836160
198539538
794345457703129091
792509515337986048
4766215555
790766038799511552
742194669581402112
128762590
186730977
793993201392713732
1462652401
2413488262
439721099
274630368
793927483838136320
2285544668
793797366738550784
793589505127280640
793205162022174720
1564661383
2790830776
445158660
708631009542205440
1402283196
159613577
793522750602240000
793512993728454656
2766799853
212706307
1436871828
301557135
467118591
274561865
138574572
241738672
1289590830
249947680
3379453997
793311496273072129
519859032
431788425
2193570946
793243172751175680
799901306
1415739404
793238232427298816
1549038674
783857708046880768
713167173032808448
230189992
726047466
4817764516
185736445
793103784780136449
595144853
792927334064123905
256638485
346096154
2272368066
216537040
792852891455328257
791497567913869312
792782635286274056
3090046831
773284742926073856
792754701523644416
138921319
792731891963133952
145089484
792573368331603969
2551280288
792522461577371648
783535526133506048
708392833456218112
186840905
792198600935825408
712501340983975936
792144365925924864
792143578302672896
781964449305550848
792110047006457856
808869685
792098052307812352
790305253375737856
1227532844
500440742
791434044273782784
256073436
791923338511650816
791844920856281089
4461956237
755942509902192640
791798397837672448
411423961
3028261783
791671074471706624
791048797317103617
720677265038831616
722449669096370176
308064960
118087212
210951693
791507364490993664
774292676636250112
773332204210491392
3325929801
784364589882441728
306956390
791426255417667584
723544755280482304
81266799
789972981825044480
570839507
202836775
3048330135
3078640040
791350813482442752
791305577494446080
1273224032
245556074
1135883582
626061775
162912096
176309340
301741706
2800421402
519912576
3151599731
3076736454
791002000464941056
747973747425026048
790993202753011713
1161529268
790959577336541184
1561852747
790914313410273280
790904937106513920
790641797911445506
113533451
238285505
713370230257491968
2891473764
790350973785010176
3305296894
3451022055
790323167420112896
790601615707344897
790637231061041152
217134590
2600931844
707674545977761795
3014360199
790322238453055488
783043662011830272
347934665
790350932139737088
1006512823
1054001989
700701343003103232
385730340
300924630
2472744788
773313201203216386
788911312256499712
790381028305211392
4443060495
790326202254888960
2263388496
790280513500094465
2207673954
320783811
2413451535
1443930770
703412844
789693290849398785
789675586289594369
789685079161307136
266172015
1087247935
783297077719732224
2757345507
2881257467
787454467633537024
723804258831859712
3324040871
226719076
789257587166445568
1416638899
789221328381480960
151497301
743956879
1051213568
289968201
789126444802838528
937606178
3261109295
788784487480066048
789112270731218944
759142463223267328
787827539536404481
783755416274698240
788981152455557120
420317741
963492408
759490530434842624
256607018
788712141587091456
733713739317452800
2305384483
788868343306522624
3082552150
3085312077
788800086721560580
2599209613
3375131489
788739631961501696
163156883
788383356945825792
281268995
3398125426
1007690443
425448503
788524440455897088
788524440455897088
704348224904110080
788431365855440896
4832986359
781831640419069953
1633429076
361983475
787806656432377857
788219305968144385
69728476
92841548
768869423079890944
3126952534
4205568401
788163251553067008
4895608420
711768388117385216
788134743468544000
788134743468544000
523740555
3100487716
788089848695586816
788073934172327937
2734148776
788045811880001536
781914996146135040
788008783461089280
1363424082
398892165
188322538
774812419906473984
787865362478006272
949116894
737125354352091136
787827272984170496
838494414
216041122
756311893325799425
787802533955796992
775483228526374912
760495587989020672
787769647764496384
327962221
2700946193
787723334985351168
165548354
787700792274853888
2188958785
157893325
353274394
2785263904
767122515844075520
736342651692257280
787478936611586048
135196806
732692387462565888
3408214438
787414618247458816
3988370483
2167058023
787338271894405121
256741714
4857891089
787289021714206720
403733173
787029706357047296
755444270023204864
780956913303519232
786992323632701440
766014705232121856
1122440438
786910258375581697
745971051595706368
266236353
772095840517287937
746499186175188994
786739467444969472
354107800
786416229380751360
786721901439836160
3154332053
770418383925936128
786710957506584580
91361382
784192594775576576
4879529801
3355957329
190863919
786401160018231296
786392750287679488
786373865559711745
1244092921
2339775480
241305975
784192937211101184
786335362549506048
733735617348141057
786318384216608768
500899927
2770817593
1131852558
511917546
786245138435739648
786238740087865344
784379042732605440
785871014496468992
291470938
786223775125766144
785969189378985984
786215177272172544
780150683483930629
785150362445643776
80639856
784007711037988864
754374101796618240
786065448689340416
1053900235
323545833
276735444
785999360987463680
785822286653906945
2565504998
242743336
778646021240918020
348006013
1548796106
785957779026612224
326875600
310356246
271434817
785946993021509632
452297691
768532455963947008
3371721507
85688250
785245588472422400
3249732599
748322705821302784
170372308
780536452878774272
783798897768538113
474497126
785745395557212160
275072857
313666527
325635280
781912245320159232
4798418075
3225160349
2423933107
785202599222009856
783323010379972610
2964762189
181594862
2190541772
2735215288
439568862
785492858254032896
3178429961
784024507220692992
3493298836
2515840795
267869749
785462922617167873
233955351
785316737281560576
499596140
1290280868
785279916950552576
723354768601550849
717450592617164802
754418644680138752
785152459224276996
738820398121373696
785111702610247680
784518184120545282
774692042203078656
784879422713237504
710837830633840640
784870048640950272
2872887095
730918228789215233
240729294
2907193648
784751501587714048
784741341649567744
784623389134688257
783684660555550720
782615812750217216
784538514692182016
844537130
784509476401475584
723692975444910080
784406124808241152
784384970961870848
784441337689104384
731517577613197314
769742075986345985
2656657854
777301375470428160
773285334075531264
3406237613
35395643
784240271592681472
463799483
784223089102053376
784205732967243776
711295493972893697
784185106789502976
130577492
29381982
784135756600242176
3121821562
2452425807
784127100806717445
2525356999
2327819762
750545132152299520
1198079682
784048433703350272
373569184
784037948505387008
2401629288
162206973
767457723399143424
783880146914770945
2789806985
197176991
783845900032544769
773858220
536424286
772592908583202817
436748978
357322141
761588675499159552
783838377078554625
2410344054
2720568198
355121924
47851806
406017223
763364902023098368
783777801849667584
1947667321
3572756721
415282280
2527611942
741339380447608832
3958870156
3760879337
426626209
226678066
3752148623
780529649809969152
4257871877
705497962063990784
3503375669
1713122292
3311480879
330355636
2416444694
4264978463
783722385660899329
2815834386
4745176583
3289531210
325841827
2436417902
4645859013
780778613473849345
4404737722
4069566262
245862158
2574696443
700826772
4786973074
780574395928502274
783696415201656832
335659530
222331752
3328581886
180215675
783674865832366080
783673547700989952
3393854847
234485588
3027030603
783316976265465856
4860977424
2524853812
219123979
897879516
737701202734030848
220068802
162114517
1003021255
783302609243373568
783141722519924736
779782705349271552
2747468189
783097093435121669
783062483191947265
2377688203
1226731543
782966169737330688
782768691595341824
285849404
759215591031005188
782754018414080000
365718268
782724406036553728
36378140
782648432829698048
376932814
715362123182907392
782379110672859137
782250657436798977
755930361234878465
3130764269
781653700725002240
782281802421506048
256095424
559887208
582483795
292398584
781945625797681152
587188989
3398803299
781885441805000704
778287728928620544
614509417
3428597398
781607561032298496
781837800652046336
781767498228178944
781696281295093760
781597952271904769
4843565651
779449491875323904
3157242875
131003625
781564007455031296
781546711835635720
781550589595516929
215818081
4618460715
768204573173485573
781476235109072897
4924766026
190721855
2984922778
386454565
781335458466988033
772528633961385984
781325291759239168
781281090120060928
358877809
1641000170
779383121158496256
781203989178310656
833598175
773973473601413120
3289313631
556951461
1941401438
774579335286157312
780960993778237440
778415570672910336
723734703036084224
777646030162649088
759060942223269889
1656797150
3000902301
732696854274707457
3367509844
339089508
771079437253214208
780820726051774464
3438405419
284347989
327717951
710672638314676225
778312040184156160
275701282
780609051411386368
2285001503
780596112939855872
780567376404152320
712696396030337024
4124482252
365112624
123569703
2838272571
369342171
211933273
3346071935
3289539531
162168023
779486400416735233
1315191799
4915680814
761284702607122432
777152160463220737
3398556022
778316917547368448
3242387002
721539236671983616
779906114490077188
3979348883
352636138
4893294076
882649886
779851765885898752
779842136195858432
336889385
2970390621
779761822740180992
779761543554662400
779717646254243840
779700077673779200
2855960997
4024686315
763919676
191170782
779531277078765569
779153860623491072
742135356305383424
1661597575
769024141123026944
4128119415
868644618
779358513021595648
338505409
1360155602
1915000454
1493126215
55383723
347271199
2209685671
779098929250070528
776617081760522244
779130634002395136
720579565911994368
779071428016631808
2922402935
1220376006
417374742
361330275
708461454798757889
466856095
1976842892
566532909
771031469749829632
1634329950
364485138
711206223530627072
777298692541935616
335594175
953905166
313038115
48174821
1258234752
2334544147
721458939083276288
733355921028571138
511919755
4796763922
326864420
3011090705
94735473
761558999196131328
778313810562220032
2562631796
386355803
721696563345649668
4903217909
769346548346028034
4729973241
1321204524
766675310704205824
758449403455762432
1020384734
188855392
799496906
759952444432449544
777930088486694913
198722024
345160458
777740736347463680
776961469179191296
704132537946411008
537357560
777959807659679744
774248075774877697
777941873323286529
199025415
768534840761315328
334404974
777920431340785664
374711912
776931165861183489
773581403980169217
777624599353815044
1066555843
821299188
219115655
708481197836468224
777668238528356352
2965154249
221035376
343799672
777637262469259264
824467082
2353369802
117772211
297619548
3389716054
293757105
777544665151201280
2956060031
775060773848612864
3846763996
736036618809794561
239273620
17620038
777518139403857921
3373292866
2520256222
355196436
4276542591
4141268129
1169086334
777367318431145984
199873753
2864498723
777020936545599488
304689105
741421223230464000
776922745280065540
777086414848745472
774687522496602112
2767576503
776969051797131264
1915864560
386820006
776932736309293056
3078561009
762641406196416512
259024646
198613679
776802779239251968
703219911959642112
603072650
749584548430839808
3093667444
3304356010
775012385337774080
776547463800946688
776541725263273984
1641337795
2559683559
203310366
2810394611
758448526762319872
718083912401027073
3869003535
297515786
776260610107576320
776234123581161472
776169005761622016
767894335555792900
776053574908440577
776193441445339137
4822751567
3424497783
2746911171
274721450
776063832817041408
2255526034
774754592533975040
459783180
401733059
721842978411712512
178081008
2830358436
633320255
775787715208019968
857328984
90784917
775692066303115264
758724017935253504
771760204010717185
708369837773496320
3383799945
104177708
772633403611025408
775398179453988864
1021195675
119078489
3192966526
774670808400748544
765671730572558336
4876876565
724435202190225408
775433965272461312
1931805595
742720490238808064
751532297086722048
772805527432753153
773171045696172033
775148550590230528
771719812452147200
3359058213
145739312
771528588982038530
2276753587
775039740135505920
774068252150493184
328209429
716816325843271681
3424231623
341194329
774800161511993344
1063972201
3402917992
269444072
3327949516
943509421
364434079
750130320729575424
1414021771
2252171287
774682955235155968
232106268
772998517212246016
772479368673329152
752971466967289857
903129044
2558845635
760543745523720192
4739337503
708074966907035649
3327785620
756189898810363905
483915013
774392447052939264
607501609
768957072918585344
774263194500096000
772241184509071360
3402516699
774247629224108032
273718123
1442242488
774212369115410433
218705698
43158752
183672768
2448412854
307448596
355104167
4871074835
732981786062532609
770096506766516224
774021156286390272
198268608
773992143094513664
773909251630792704
771990460453847040
2753001273
394482857
2151284421
721802682227421186
535468630
326975570
4720046242
4160753357
773893665706082305
255255051
163170829
1287410137
2479845672
223498568
1872893358
769251021797425153
1104701192
769239150478389248
746584782658740224
393073866
286222590
772783762925060097
2549519729
1342905518
552882798
2900255602
152299913
169357752
762874193306353664
605897205
2970605561
1258447951
1861536372
773277535421497344
346752671
773314319362686977
773291510892756993
762389208
598112910
228898809
2890137712
770718744112926720
277280355
452628604
353411365
747632514353733633
296492603
4568269239
64448867
745045255460884480
752601260558352384
143533758
1644284952
452357361
4239515536
1120859497
296881088
1689310603
316255163
271093461
3753707542
254280399
755412277768122368
733400235519545349
398523519
772594376749019136
540260654
771543473254076419
181327445
3130914609
273051420
320863007
568820478
770795882811838464
224359089
755869522142388224
2308412947
772115123221753856
720782000311939073
772012641694998528
162159622
756684925168943104
101849863
771783249517486080
127686384
3432965302
1654007706
771830985189101572
3616617857
1663800272
2903836337
708279307307716609
273649985
769354807316451329
460188599
2754013715
348002281
753696282368176128
769343068919193600
1416841284
997964269
771149010400845824
746405343798910976
741456020095029248
1593991806
280013668
2222423357
771447678362419204
752574395873460224
750064047643561985
771361866744471552
1367851290
771379570981400576
195939673
1398429198
396520622
771312070398611456
609460078
757430162384416768
255061568
769029293913608192
770054980007059460
1334507592
746060869965070336
76091051
2528515529
771072743613800452
769915201735057409
771014845164556288
771011905494380544
770987203044532224
770636224235208705
766251270491500545
46194319
769026236026847237
571926341
4863026253
750860437256859648
823317973
718829814489227264
769240942163402752
197324280
770668429850341376
767413464797241344
202035156
749923517391593472
4270626556
729028095945134080
145024131
347622074
768293944861925378
548880669
1365891583
170911937
1308687234
770032951476224004
2264873742
54554968
2163715400
769748909954596864
214669968
747814088
4834941863
3304569981
3376697842
738705944629137408
769684477966741505
769676091573370880
769568904490393600
769610438548094977
4307702061
426927965
769510458642599936
765703563213406208
15031582
1365674575
3434291056
334147053
2923331421
1370703846
110833169
769237332390182912
720770552252772354
766330152485781504
768188044583264256
282373117
2967997311
963360654
718262221
765289747153551360
2971477965
35011753
768932955771183104
768913346850656256
832378849
2564414793
1507845649
722912528578154498
335682974
2770295795
768862792707440640
626105428
185056031
2304791
3089209270
1287722875
701802178420350976
616369717
768551358173675520
334328207
2751375887
300557126
766019605416513537
47684736
1226612078
287028793
768686897392709632
2463623413
276822532
3154581542
35102607
14751223
2749686595
2196627824
381225981
768548018849193984
768547347584413696
1250097650
2817309896
2360902257
768533894492717056
733877587
2755220873
576498137
768118935367651328
245423036
322183379
3405740177
768456660218212352
4159242555
166784098
2322991129
234040117
722209412425859072
202687067
768306341093847040
232877346
763915124822474752
768273427429855232
2425524465
705399166151860224
2386405607
765600392533114880
1117760430
766440724946677761
232705239
768151179935227904
3108555039
175837314
725340551726260226
462122245
3188715462
163244181
767480854394335232
3877248863
1222956085
767374034019487744
27807595
108020291
763955281181061120
624128222
597980827
722487421632454656
738188696160194565
3549790515
3046678765
731288609043718144
136983112
3297018671
3249953681
220143229
765717480618754052
721818553200934912
744729154852093953
738601683924590592
2298443786
707362434546339840
4559345614
318191882
729484353722568704
704404949359263744
757607217512214529
759188116880125952
3668310323
291419197
214249646
215698039
2888842954
767224393005146112
2751377271
374009132
490788193
277840695
767149752085602304
4352716402
508132785
786173552
765559985875058688
192243829
733366901716443137
2465330971
767089505534873604
767045948937830404
747502903963820032
76104851
205350375
2957444446
197204372
204960463
766823569510785024
763490921916792832
2711570956
92593853
4050462201
766667880540823553
316360036
4774663053
757673404598280193
598738438
764592739564617729
210251983
759103279926239232
766458084843749377
766670732285935617
1258034408
2988987970
2745991343
766479509491253248
158953775
766620285793697792
245013004
765378813857497088
263183100
763701301154807809
399044850
4099914873
2965590364
3325724925
334954858
766459913526710272
219440518
2859617055
107798154
3344560109
574184744
4535350212
187799315
51548853
86129698
165899997
765646206982905856
235247972
763526530593124352
4833817443
766021279648546816
718775401
765994998324162560
2153175455
765929430023860225
52739682
765692083646689282
2928440385
273210671
765687062188154880
265493409
865084153
765729227056541696
763952614509645828
765692860209459200
761913766065963008
765682321471238144
749916715644030976
913334383
765630396163825664
765600020322213888
1076760715
51548640
730761171859591168
765584984631566337
758677280373825536
764190279482179592
49011686
2563456369
214749660
749313293387501568
4622029817
765278192953352193
765245719699742721
202693283
764101536469360640
3594074116
4862079169
763784064671318016
230602987
62418891
375258575
357193881
198207545
888608688
4903038070
454860657
757256173334781952
220555081
3040805169
618560385
757258024218165248
763808092492472321
765004613628137472
764927014600138753
915999841
764910650099429376
764845469981900800
721703010221625344
191957996
578946058
4892253213
764813373464870913
764811092451323904
1052978808
169129644
3022425742
3192511907
1161546978
191219354
160078352
295322734
764503631563481088
340032927
210183373
759857226462863362
2568093740
1577918648
480614109
763562254616985600
757758512
724055966724042753
3305964545
3315184534
757679945514614785
1098434660
370938063
232670938
763906182197153792
763874635997966336
763840105425559552
763823461915627522
763815334054883328
303938266
761940979901431808
930466939
2267835936
1448856860
749980415386058753
763559595117805570
763562809833783296
763558590980427776
756155426090037248
763393343971794944
761813387135287296
763430075022905344
761019123883212801
763383166589689856
300438603
4840013841
243963993
763212845748195328
763144743656288257
752332157725642753
755446882797756416
3002442753
760953177600561152
763024494286008320
763019634400518144
186111410
1526068298
762997211709968388
759503569024380929
144650883
762985835931328512
2463945085
757780199203274752
440910478
3442290203
742025480908513280
254569398
1004404495
254866502
762886184703959040
762886321031434241
722144029052428288
762873975219359744
762872626008186880
762851433523712000
721848281622585345
762871245239033857
762869812217323520
3623813380
381262128
248930257
352413510
3788299049
721854116239122432
762621958202789888
1239385165
231149462
2792292612
751290484312727553
759353543883157504
755308932327940096
762294268375556098
762264901255651328
4115113648
2369506776
762100615396884480
762089446724538368
738507102931550208
401594660
762003604790181888
718616788930600960
2438552546
761953723539128321
374667736
438366969
761687471998525440
761908628920082432
747110497267376130
741442272764547072
208143184
759837349706604544
761749979509755904
207508257
4798909264
760210343213821952
736553521089286144
2805133036
4844191559
285860976
761576689163968512
744697194100424704
298542249
745082742442987520
761386961332473860
761393551599075328
2867573284
761226383871836160
3233746478
2294568743
1223252706
731237237753561089
703765232213204992
1218302294
481648952
754860276818800640
4656126257
2249034245
165960777
760965247859646464
760963833796198400
755815316203208704
291885840
760909870426120192
173460363
760614460042141696
602386152
760835101034962944
2416669025
291529397
742926861357973504
3234261330
1671347443
197306560
743889334063996929
757584474733502464
165859709
760269119304392704
758460726465990656
747545619795939329
760589737186951173
410195105
719996132575862784
711381775784747009
750530138618617856
760423437705838592
760347358664228864
760340243409174528
760253076452282368
229954767
323601303
594215747
728064453648977920
208813744
2417589078
760179157900861442
160277043
3128423762
413473214
703716187113431040
156493306
759906538555314176
3313585031
2350661983
753783341040668672
3435824703
585901985
2308882363
759851660340408320
3369232623
3406545693
748224357554589697
731793157189406720
325917023
759748710439936002
752348302390288384
759581564888084482
536625833
759563538893529089
1646605292
615317014
747819357158387712
759509937978499072
759516563653419008
71080811
4251259335
2514211656
280508307
3121552445
132192611
3371476672
176943661
286261049
709054134117339137
721678556863074304
725085440320126976
759131795275276288
759128910365913090
191114385
759074855115456512
3314210693
118232059
758129133968879620
4157514508
363385410
328020306
833349799
757793508631547904
209384795
4831214175
758682045447020545
153619271
1606992378
758765222844895232
758751711804559360
214120043
758515462967791616
758684347784462337
748541953164320768
758519569006882816
758500841947074560
2392675136
3409483721
200388036
758435398687285249
73731980
758420322920128513
722175859650609152
758360486215815168
220108723
730396491920097281
734590380927246337
758297878313988096
246977144
758125795344846848
2744892225
321043217
374081220
726825146871386112
301481593
210297174
475866526
757596055731142656
757866803313909760
520832902
755924428786106368
1659988741
757955354110099456
833982787
718410544512909312
288441782
711232627651551233
841453662
3342695471
757816191222026241
757795186135052288
2152008033
301238461
757735798200528896
757724562436067332
757724111615426561
241091760
757674171224686592
404386454
477300027
757606405495029760
352646059
2926016981
1081624902
4911841733
173673676
749439963444473856
757273184718708736
741756506220171264
755050517714374656
742595170353434624
194564625
755524274643955716
3902655495
351343414
2670798222
728443810192056322
719530517306023938
123877794
1292458388
2461552460
3379107076
412600556
2451767923
734517127542153216
3514437322
757253796921798656
757194597261053953
2553357611
2355557824
706888224254369792
589591692
3403170635
757046950181085184
2736562853
2490136796
756951252488118272
722533651813163012
250865945
2949599008
756822464399892484
3264465089
201941888
756642536433782788
2874321125
756572497852628992
756560933636440064
731575215059292161
1380481856
132365959
756493827632955396
4906471931
340672423
756445350303588352
1060894278
756413903337361408
76278025
4302987857
3797536167
347636584
94829127
756290163861585920
749438358598934529
1258196780
2424069866
3046568696
296075601
755843173537034240
2494802852
347334487
2273149776
2745964631
2465360131
398374662
119788379
708090030955368449
2339212003
1362074887
1460705684
754789017191845888
754399575058833409
730497269900947456
561515804
755783219040153600
701110569328373762
755751404732551168
755761002717802496
723227102431072256
218622069
517227944
522796734
755593761577656320
4157810415
700424455810588673
752328203511930880
338849724
243256533
722456693704159233
743253545714094080
301679928
3432904403
732233335783718913
727972562077163520
1385972460
755412120049770500
2559775023
755205179268628484
306338701
234423649
755259808471810048
4831641082
755189160529584129
733030786400694273
522367980
755157263397060608
904809816
2884919099
104332415
3350202808
2161256930
721815688566992897
1015494421
3404240507
754863561583755264
248035136
266362461
270446458
2963493167
752671901462454272
754717550957723649
754716968834441216
1679746441
740572725954117633
1141181988
730427065258881024
754532220153565184
4253667033
754394095381012485
4194488122
752527431551086592
4427549146
184820851
750442631025532928
212114907
722583003793371136
409527897
711046889672728576
709804739819663360
733106014413807616
706243509993480193
265416767
372309305
184944415
753990581639057408
726236079188250624
599528656
395988096
244345648
753839480730103808
966231061
748174330371117057
79771767
1069481701
1155713964
513713451
1729998462
421477396
753664619319877633
753640794549063680
2242570314
186414637
4011474135
723182542946332672
3004458761
753425755334385664
55286113
728694746
753299868798582784
2944137087
741858211435827200
752681530628136961
753263523304701952
459703392
753252059093303296
439786219
513252979
3357841523
753210507088236544
163228845
1648216087
751994731878617089
722875049821253632
745498547634614276
753006511123816452
3765635063
751362324016009216
702950086003855360
752949702589575168
752928539297611776
3293593914
752885701490900992
468539423
585380100
3171822857
752716283456675843
728322153251221504
1173157999
2788265414
2282488690
800722190
163512270
752670055662518272
752671913625919488
1360479224
704307061023248384
752202130140856320
250404644
752455463837503488
729802619506528256
4235615415
734762929296408576
734606353793159168
281211369
752337834502160384
192685220
1182505375
752331160697602048
752326060491046912
1156689996
1087674884
709151187157831681
752302469582061568
752294161487892480
725510227391578113
372896635
736758448612839424
751123166634934272
3379768091
3257866167
575015191
752190846879997952
752167790904221696
752093932306173952
3116805537
221028846
751845274184740864
741514999328301057
1345322437
751759214251573252
2895520552
748577895883378689
3043229957
751672958091952128
751637881416998912
751637256830611456
903088195
751582107403685888
739609217607335936
738375627645063168
719580954591961088
751387985279582210
1098486181
751089496565899264
714925522707308544
746320374506356736
747884706050498560
90726730
2281085436
197244909
3360808881
715248144972427264
367324841
751126757730881540
742360235298435072
2750841623
274237991
751073489528975360
3320910256
751069297288634372
732855045792931840
281716227
741477011273715713
3362688623
2997804081
750915639443910656
109938511
750881315868831745
750872277068242953
750718783715733504
734357443594059776
750774645327093765
710553869772783617
234443490
158958626
704279972043689985
3244139153
721889126811901952
426674128
233060469
360533048
178451395
885086118
750429557455515648
743483908579287041
750433479377158144
439098688
750385661954420736
748525076417478656
3906158779
750352163315023872
248083317
716313897188335617
750107030015344640
750168097370284032
750160408510664704
104950979
186982547
708830089010663425
706655371302191104
4797831563
243454305
750042083365384192
946497198
193078469
570943426
427328854
749994067061252096
749993975696728065
705606835701719041
749967671773495302
712808972433154048
167802358
567372311
150733169
724311880345460736
159527797
151700660
229719906
742741544348831745
1107695520
4214724377
887049554
733140279981690881
415818604
130393835
738373206927650816
739168384655491072
726496251685036033
746402461439639552
2831724388
749681820246081536
1597254685
787556528
3361214152
724748901299961856
710306855399063552
749429634819887105
749400328676732928
4697382205
289105511
620267121
78355722
749225171861532672
749098370447183873
748515104078110720
707009310719668224
943715677
4838569527
3323411693
285684805
488118877
717336235501625344
562125506
721539624552833024
748671538568830976
329423508
1493331986
726272542823071744
714455933989031936
2437168362
264430856
2874539685
4924310716
3209549307
726865030004805634
747887099936972801
747281163224387584
2581092454
2570164822
747988822630105088
730060761435918337
2178500603
239484397
743252657083650048
2949705351
255105940
2186062625
748169117354594304
739647326428495872
724403739868717056
550092445
721882662093373440
284614466
4831556669
2335008742
746764098877132800
140590864
219350231
381578232
747884055627202561
229899655
747869752144564226
2995954815
743111930160787456
747448901498736640
2744652509
729717023400468480
2606259159
257691803
271107330
252192942
585143656
764522954
2981788959
257773820
740695879833792513
746891329712623616
249839443
390424520
747264602174521344
702992292
224681102
743097001865318400
239218032
715360338942828544
1226257321
744714542698139649
89958172
378903139
746805536071491584
2243346473
747125556525862912
736977899513843712
746141226106257409
742736359543169024
746896204483694592
741836701203636224
746828848147341312
284809286
740157641473855488
319912267
712738720814907392
307677665
2537185245
2676182434
746157861772861440
745815215028199424
746555486288384000
2949858675
1642093280
287527653
1880891882
746282491766509568
746157794072662016
2783270612
746127961238212608
323061631
275568780
1961346038
713144307507716097
245843684
241974666
746036422545674240
717641369
746003290282942464
247702938
231547986
353769434
745986323496996864
1635502915
3983262441
745020248072552448
1971377948
165978718
1389588853
745090522042220544
731597580082266112
2254618449
727479987415224320
740664227006943232
738698568912011265
745734105216745472
1114525070
745728150877929472
417467203
134943152
744297570990690304
588928263
742428727787855873
247923536
2549411873
160931938
745251319431204864
251871639
3691756761
2979175145
570282181
745429695035019264
269076707
745394325865979905
3463602735
212780057
740311468785041411
2675503711
745298268792446976
723877633746935812
742934221468098560
745243466603577344
2490855871
745092233112739840
745087651083067392
2751374157
745063790593646594
745069223584628736
744191867563216896
4183822407
704739069004279808
745043406515240962
744920473247559680
270033000
323329994
3302022635
968504406
725413640401203200
1720608728
182403302
723374341073727488
726212346104975360
744526647106338816
4864127907
2693317931
264576517
720032068982452226
742536688606576640
744274870670876672
378794610
744242743560519681
4658225260
3903404779
2266119691
4708807827
743891658740277252
744048406440644608
744014790394318849
721383616094281728
742010459931463680
741763246454104064
743963181446475776
743897753605017600
140967729
738138121410215937
125128117
732003356835745793
743831274834530304
188930117
622947973
398190673
743649074990047232
743622771272462338
4346355934
3019066763
352513263
724727658924376065
388563875
743516613257924609
733512750
743457772633657349
742350660092461056
199843499
705877554910117892
732663124986335234
1494333858
4850430747
3171680783
320494478
3103343542
743161572810436608
469030675
743116445672951808
361200635
2525935405
409468736
3291319867
732718849372610560
742579802171924480
739311406718275584
1912673714
742912510760747008
14425709
742903409599217665
133123325
146867234
296601239
3540227657
740246633393356801
1400760158
499276102
742801133295505409
3063960797
202645587
341533665
4715323396
742736607887921152
106915366
742478768523120641
353191412
4865728997
717124359832346624
4615858156
2881453558
742590070511788036
3627181335
2361802871
728040448430845952
742529171457486848
90310753
742496928420798464
208277541
2221581572
742457956298575872
710284733029228544
739886384505335808
742387275296821252
3130717052
503748501
739184869461352453
175493482
742209102349258752
742205528940634112
742169043285749760
286285094
742149607543738368
257239806
632537438
4026165095
742041791948541952
742019031780237312
740706029479038976
241483362
741837790036537348
741813174408753156
703716447801970692
267915143
739425404298088449
740587382576185344
454023762
1367366322
741720169291087873
741691487876964352
1027624094
2787710392
367917163
741594166950559745
3764727321
741444949661646849
1278615894
141434976
741425432298393601
741382326094028800
3893550999
741333075007819776
738858454941634560
740547904767725568
720258394368643072
3344824486
491332790
91161194
2285375413
741100157689827328
522342064
4748332234
35869103
740908315471908864
734519184332365826
717474348488126464
4896316505
266886490
2213171697
740697218433331200
265468936
400206434
740668900354981892
740659615722016768
740649293586010112
1336742078
2468319931
3201827350
292769977
2924233623
348490043
740569154479108096
739665493741670401
4839981575
738884061310156800
740487219803238400
722365787361710084
1480942681
739902953583169536
272091931
197210991
711212960702734342
347555205
740251423082983424
740167668842516484
733115852548112384
721756825784295425
739844685515067392
738116021177987073
739974743680536576
975148573
739944964923265025
4298935659
2156482581
253270967
735909510234181636
2840674972
724810400626302977
739829184172851200
2350376772
738926962798952453
327547279
848132227
738726680634744832
4896842747
4440406408
249445555
739574521993269248
717031521467703297
4730358021
247603380
739518709979598849
739149403160776704
739448799337324547
739263763539447809
2377661589
