767910101927591936
774837619855241217
737793996559253504
757735733436088320
3848658316
4885376883
2458975043
809189733171658756
800022591360667650
1634275166
798451056619429889
808397566077374465
805874796428922880
805968610585874432
766485001424822272
744371382583164929
796734950976294912
778394660280602624
796723341159788544
4669025864
4175194333
780952986440785921
770079727621144581
781296488349507584
781151612609802240
437828830
619578452
764712016091029504
756720318534651904
742909132236152832
738497207939145728
2929260661
4050247280
3972490992
3538538417
3703459632
745785926861807618
755481091398434817
699135676676112384
2717845951
697581240459726848
710530175155445760
3737988672
727545629602287616
703812094735454208
4858274853
746846341410627584
3316270644
4700483118
