808545924955836416
304545888
4621006907
797081869875605504
781147522945392640
803654913557405696
795852354742403072
783763722716192772
776045735108349953
787413870373634048
796727222602268672
796145151269867520
796136267301920768
297647583
550374174
2588700881
772640208605020160
791973791828238336
787422598099570689
787414765480058882
1674479858
722188225012502528
2548050883
2283725553
577640691
775782214101504001
426389494
755443503379939328
765297011486822402
761330247845441536
272706410
722505580682854400
755159139505102848
4675826173
617731763
4890792869
2743644269
744386064438149120
2484527900
248996457
733791866978762752
731537628793831424
392601411
356891470
4827440671
724265173926612993
196423494
2518060510
196342657
819690746
1957654106
4925360043
4429547518
569604673
4589299757
4708342341
3246345881
3613542797
981088916
2885085579
4302733833
2649728966
4096829483
4038900509
134065799
2434225034
3379787555
3882522312
3870156793
3760007474
3856049834
3905480656
3862184087
324091979
3386304207
3513827176
220758654
896594492
3558413121
3530193436
3310728683
327525956
194868745
234423649
978692016
3258966418
2449997434
3394987995
3392067795
457544488
347209107
3127556759
181327276
3405786003
1713940279
3399310151
286271336
491787366
3294417822
2490531385
720334038
478648383
243854516
465591984
3389474962
3287906796
983814372
2752010991
2793537901
2597481756
3357638253
96216241
2995201248
2590537873
3310162180
1161664584
3054795875
3248275803
2443172214
3142326401
3028747815
2956200488
2395094754
258977206
3179433042
2560727741
3123503617
494359996
3169764529
733855573
3180892900
362105443
1244480965
71043772
339939511
1081707235
2901969164
2843130864
911512093
2973298333
3077700737
2994061758
1951405844
407826380
254856641
3051718268
151319412
3026412500
3057801630
1611993985
3054052009
2992541374
849279115
3022212972
995905326
3024796054
3017921727
351153587
2998194889
2787699656
153104640
238712063
2873156094
3003690155
2904773044
1972800792
2904733792
2980642731
766700023
2939829965
2959132404
2200886819
382656971
2288993439
556107617
2352920640
113906222
2903160765
2914547363
2914562638
2915115707
2187031771
1453343058
2902230101
2916940187
2761696402
2275203613
2785221614
279077519
322312325
2894212487
297112353
2802215234
2887189213
214548608
2837901185
207180319
2828953310
989084424
2765695383
615599679
14264221
2751460797
343054865
709445317
2346778563
267688713
133965299
2685119828
1008805927
2672375333
1909359355
246358926
2596090143
208070902
111995664
125145932
2560983872
2584633835
2574434026
2576334423
458993750
2539914854
2543644581
2513600857
1088926118
310343979
2541907157
2486251039
203647576
960939200
2511875398
2346552890
724949378
572896430
2171577160
553970174
740808199
2468576308
2432462832
2302084568
1920067848
2472961595
356649217
259798170
363937386
2458226811
130889913
891951000
2319989600
2412108697
1439371070
565637226
219119688
225407087
576794655
1315736239
2353165413
185814258
2385765276
2406938819
2380750182
1907890129
598086975
202453845
2329484183
182881353
1876855705
1361122830
1110592249
323438701
772509060
2218544416
1071408865
2350556229
1780934618
2155117912
1542424112
2339414610
178919504
272015581
1687360634
2333964606
2258172432
125251033
298215458
82977946
354722539
2324944872
232232531
322795631
1639058970
2316915237
39001244
1883119526
41850255
2243916411
1683809930
2305902728
2304681854
2298475404
1520616194
2302524092
2284464581
2301542696
1074442596
2263229030
1264521308
307573407
1615648038
2196792295
2196901932
2293719248
2163367447
309399609
2286444318
362119890
247418375
325339053
382695979
2266993102
93011297
2280695700
769477722
2278440253
2269041590
1137301766
2274111398
790579873
1538916511
597563105
2257370488
2254077039
431898229
192109363
149868308
318848071
2237377582
2255511468
2181322748
2232280029
2203949803
1021025953
2195512354
296040929
2208205686
286026402
197234294
852820638
923927528
2151405958
2250054361
1956764268
703835822
309896152
1856227027
2181385036
2240639058
2243088181
2240232942
189651263
220320296
1408416488
177699914
1274368332
1862278063
2207994859
585466344
160206057
217313588
2214327847
2224309218
2199873595
221190312
242455405
348624855
127309612
219150248
985926319
1406786862
484019535
858483822
335083042
2166868791
244453998
257579181
73456381
1036284000
2155078239
2156397792
2149688586
195260684
840243848
262480301
294411673
141415659
173636510
169842346
1965199267
205299166
299866454
1959972600
1564587962
714067888
190778067
345675220
1589267178
322379996
266896967
238450739
213151343
1927635481
1936128343
1934408246
1061592397
369658120
1925210323
1924839397
1635950112
249757463
457749411
602644894
1102533290
1901537880
521062727
216168845
82175728
998887741
1849677973
162267614
544280507
421571337
136029156
1836758192
1852497386
106870187
342810967
1721279552
1839528198
380649493
392914870
866443982
552879061
1717399663
1473151170
559161907
1729459231
242402429
1719345601
169663334
1721118529
1722053586
176797602
107141369
1716861018
1717983931
386204092
305206515
1447541094
156630895
133420956
224912649
1023963972
220818643
1694499264
517572126
245620136
63015629
904600356
502280258
1106971615
1597088941
1198426231
1578775698
153562962
232240475
837127711
1659136664
1669244064
1627099146
1472648761
161855551
1658768040
215497210
38137548
901089530
1411080888
1246879034
288420330
98161564
156272979
1651447346
1639109450
1035859848
358339064
1529487841
131735192
1120259520
1546204992
1411834340
721585424
32772074
284760369
18640921
215762718
1589089129
1598358926
1520157576
1597692824
615757390
338036642
150492921
1447487929
1187462527
1327616594
1092363625
218700751
611060994
148837895
515985372
177097172
1382971106
292975403
320405293
1570124137
1344740582
305231555
1584176000
761899063
1369988196
630305670
208172943
341903550
85658531
179180235
1124789574
151752831
140150097
107508309
1567236812
191081178
234724696
818831528
1512446748
1558886384
503827839
867487471
761666828
749691504
588486217
1551500563
161228662
1405974631
1533022045
1151295301
621127464
1395494162
1552485583
703361078
1112864762
1390303902
400525269
1544491225
176630936
713058210
260777350
992054358
1455932150
266151494
1254689030
1164523766
1549561214
1387592917
1452488184
350637156
1535025511
488160542
1422057026
156703791
406663223
257143446
1424117436
538443377
200894446
1483004875
1491422534
585671429
1408217948
1490781049
1059433651
260505785
983386142
1423226354
315894465
1489304401
285710864
363832403
827712542
573410471
626155112
919494230
623387672
613863219
1470416540
275854679
1431608396
1458506161
319189919
773523919
431651105
416295585
193774359
520050425
142799612
1154397420
371983825
1328356976
1461215569
1220007042
1460731668
627937250
1287120314
1391237132
275139410
1455841676
300951363
1449744379
1113361813
419921555
1197288588
1290425983
412658142
341960058
1421172487
1449679837
154691818
850180189
1446793640
1442685494
540491719
824075101
1325113380
404402659
807721166
1380856003
1327555777
287218809
1325644644
1267291128
621314092
1441368151
1160776969
245940649
408114013
394254610
1442558317
263837165
1244599410
370955760
165247596
1154829853
1429659996
1331482596
358404128
1409659531
267967446
518737419
255678165
1432442700
1432201854
1374976556
1299691939
402990230
756115861
1367260519
250917543
1431498144
775117182
268328403
174743655
364529200
58362518
268072903
165816827
293682515
247365254
1424190590
1424138676
1423875380
1048787480
1423839974
388977057
1084982364
134979650
1115676510
1410690812
1418720514
1181273886
728889403
217128356
1271250289
840617306
623308301
269306753
1416670910
1301480604
1213162134
163270133
335676200
327750377
939551526
172811487
1400152051
1336404829
453034565
411964696
153152570
813483662
894148418
1320584431
933792852
146236947
120171451
185473588
592916386
586028562
147112533
785552264
169533513
1393365954
1329585366
174530414
1388526199
242460255
64819852
32345637
978591806
1000911842
999967824
840905798
817647230
626930251
732201835
1287521484
579439867
617586413
306293688
183341462
1344529290
1072507848
142404003
733949131
217300187
178334528
1220691758
601911101
972889111
180080492
617701479
1351020420
1341060696
306008395
388165635
411838187
1296258084
1346935470
594825956
131279796
311206860
242879396
133179064
138517389
144983850
1339793407
134097349
299283069
1336127126
188825763
622810849
1029402475
1109064344
285213372
1319434250
1323921966
1322527724
359514452
402117731
119544517
226752586
180809786
633132086
1314683406
277318960
80323125
128106522
1318959258
129123341
297592952
119197328
1173430891
304805110
245635260
1308134887
334399936
772267879
1081444044
560701955
1147882272
286858208
271388830
569351585
474979620
1260900811
176435920
261020130
810985219
276651211
131611757
119629398
1284755256
617209931
1257632995
451246588
1278003548
378974299
44681058
65482470
284257588
324005848
911634006
549829187
984666415
1269971714
491738429
1272678180
177832605
245419241
850200672
222183503
297443728
1034733162
226052009
629010699
1134531535
42497200
187993342
286542126
1242743916
225863302
394989485
1242880788
218716368
1235438618
1232645239
1185950640
264233429
272282606
300637428
26516849
439441175
99192472
851228186
185313540
437581856
238027755
237886991
1175451482
1105506416
774052249
811757796
211339595
271571082
137219798
492764863
408153369
171736228
221122221
979386420
781102452
239078804
848017116
214921902
231192275
307119213
256356090
498301702
632731716
224949720
563984716
247514627
1099217533
1089448748
205926924
602522338
388072455
1071880975
142429944
241189044
143792932
241215916
1081730305
1071505118
238744222
264564078
250973228
501387735
138455130
636693205
1039521288
792984588
1035666416
485962162
339773657
632385204
956078515
355307797
565681876
1019613890
600378244
140621347
312157347
156701908
924304640
126165577
327692638
208385923
954118675
224071411
247154530
199741587
41639228
188801322
260801081
864827666
324415201
820093568
280274765
167554763
559077645
280165172
334966130
259553806
321006474
276828494
556347804
556373254
341927359
771855812
340938721
294972766
411271597
40536713
620627248
100043868
335458228
731711018
258029487
186630252
219014362
216207971
623009150
239989472
73129859
218624202
636435973
712472408
709242080
242979821
233611718
703544634
136115780
251778475
267006050
571048199
528823674
448558336
