813446863684825094
807683838629576704
160018980
805030013892513792
768141056001118208
497490854
92454540
374834253
796330308866023424
716855977463648256
4255301489
787747138197422080
787439609353502720
780554576571146240
777904227595218948
777005686106550272
774255294138515456
751413296947990528
4867970032
746205523142270977
3031877235
2720568198
760166182553018373
759481804512452612
758043485580722177
2346013286
2264687726
39652411
753632871701745665
741405255968141312
752303273495949313
3998679429
742120182135595008
741076272961486848
734468776327041024
737786165739331584
724648057917329410
733019751291736064
227438715
728401012264947713
724628609894350848
721921899899547648
247783158
141348554
721606979702104064
700816194064896000
713870383791742976
2288541092
706259205569830912
919697798
4902287853
1914500893
697148806626996224
4891908221
4886053785
4835176018
1853650250
4765951634
285634178
184529928
236268157
4559867481
254629137
555264023
3179998849
4239942304
4226669573
4194077836
4242595994
4189143761
3215553681
400688745
3938546723
2938854652
463867019
3577472001
185257886
220553992
3429407315
2355731585
3407163039
3303348767
2751982467
175631717
3355790559
2305109702
3308688195
3060574215
3239869349
176846004
545627142
335344929
3091190389
478089305
236886656
2980661291
2969730568
2749031676
1706316078
2910282898
2811251098
2889374615
2899752466
850189273
268517581
398193878
2850846573
166784335
2785371297
205479182
2723113299
548687741
2559622544
221900964
2553244570
329687277
2419590660
1660451664
297827660
1447581936
218943333
1909361473
2335885190
2323194858
1355772794
551585790
630767520
2205471402
1939191248
2236304510
158987853
2230552128
1480952778
1042567538
225134680
199117939
1925708875
134158807
174505504
64900435
1689893126
217901816
274602282
1670691900
858326612
256362670
808174632
128105818
142336018
264419202
251846994
381217276
423632914
99165309
163210384
467775402
133894662
1114182498
246467075
107309762
551024161
143656506
982913828
117171661
568737065
426063912
364422177
1031138724
238188103
275084883
179754858
591444970
419048241
199071416
276109090
363418280
1000668559
353909089
296312842
950774682
465880999
331855786
244338559
848079822
228954635
294331685
304217490
462192055
508118879
154957308
87867763
240455697
579281406
125879394
614447061
331159530
219768834
243854516
293308922
162762724
311603925
363308938
230561259
521938950
182434906
199463633
365773841
336063124
305719706
231644097
272221221
447171534
214551270
282034993
282050241
181673206
419116004
279229725
422282099
398340937
194405139
231597612
397515448
396363088
319425756
294941157
269130253
347014378
375196041
41145851
304808732
165636419
169048746
272087272
239861862
175954113
185068189
169049463
283742778
187764121
163525462
250196533
263695056
292885322
196446070
308542042
324063708
90408735
126765689
316003837
276121546
275222237
177754412
191945087
215659868
288364841
158393008
221814545
190277350
185048117
200297397
259593132
263694276
147325849
269085585
258136826
261348542
242772903
197806798
250170889
249884336
60143259
221512717
196741874
213000184
99031692
246602161
161468210
161816963
154666813
102838877
90260888
185022407
146308268
238003403
195195527
123025660
177775195
131904936
150038208
217119128
141408044
185261104
91931141
124658572
164908404
202822351
122262006
