1955789533
174399173
1561299452
759163595624177665
314092146
3317601021
723607012534267904
2521328001
4310663938
4156271056
3863745694
298135710
546389217
484895499
2900013507
153856435
3181637201
3122419099
297742602
3062568561
2987439664
2978320247
312700629
2905671323
228531013
756039050
105309196
1092912480
245379198
2395104297
138208576
380548147
2477259183
316882067
129926244
217261528
452482457
149278783
247492559
123695670
388655046
308795427
339191630
377540250
197644181
619372828
451433642
402930169
119792668
53565345
217262630
157043639
537465487
185823250
131382336
242124100
144667417
328045567
266444087
57163878
360854858
175139210
344884193
