778310882203996160
813046967702089728
373704891
376990653
806263812991156224
202843796
77844550
778238286594772992
1872292046
258510980
768626444142571520
2726914522
240937585
4252431755
19244940
712057346319585281
714997744587419648
723569031660244993
726103919995293696
502283302
4896897369
718567392411009024
714164012628385792
3130202261
344367591
1053782352
31154929
214964978
376599686
4265301988
112744509
3307708702
2496059427
234180290
265696438
715615611490009088
4135351222
67939798
148534945
1405633188
1398676825
597862279
204624426
721170380690481153
832097036
722449093847429120
1677032886
743849365
4089745696
3150105562
721770996508803074
359747263
288077047
173350769
122546954
362215344
2483275282
58023510
28527577
2962402205
2324980253
1961557368
84923673
175483938
222684480
176857196
3343814680
4741343581
3053767732
4698801600
4559867481
4530319823
350544881
241299122
125449759
3998741849
3112189534
4017768567
3932121496
3729274100
3430204084
266169263
280124357
3122661386
2675975004
272562281
2544540284
3361721074
3367139832
234428604
128619881
3102216107
3393091587
3386330356
2694113641
3374111560
462327444
2348861287
3351149021
3328176461
201037025
3297969256
414789268
3202268337
3258574439
420586664
53947211
2538097807
324560975
601127186
134413951
230370500
219040011
304204520
63780780
2158048383
2949928960
453581823
102236304
103753804
2738137037
3018328373
1653409022
2862847041
210656031
280327458
40737325
2938559223
181003011
2878619859
208844087
138869680
203441270
302702255
184686645
93672451
211726028
2893290363
1069096010
2891450409
94455482
294894941
2888146096
2878349523
266284424
2864399661
102128952
275636851
281851162
982806307
2525856252
258614636
2434988732
456323839
2796248691
2432572112
73975994
287443622
29234605
192585300
2770221988
156018902
2718282271
597874139
2180392497
2759023593
2713780087
259407830
67442125
120166178
624307103
2175168120
2786291990
2739531689
917858538
2712560058
459803337
2389592384
171681034
382594793
187769348
379771766
116133822
378619818
273202580
257167735
2687847630
130995977
1405445814
2658252996
2206349750
735052302
2596527541
2594972570
2589867954
27809924
95241719
2600137485
2573636091
1436584129
25901456
289787675
235279875
2527349229
2437114332
168024420
2303565752
399143862
2468585909
82532948
2418377431
2231471945
2409115260
2423433087
219488032
133844036
2384674808
292465640
53566635
2374387070
1242674047
2363260452
57506755
2357327929
128705648
41686985
2351355478
2343856388
269475875
2338835911
297192984
188845972
1138471938
197199708
2328376424
56952428
208834103
164127513
283677980
71605180
298843388
239625519
2300124775
2241828229
209710868
1334670637
56547672
2281133330
196476769
436226840
382713851
601473431
209945654
70233844
336913686
219419246
74516610
2188850840
67411159
2169184757
715437690
246456115
271258073
2149556030
41610626
235201730
586995802
1181001968
1939485222
65423149
1928618384
93098800
1916194698
84475721
307057915
1233015384
120683644
45673445
65398297
175952631
88944177
1861189292
1856029441
99826461
51937152
1696790791
76523872
1263131503
1511741936
244298238
162041807
284510498
37594227
167441061
1611443256
1641301633
246911042
85417141
872884489
134278265
1561936974
117525628
1312481754
1031432508
972201902
52524889
1579248680
359062770
272561371
341366676
146169183
1161406627
191597458
1466341789
1432988708
92669826
415016450
854096570
407973479
182141470
375103127
1237079155
1352859138
282341971
220896709
187836416
1269635700
140091986
842927737
194392766
89486968
56736839
516142227
192250223
336802209
220186728
421354054
1242816534
168543394
514888571
166378502
283387560
419583701
234512896
118839254
288369421
308589776
311036515
718917810
352123544
397368256
1158578851
77106024
126761284
428169928
470528069
948603264
128571573
821963779
127314726
366852103
1113234788
722164963
257096803
339218949
158141284
779686772
135351696
350644083
1026793674
466778384
384971625
187081491
228235655
77282002
92812885
155868007
152744450
986085362
248915133
250406752
125986692
206875110
183011397
256234929
118557515
147051012
274120386
237038755
269424710
397607034
200712158
499013250
166360624
133071094
347547144
21525733
185878949
198309804
337239848
151530210
198393693
554705646
68571118
582976742
741733160
739145910
62907583
610408930
70253977
186699318
282611618
602911792
235700196
625629437
350226756
65646293
188008487
106614869
185800574
48023318
151078047
299317582
201069184
329369297
78795235
113184309
274897554
575490824
307052304
103310803
17934144
414388395
33747597
552757703
552175410
231327099
494486646
52619033
260396911
53091269
529565120
524540951
166236579
487796219
163340585
112787920
184622574
350970096
238838333
338480980
93129916
183215812
211971914
104047666
311065457
329508168
41831233
174143408
182254016
184603420
179345090
219630881
88562167
257270726
124960672
197145588
150065041
56607737
394302162
232307009
408120147
218682508
158137696
123550587
221813205
219199913
395045447
290615972
50571271
130540038
189627608
46986154
359665401
172034689
229567127
330386003
359766895
68563971
127403736
350047341
287452264
327969239
307883888
188373294
304721229
224924691
143327067
283841389
274662310
46590415
50944133
277384201
240704867
292034258
124273629
282849257
18630407
138283921
174667439
250273295
138512185
139499225
259391607
188078845
33448569
148998375
71556667
241992005
28253616
127755184
67465273
70646474
202205225
193026639
