1246761991
3816939983
777588620945395712
809544221090791424
792390129981718528
810851081873932288
808447681148440576
804055024095596544
430923371
803008827004174336
355704826
800441748145074176
3034823035
199406236
798707685722124289
796952452658565120
144654967
373422205
791409018464067584
205999107
215444467
788503007302393856
792856665695612928
708149158318714880
791080232899993600
253179809
787100249244459008
786992487596486656
789661604107485185
4021260809
3000517341
3234432058
785595635982405632
742720490238808064
16162783
781933899672870913
781584038343667712
742507903727214592
4911638968
779020647490027520
778439045210714112
778254292658552832
726889408679448576
775911482538221568
753972322382454785
771738657535451136
770498618885275648
768199202295914496
750998887914172430
763008741021249536
318137061
764616031927230464
764261173315379200
759863077781147648
763744497658368001
761413624296538112
761244287032037377
757431792467054592
759895816953704452
759802528380751873
753460316818767872
757900638999158784
748317127371792384
1345636424
743190369710542848
753699409628631041
753466459787890688
3876331347
714172846734450688
707153693
110281813
745472337093369856
3239984200
4485905789
750010234907791360
749647293347950592
745350284134727680
744643571454705664
744259391583588352
743847282211172352
4034717321
482427136
740573381314105344
740559663993901056
3370245497
3408297461
739313835136454656
736192123381370880
151466863
369729629
2705285584
736304560378089472
1281803232
722221788147630081
735206098798579712
720315689131610113
2183196266
4417835200
726249769929203712
725217994624929792
724095986486882304
2177898444
707329365357563904
722529121859977216
1084212126
3871382331
721630700785569792
720764904609824768
567964760
2157815055
717422360429780992
717366418342326273
717106705209942020
808469316
715273038770606080
291719234
177595258
713975036802154496
713484767426162688
819939102
712413880534867968
1655484367
712071349011877888
711927889256685570
174444208
1606996680
1315398644
166406986
4756278256
710506214313095168
709941043593146368
194590712
359697307
709161914731995136
707653451459784708
2966133851
3396341278
707791216709144576
285097410
2170524739
2401320223
572043535
700750836134191104
455161079
703014019184066561
455450309
702011153619222528
3389596145
4927305249
699048152075259905
194193284
1606929384
2894110138
3422252081
918421022
4896841390
4798749811
3332569913
3070377228
4851437793
4830074356
2547800476
4843857555
4800316088
2610115885
1446969122
2618830567
4822848111
2868200366
4814856976
4810703782
3245414261
949853952
312092356
3000622089
4794135497
368504236
4720957929
4472426776
4720543601
1433843035
4699942145
4502019734
1096469720
4637737113
4663283052
4516518855
573261921
1596407383
2148647156
1033782396
573051936
4261522936
4546852156
4422714995
4497751582
2160603901
4488017661
2160607248
4481243476
128928363
2393343884
4146080602
4428991247
4309995014
2349239171
4389269362
4340951781
241093945
572981612
4344290242
4326197537
4279794675
226989334
1596453535
2345682957
4269028283
174565352
1033403743
1263067064
3784851503
4243238913
4239280893
4236906039
4231873097
4229859154
2801450325
4197477581
3213451941
3255014361
4166121831
3403211651
4165335239
367831146
4161913092
241652465
4128754582
184718257
4097979800
4092676702
2588383574
3753410963
4083483976
4062803248
274638533
4050569363
1230400644
1323244789
1416085362
3857597595
4013697561
4012113137
3623792721
3620647155
3620824480
4010045795
4009972047
3635407215
346403126
3974143583
582265938
3621318563
3960239115
3941370863
3939821255
3940222372
2941628391
193859263
3875516602
3871768475
1855343096
776636702
3839319022
3580463069
3825148893
3319967302
3779466562
3772435228
3647691976
3753878728
3630528379
3704439195
3702669448
3658808177
140232544
3643679896
3638052261
634172356
421878161
2981997629
3570555916
3561263536
3489934763
3470314701
3449701157
3321671244
3430384282
127034197
3419667971
1514565492
3418423907
3414106954
3413244681
3409960817
3409229686
2323006878
3399542133
2661641009
3399551530
3397486781
3295767758
3293894947
3291095564
3388308136
3384786167
3383982617
1324663639
3352274753
67776654
253777713
3364895783
3346345023
3362571567
3362431149
3361083107
3359557763
3360864093
1388054820
3358712452
3351370287
3350953827
2359302923
3347235832
3292253517
3000042411
66624979
3332801021
3189681213
159611469
2407297898
3248156034
183632303
3315597425
3304198125
2718811714
3310055033
953763787
590590701
3303443590
3301811829
3236660032
1154897168
3299740623
3298609541
3298346896
355472787
3294122799
170485170
3195969125
3289301501
350458938
3245927385
353840739
3192410982
2491298699
3002581323
3242886285
3242750026
868087615
3234746585
3234647991
235989675
384356188
3207700175
2994782963
3219438635
762098660
3141198441
2401112659
3201116051
3199949913
122746347
973558147
3199873431
212768708
2559608800
587537521
2993420122
3122472827
3178725165
188835640
965344212
3154503316
397383137
3149445507
2875999482
3083253826
1252955179
3132406221
2840913497
3066922552
447918321
3116684646
2208958113
2480400679
2200774052
3115591534
3112616675
3106038431
102268018
294835772
3092597109
2472860970
3091747607
3079471064
2351104715
3083143648
973555058
3058059345
764154050
3051685990
2427198718
234112483
3035816049
3035743427
3031950028
3016051723
344330729
2837835203
973544023
3027156191
2924773807
973529742
973546645
3016303349
175878514
492647209
2996685010
3001570257
1056899101
2997267418
2996938804
2992225305
2991485182
2975437247
952546652
272463231
2786749802
2435662370
2977540893
2975333951
213571562
2460243457
2971630155
2379179839
2434339304
2964877437
2938313973
2961036651
2680099484
2953073164
2949983350
2524249951
2938622583
2933009681
588595264
2891540379
2919896008
720593946
99459290
2904134146
570902546
2894594656
2907833608
303425455
2908228131
123574364
913128961
2894769341
250864362
2879700245
2888832580
634386903
2727248541
1043486743
360874878
2886896315
2888332042
2888179971
2888180266
1578817849
2883417263
2881158502
2881292301
2864409333
2875802339
2874323743
2439061730
2864027679
2891764946
455243607
2258442558
2868254379
2663864024
361946809
2863794173
2891668056
298618792
2857069109
973526798
2859493720
2861146540
292051327
2857456784
2448187710
2790856793
2858085275
973526502
2854808531
172179576
1551294565
2852951285
1592334798
2883192584
973518198
238378824
2845091889
2845796926
2845596507
2843902564
2693599321
2875262862
973535762
2783933674
2863117262
2873842182
2869748292
1492918927
2792344751
121498392
1597449968
2837394653
2803276359
2836697001
2304893676
2830054134
2830497827
2765096920
303416157
177776574
2826664780
2826372735
2826007750
2431186704
2845189165
608245733
231169854
2845237345
2812696337
2842923576
1283323644
2582992849
2808694211
81779485
2809278238
482445862
233811879
281302550
2805579999
2773455311
454738371
214987221
193045830
2836796454
994281722
2796556179
2792646776
398527096
2338149231
2791752532
2787471544
2787031971
221564210
1445060372
2784820054
366675289
2781935944
2828635838
715460298
1277872152
1858995014
2773654396
138273394
215776925
1229037656
245986218
2807523120
166750372
2752763609
321722291
1656726888
2749772891
2798033048
2794836770
2761761453
176332352
2761015792
2788657968
1918982377
461265301
597709232
2758296964
2345069999
189410675
2757145257
279057044
2752826369
2770780430
2768773999
562312148
2760718608
2763675050
337754311
92091451
412508622
2359410521
2731372990
1583027179
2749406780
2327449379
1634287130
2338478170
2742765440
221826057
2547405391
2733768765
474401605
2458547576
177018262
364630779
193177340
2731558163
2715760271
2697211532
2548568310
2502928334
128042009
2728547788
544499436
2450502176
2685680221
2264092038
390969828
583266577
443199847
2674785176
2660198070
304658207
586693231
2717430233
2205178333
501130593
2649158359
493585994
419363247
2461558880
216721501
2623886759
2653245305
2448737516
324417164
548623013
2704671005
2704442793
2610370216
398995755
934819928
2532991690
2466976760
455199362
1267892096
2666541220
193904961
175765761
2666696632
2434765462
2495106912
2627042230
394360111
323588250
248869787
550949143
2639443037
2639154196
2538166544
2565836175
28848200
855372854
382271549
2535200397
2508886524
2538005631
118123907
267897404
939822726
2551505572
1063886107
531917349
2510866468
422122772
2544907027
613544336
315949150
42767135
2525487678
1053241693
2574355947
2535545064
388457845
2567395810
2420995428
2527876933
2554553093
150065041
2493525487
167398388
2477451780
2427861931
1705612668
99221377
239227815
248490192
2434689332
2492964342
330613076
2505402314
2398032884
2551725675
2499816302
2492188082
2495022366
2495285071
2481018715
1586349572
275736472
2484186140
304052592
2479788697
2452148270
157521222
2445691729
407040686
319391486
2477032561
1707913232
398298105
266386901
1357690220
2524369378
2528921807
2474841288
2474302087
43232377
1568632178
2474849788
2518296658
2437494636
208423473
2511471082
2461881355
199136639
2463571388
2457508188
2505171345
2507143163
78698324
174806285
2460310946
2495901891
1287860058
1942066434
2446602372
2446177530
308067367
2482855930
472276939
2450758546
2429944510
2436495493
1365977370
2413743156
234561113
309248428
263976476
2433637640
2427733498
145665564
2316282586
588409201
1549491229
2421433584
2397076728
482270641
194341935
2386205102
2422307906
1659181032
148560727
2418397878
796468807
2416703936
2400258872
327734000
2405351203
458089718
1918425042
2269856970
2398998733
164050074
2414295969
444751092
465991060
2404411604
394364478
161814182
2390054227
2184411481
2400296406
475472637
2394763345
1628816125
2408013781
1006270597
2398902001
1873292370
365039715
2407578170
2404946132
2416584658
1537524565
2205770713
1149011216
875629958
2427503363
778915651
2204077826
1172537226
1493642959
2279236429
1947209906
2428040350
2346190292
792264636
2310634424
327687499
2400830270
839977446
2323112970
1561675302
2342460649
2427507238
2428338005
1010351239
2211450037
2284080650
2400890306
2427479825
2344137483
227009765
2426075937
2428240876
2232517906
2406260536
928585711
381712936
1549736936
2400453368
255635540
2252244839
472423262
256211815
182585431
2428137005
836390876
1671944316
337505059
540958695
1494600601
2177056623
1304520361
2225796148
2402111642
2402226667
2150151073
2168497871
1003229370
2214850008
544476179
242330748
1087671266
2266451174
606829162
322333265
350507357
2427393850
633129760
1597228652
1112155195
971078762
232880090
1123410751
1043137526
1096702267
2200737515
1713896460
1393556222
2400850359
617769764
2421407799
2398130774
2301947358
2420933619
296545850
300603290
424618739
2242352643
353054669
607461925
2418365057
569522544
2235171805
463328676
2388290804
268447666
1027509049
966549948
154565337
174801455
320782409
572151819
2387093696
2381401651
2350594183
224651705
2400442193
210167532
420732656
129662446
2398478957
511104035
152381493
174819628
2353741975
2342776260
193386305
2369678315
202764036
2338669716
468087752
822520021
2352751086
2352378493
1005580795
254598001
562157048
237769667
360750930
331313511
2326449007
2348609690
2321227500
2348520192
2347808360
2341507849
2346271083
2341206128
2336003817
574950994
275620926
750598304
299883115
2325909984
62917019
270842674
2317846898
2305129022
406655050
2280010134
2292855396
1926979213
2260841740
269867539
2279728820
158039386
2245485557
2296562454
274304161
2189341038
2218716031
2231752046
223932649
549491359
2279536434
2276193570
165288917
2197344075
27463500
212725539
561350892
334913791
167984638
199044455
2249370128
1210704062
151244931
293886816
233546465
188340013
2182555896
2205572036
2184947068
222929730
1510998426
439760810
39340693
171974159
2177691382
282857353
1720807088
812128993
898338133
93886205
821419308
410987550
355636563
908694062
1952434490
353162939
241788511
169934936
281706078
972050028
151459495
255664869
2159744065
2159443356
2156833237
397439893
98694910
2151316298
534506306
2149519694
184833761
141749146
1961746597
327757486
170776076
712176070
932633083
258934672
173247450
1962531228
330693524
124706811
431992154
122881279
1944401796
560662445
718560481
1910948142
514718820
237777359
1898111352
635190852
764574576
1382134766
1117853809
261917306
1635729392
1546655275
1447633574
471372380
1305985111
1850064702
1448924886
190798175
487569197
1858123388
119203102
219327088
301444193
1621577263
248725481
1284895464
1729288843
335169034
165270575
582978068
1572471194
148875483
1684445202
1276777658
370418141
239478162
1342323980
1520906941
1651798422
1308666559
340765865
233312956
117555481
435135971
254230760
243063756
1644050276
193479843
374873320
1015301263
1557397190
534546164
414134241
751769119
731186269
1631204240
1241855976
183024577
885981102
206696742
319465575
1608304580
238769203
264291433
152291737
1197404173
297058762
99794697
1581781920
1583460468
1518383833
171315037
197555199
152044714
226829200
819802970
172331963
213741734
187984705
364443057
1212478981
320902566
829943322
236634335
1526068538
1325589822
598895867
867322532
889588748
801843116
38081117
130397903
104656925
338640108
250389625
752145132
254196587
261275632
26804783
231256800
216939934
252677091
894418472
234008119
1414026794
106323833
190366606
1411410638
1339708453
282753563
190345603
1404388370
1261118419
193940998
305890478
1387735466
1363214419
466998976
138628381
221599274
607233148
206800269
217813575
188552396
460067473
214124353
820331070
71328972
290105010
1337102280
319986441
727140870
157057216
256785940
305164542
1287105096
267367781
1283612984
1282708710
744275442
557463714
526975345
269533660
482364885
879368456
155055688
335086389
395130778
142494668
193714347
327525956
186215821
570258542
341191560
486740144
213178591
137880494
1163496104
1167163861
1161759890
1081992860
269558332
411167512
240287012
1115105989
1119601194
104556098
298851195
966750235
1086858427
291893017
1099537280
288578035
216847583
1080882547
1099499078
1090573598
229909286
316721802
130699799
1074922070
1069145485
898806272
1030468124
292466912
795030054
431680915
562541135
731537791
105016400
1015516164
99415395
285314177
955791210
1013755856
184952424
946032236
90425965
243877662
801643351
52536758
235756779
970971686
289066140
149219876
405850503
129703328
304260635
236610134
334395892
303753950
870236378
181976167
891986874
764581230
107523746
200684462
34409850
250810120
213651310
468567909
808142870
156870191
172183915
605920160
844279716
584887052
55624714
834061674
312912284
337936630
722633041
710098526
248948949
268853926
470388650
175437503
801395407
803646331
266627762
276398167
803506604
67444883
242450591
86006923
173976132
374068220
380569832
129069003
106427579
529222453
762250950
142066564
93513055
748274215
626463670
496520894
406522493
722977088
561742590
346209075
508124135
128386554
720563504
169946239
408850140
219193287
631443710
587442680
568950567
700130744
262826687
275121779
188921439
260886221
288059410
258349489
168753622
459685967
240336710
615678462
607652617
542825304
228619705
213475700
602024039
64919796
114783901
451675415
60070792
451158003
51153797
198933024
584401698
170222589
533326527
280639537
165886793
570330261
568693157
543839500
560148033
506794811
553770091
543722011
217169830
528102838
236824191
393095127
137882100
307045738
111076219
110601509
298684166
281846703
474320706
512583595
537546607
148607364
536562541
445123429
531339190
245883192
248378871
65936474
303011558
49997423
216916534
223892665
242900276
222344995
202677687
219317873
133857083
136272256
285787831
517810887
502183255
377778611
517599369
515945819
432818915
513398701
270542115
442318428
474994650
254090808
336829802
331637076
240331936
333211205
251379872
457999770
52415798
118704398
397556599
317781760
434594899
429772504
235310262
142816611
319979802
169614402
181066806
226428238
249940605
338621111
56575562
375973051
304795594
424421541
197182782
178949714
143165643
232620726
421077393
279019812
92587383
338548389
236566084
268550114
259988568
177449591
394302162
414263772
177633810
226758066
337435146
157700554
150401574
180539242
165473656
411529824
336929040
408969631
172433247
48814170
247576634
400375320
188322083
338145999
395070346
182622182
222898823
295892160
373738949
39347328
227061611
254228211
221052649
205838909
175623467
358171455
176832220
380543882
116928508
123970632
276620012
277222282
326311689
198382731
52934731
374805607
221347197
239042429
144639216
288045709
82785438
371004093
365619936
329932473
369686559
223014087
358756788
99344698
272296668
289588690
112758105
93181723
359104612
225696889
322941780
357064693
218557970
340080502
317484426
311633188
295884101
75898489
354033197
239530544
282189946
240083368
79005591
317865860
139217059
157834103
143843708
347373001
107124268
291399651
214116828
274656485
192689326
224856646
280335106
138478860
342508462
239548764
108657857
