2903025010
814150700515135492
814141397926350848
814129421477183488
785493284726640641
783412250145132544
808391933236277249
2747029033
4869949029
806548203550244864
805613555110256645
805152165996138496
805097376839045121
2916986099
795694404396847104
788175392796446720
716721681457397762
800933431895007233
800438967631941632
799775196731293696
799713106595348480
799474581480345600
233333115
798864279797727232
794531806490071040
798559496037629952
798272082773676032
798236913324924928
797690790273306625
796852632581238784
779081362263257089
224412471
795718512627122177
795462938748420096
795112367818473472
795109126175158276
1636827252
3288265687
4817764516
560061818
791678838753337345
1008141277
789942856312127520
788003708902801408
787757820171157504
2281528370
786425258177945600
786291853494738944
785999360987463680
785908053438627840
2161873796
3429875201
783592524736786432
782280282758062080
123701680
4699639692
768477607897731073
781369597291274240
780242242678251520
781345689989214208
312083262
780955348375052288
4871020067
779730776610967558
779590080415555585
235763760
930561385
777586729624690688
2950104041
777231408867803136
776894562853916672
771041693357510656
825444744
773010224156446720
718213645516333057
757839485723746304
768645178861158400
768306254515089408
765637550044221440
329847650
763084167588540416
762853026088366080
761781004205891584
761035413570019330
759112366936260608
1318927028
3022479087
758125017859289088
278009154
757963629123690496
756885468009103360
756575488349442049
755501711423307776
753960559687634944
752928276222451712
730875466895200256
750534336634560512
750381224510758912
745417832276631552
723492714034114560
747988822630105088
746570642103865344
746793937084493824
4859093157
178035735
745772796966494209
988778888
723373692537823232
3432022552
313313435
745049804594622464
744739242883092482
744588059371507713
744562997906051072
744337407970058240
144687764
741254615644164096
740952021939965952
739541490729422848
4795273627
740354191646949376
739902953583169536
3362345949
4352543121
1636767301
738055285156241409
736578900738879488
736318369943724032
719154240137084933
736010872368312320
4591011617
735907056436252673
2588061773
734379712059977729
733434890847408133
733149200989487104
3106597810
732847174862708736
713046453749465088
408121818
731193684574785538
2926580441
730759079858188288
730407507567464448
3804951520
4873270798
2871877148
4494517697
729015621019680768
236175657
726952162878697472
726130142817452032
557087829
719029749243342852
722430233484386306
725446395554070528
967050884
724996662440120320
264548609
724091382550433792
723670971329200128
723544823697932291
723544756853325824
722906379263078400
4525278316
722428701506433024
722465178135171072
1485429770
264260776
722253537070223360
721896189566849024
2696734494
721883272188452864
721569174036856832
721503252009873408
721490872710361088
720809934884052992
719950582686072832
719300306291527680
718252391053860864
713782797014401024
714527115039936513
717725147269099520
717485388873535488
710579916530700288
717336690457710593
717082447821844481
298159782
1582298910
267923343
708033464864530434
343560277
713857366698160128
712977631591923712
421523018
178757130
710260814029176832
4222348540
707973299679137792
3569808496
707297375359004673
368654515
706871495407104000
160047307
705529749985214464
4622913172
1246788408
704514470433955840
3124644228
701111918531055616
701085422592643072
700450739886419968
4925412135
4903342955
695615140809437185
4862615654
4877131882
4867285683
803424374
409567475
4837049592
937088166
4835389996
4825407597
4846813401
937849704
4844006109
139817504
4836676180
1688941284
2842618815
4623188631
493290032
4746414616
2617479061
1337173316
4701442364
4658089456
313578938
4551030502
938211793
4475745383
3528383535
4428317019
4424871333
4106920959
4399407995
4383872488
4396689741
4364675777
206809801
4338772217
3179061259
3015930414
4307650941
1271065945
1003087610
4254436037
4220877491
517236299
4165609101
4108894349
4152081017
4149456898
4146816616
4133514327
4108442441
4104729436
4098275062
266238225
4056645305
4034826567
4018674250
3233759675
876222805
3742711349
453435424
2193327173
3937583537
820708201
3904993282
3400547183
3867084256
3846922697
155692438
3765461596
1624301624
3719478263
1363064022
3698012536
3692737095
3691413447
3667400235
3517962317
783476930
3178731918
2776270462
2176116746
3309720682
3561440895
1546516982
1087673947
2980726487
532486761
176505206
2932210811
2646644989
1377817639
3429915807
3421258277
3381308008
191976669
2232109446
3214863760
3362972721
1613544404
3403082547
2437813527
3400798199
277243766
3396130750
1327872518
2326034198
3392384373
3298047636
3184655295
358139934
3325911189
3386125313
3386007507
3373330247
1129293756
3378017115
3342207699
235806427
455256871
301766817
373589725
1517573804
3323323803
2283628494
3346141901
340644639
3290497151
3344026648
2294752811
1033498244
225919462
3339158746
378720846
3331354629
3330756437
187714585
3318309123
135030640
616646334
258835131
3309659651
307028619
2385810013
245101432
3299527570
3151804937
3224847900
3292237642
1173058483
3220101569
469612977
314361835
3249196179
3237692434
207876953
2738229611
2493532152
3077596802
2859901521
3238904807
3192977099
173965898
185296437
3220293647
1688742266
188735251
586142272
3186864009
872892037
3216789999
179633866
292725612
164778511
350950295
1865841260
596857220
3149737041
3153167609
3152801547
3141214911
3111951467
3129260731
3122150618
3028119827
502179084
509178328
3080509755
478805534
181805013
2747789776
376971791
940247112
3056700749
478640441
3011312609
355226716
3023691081
187743682
2893449641
332443615
216070487
2905254861
3000142112
203348561
2995205337
371959778
463374687
945967266
1242500419
2968937535
366837594
2912071612
2404898478
2464121444
180986965
93755347
1309030020
224016728
234035164
2666204458
853190664
226719611
267848126
2838186899
200735429
2167557607
903077250
2699784818
113096634
145484398
1850277457
391191773
1097093798
468625875
372335829
298268687
2961084149
2913914271
2901818890
341823661
490054517
146571542
2957779223
1089377652
185470390
273030000
199442701
284785109
2951590245
328767771
243222643
168236482
2946656968
429337123
1621606897
2397350558
113229462
231936800
183651243
56720795
622851462
18078187
187678990
124558024
460188599
177505965
76118806
98467847
229444368
234307376
287517062
188945505
52097896
200171895
1292477948
1106719105
171741859
279388304
840306668
224428179
772267184
174130241
857416992
2554869677
2617649900
825796848
482501556
1016044296
122527092
286069791
379370613
