814347586433875972
813835806683131904
4521073503
813429384115867649
813142138259173376
813089855471226880
4895399259
812442073320357888
811353335819337729
811060809690398720
810224919896326146
299943331
808841928875839489
808717529950593024
780899826397577216
2801986707
806967321633980416
806300223697981440
806268089566433281
805557040739446784
774398631268855808
804523060116262912
804521464015757312
804499693271220225
804377810580148224
802327609392721924
804118097326129152
804069176285466625
793252688414777344
803676929647902720
801647580648194048
801268126042222592
801186623211896832
800362598562566144
4102746569
800039811637768192
3005532190
787812786231541760
798920754842730496
798897366514495488
3060204957
796888860965928963
342869299
2184765414
796546721765556224
796441152991989760
737496892695711745
794947118385496064
794682717921218561
794609341311676416
793670005565030400
791725657617272832
731943116241043460
2296699737
791478702668410880
791362814816444417
790988300093915138
790984080506716160
790887254524825600
790660476111822848
393586513
790281597346050052
790228004052099072
789831405111021568
789693863338381312
743741220069879809
1369795357
788899532276916224
788813050090512384
784163298266710016
260951296
787864306733973505
496661456
618632639
783882639107301376
4715884179
255781753
786408018514771968
786373710320107520
786357542263857152
4455710416
786011946818609152
784546671782928386
853837746
714891968
784955127878778880
784909467670511616
215970899
783786145494798336
783690977554948096
783539825609695232
722481894542155777
782621691763580928
782370634781327360
782171584647794688
781646562229379073
768652276781178880
781326853483143169
780504895560515584
780388146978627585
232949990
779738925510324224
254609924
1019776832
412636613
260772330
778431369445797890
777941077286383616
777931014534471680
777211276103745536
2176175436
776476928912003072
775564279848329216
775520154860056581
774470505025777664
398896341
352356850
773690326460592128
769184027119063040
773304052537036800
771516085388599297
771124870168080384
2810644628
769348790100881408
768816162641698816
768645578905509888
768463032284508160
768278723305074688
768270564213547008
768225597587947521
4230596001
767829675922120708
767896862187720704
767848362100097024
767572634313842688
1146688596
3019190679
4126193889
767197573295800320
767187627611189248
767032182498000897
766475664702705664
766454395194204161
765770565705687042
765320804049510401
763743917862948864
763563564523192321
763214115821281280
763086576171769856
763084770498715649
762962594768490496
275082327
761763542680870913
761252725770387458
732725976065527808
760557825806503936
2514347298
758300678288707584
106612496
755074962487115776
1041003474
725271847877656577
753360205367443456
2918585583
752722257554837505
738134683083378688
751169860374302720
750312175772786688
750116662750408704
2165920073
749627420655902720
749621381726367744
742540846386577409
746180459114143744
746022739035684864
745813117213507585
745068261318987776
745086924772220928
744048462333878272
4561924274
743875715670630401
743818352288743425
730518632086835201
742219859090628608
742139338276917249
416428473
4026165095
732928428341616641
739299745429131266
724283877964042244
2237008381
2874572865
1143650455
729935208271753216
3413566463
195032979
856451437
389504098
729416297235283970
252129204
728068104333365248
726256492719030273
724961709966942209
724782290040147969
724685560607023104
245865633
723957033209331712
723732589916368896
723161443416322048
722897667156766721
722254663249215488
721917012323278848
721807004696764416
721507747947278336
4896263632
721517568239013888
4383859642
578437652
102844262
2545171945
718232370541936644
4573487309
716424425596391425
716508145087078400
716385410612649984
3202028920
716057466988007424
715253258151936004
712703500241805312
712485880938815488
712279844189503488
712036190845837314
1641971022
4924381774
711007522027642880
4725843209
709310221357678593
2190608479
706493064043483138
185030788
696831294853013504
277474483
705629484267900929
2306627149
2647493086
898157042
772262280
1229026994
2680906592
2738505646
4924245477
703365940164042752
4924626431
701620232947892224
701897748463939584
700677648813576192
700539683734949888
4926455429
4828078611
4875527560
4627004176
626264748
2905292565
4827463337
4786943417
4737650973
4727970748
265600674
4437618329
1212507942
4363743917
4368214996
2841179493
4336568181
4335703756
3421058974
4298166081
4295019316
4289986036
2386290360
4260727762
2835470451
4259223011
601424129
4182598462
4134512553
4235107222
4231527279
4223442621
4214929709
4212177635
4196796442
4168573324
4121526797
4113254865
4108857046
4071239841
3550500556
4069108575
4065280335
4058033535
4043780475
337285043
4020054940
2512941839
4006513185
4006389077
4004204661
3998791997
3997448043
3997342827
2340569154
3990669742
3907659080
3953644815
1965851539
1344507968
1247693671
3922227441
3919659737
243372354
3904395797
1226269268
3881071047
3864825423
214581032
590294053
3837469517
3826306413
3818189657
3819429040
3690056596
3736402156
287405230
3724390157
3689654422
204532853
3602387415
3580506803
3394541435
3508886836
3495235461
3486817822
3457670721
3448618479
3438780465
3436926711
356914364
3433006803
3144704812
3424388615
3420922539
3418174426
3311622577
1021090406
3131074173
233634195
3399627682
3398048765
2998668123
3295476121
3293802356
3293296874
3082136909
3388432161
3388428460
3383472113
1390248008
3374385443
1331669083
545388688
1376168496
2193115325
3260794148
3346715249
3346206947
3320479283
3246474799
633107633
184128776
3342937090
3315895336
3247172784
3241701188
3070209669
3315356103
3329679569
3322373956
3243676524
2785279670
3234743869
3234311684
564135913
3304391920
3303326901
3300859180
3295864762
3240652895
3223761739
3006596589
3294166553
3288392955
3287907009
3205686472
3142849069
3244953988
3241317179
410148561
3239301897
3239360710
2713554923
3236845857
393555870
2718325874
3222367720
2822885549
188349877
146273770
3196122617
3194936386
3195135155
3174357527
3169949855
3171855185
3090195007
1726771550
2268570447
2931450143
863010102
307051503
3117850395
2784321290
3068428187
1415914010
3052742845
3044796209
2175750981
139148530
2658311202
1323093584
3004326677
3003220071
221902296
2998515243
2996713888
2926285827
2990024992
131062331
2986725647
437700557
174770664
345657504
135542039
170704345
1958797344
138901126
302845862
333208109
505972143
2978081537
186985810
2887163205
190120807
194332669
230269652
2921563221
2925594931
2783140839
2450718089
293230631
2872703049
335994740
2858289928
2858102890
465881737
626944218
2806699983
2806071706
2806381523
485967085
897600224
340222446
2711113788
2773031345
633377801
2763509474
836732892
236422073
2690485838
818576358
721006831
2658167929
370781705
2396520642
2577596263
2589344057
455095841
808040822
211589783
2162246773
2469837277
2279193534
282911315
354469340
2456180632
2418308795
969972115
372091709
1061819010
349736791
2353841216
1134315744
2342896957
2307179807
2338514592
2304280396
194866195
293167090
576907422
358611401
359047288
127904811
2203774850
2278080944
245506971
2252689060
2269403682
787357495
788511001
2253012050
177063221
291835851
305346569
1876937288
2236897418
1422083371
1668705432
2183045984
195992593
1380862530
534710545
1595081994
1967292505
1952026980
176851777
1457814092
279226097
273581317
1496442445
1292425285
626879664
1270902042
912451561
1691068218
768876012
153622311
1855426512
1708106850
176863954
298121139
1337758872
1350375259
120118435
1578252042
1643973787
521714633
782613510
1609292636
171620597
142103640
1569628226
1486621645
199508198
199514754
1259850050
1494680683
388037863
176490370
1260014018
629646218
1408644648
1442275123
1426230188
213141663
201067649
201892470
458604693
919868078
384084877
801260310
732027396
1315564381
1223380447
571236407
1265306316
296602683
1223045257
211989951
1220566196
782538943
336960813
1149616110
287527214
1123988017
238393950
39441260
172926672
1063073426
892486255
166631118
1024753100
1015966772
479688954
946978795
460794563
606958761
230624432
945071413
285341901
457778940
171529527
343089993
884578543
312929054
880615380
150735852
581910832
233370183
173991609
130574416
393009214
196457934
138914899
260269008
799596912
794843982
775021748
780565458
772916372
214146592
761833159
215655104
171699112
355721895
566043729
278151033
626349836
597910503
152091541
394839312
395431948
144583716
600803985
414803948
383323804
570875950
200687248
379490964
400319677
376341507
572709509
183661446
260852470
265580197
555684186
560694301
560698884
164031863
236986475
514626502
547749128
140944946
263736883
70215184
298049151
164757005
508288862
272078175
252857724
308109482
437595701
285646924
386604756
180949648
469983008
408776955
412773059
183244787
415089744
146984345
196029591
314586423
444817720
411850057
280794995
90521317
337252277
121537423
367546905
152539093
88559882
196850638
417850683
226356515
51886023
161846193
371526467
204417257
281371692
224054504
397821960
294774329
57808707
359745937
177840762
198009338
128012597
348007022
72637722
381218212
195934025
359180271
44681058
345076001
212758917
283204407
68689251
283846674
264468102
147007180
259501427
174912182
79328169
116898571
330632363
330233345
302240132
251905111
163267119
96446223
162503422
