811339524794187776
808072784828047360
804418603848269825
760858132515913728
4145808195
801878834106798080
2324863762
3343124409
583338984
141219232
783159179670384641
4056258503
785546882286256128
781335085714931712
577338275
4871842817
767940599987265544
732546256325726208
756151381908721665
766306427971436544
2979940473
754744358113579008
4773475060
2912033722
2488804256
362260299
736636350804414464
3240880803
726283854890192896
3142722382
718874072470437889
721207431750094849
710296801824399360
4894716028
4892057513
4890949318
696919115693424643
1242628128
913508845
4864598602
4828687492
227107640
2624157009
4709280939
4497799773
240040394
289140652
1213599266
4194245813
331400518
167046714
4165828967
4108241681
2692453066
831457412
747881090
3613172956
3620625617
3621069977
3621373577
3751843577
3664306277
3635524577
3635352927
3601536677
3588325275
3420206728
3415244141
464390557
703347038
3818239341
1580439830
309423972
314317306
183587728
3536547136
2935449329
954299976
344231234
3340280658
3363075345
401652894
3406372960
3396218195
853473247
3318419405
111424434
365226015
247744790
243456383
3259497495
1126269282
2732787239
3148297161
3129143405
3106624084
248883222
840670189
2494306278
2985817371
322847441
239164101
2968884526
2941052258
2875901519
581208881
584191036
322067759
1947193002
955759171
344961236
2606068909
349214240
2777443433
2323333298
2341504136
2784235098
2567371166
1172066358
610589023
2745969178
537328980
452654206
2591776028
2737347195
2707954860
1081917361
2725454381
573380404
574866262
2244881296
1187492611
217603684
2466681433
2179872962
2425941414
1243935007
2501909959
2505734562
1553828750
247082495
147708042
2472961595
2434056865
2460219531
2456590785
1058001157
2342485034
2396930252
444301972
2342172302
2374910877
474308110
1452404270
2331199313
1106099533
2343590257
842316985
136272032
1580810281
1397576286
279589406
1615885231
2282998736
824705958
1864831824
2220970231
1694957305
731060616
716948538
1472551812
619798818
2180145241
705194851
492430426
462192055
2166781749
1495730846
2162239656
1616700763
1622049972
98889393
235663492
1947971558
1408119756
245016267
307636580
187373440
1389681607
174415993
1697592158
1633166424
537942820
1629483914
260777350
1705109616
373756651
376452095
797407728
764620177
1576564890
522745341
743593404
1562094139
1523514918
1561056824
130997878
416797466
1498979221
1451559326
238375442
819660612
966725503
258945965
1327778305
1397848148
282794675
1123214365
1325546166
309339784
271710335
268473258
135771183
627928094
163681322
74807204
718560481
387123876
822320851
176636286
961421665
906644893
1135325750
996249044
279768188
559062912
586298875
250980126
921804180
1002762997
186950185
440992266
880932594
929743298
175096304
923864294
872589536
862448436
447288473
749900023
559852459
306582250
825854473
273655112
590307421
208293949
766452498
739608462
724331239
477103961
235672611
583381449
499813599
708032976
273789601
129853307
375932513
614454653
175421928
334355873
627270782
627827996
539590944
610408930
273129515
280625835
359128030
288099673
136476447
598971522
366730485
164336294
543806322
556127630
550828881
500412567
312805520
171166775
499225548
280159429
509160925
403157354
501224108
95852086
244487578
525971084
465326434
501335440
375912043
351757161
497678678
185287304
215003258
127945804
491590491
473489429
243320603
169781844
91286393
189750974
325879810
135401453
398074209
323252255
186301266
271468136
306288988
151673924
99549658
384919326
382504121
339252764
59818208
376857726
270444093
363692053
334452645
241737255
323624539
286538650
94426205
169504563
312616508
152100550
310506043
308232004
136763677
294391679
182985318
298645182
293620885
270755199
102465969
266247054
175025392
263206340
254785185
241881169
218580046
