813421741863215104
813403001394184193
811642654509453312
2293133895
807437026513616897
806891856156041221
276209124
798862844783689729
796204031983095812
973210682
796432984287182848
793854399898652672
793847369418809345
523536623
788554916692430848
4748800762
773374496615071745
1554235008
755439608817709056
1276128468
2402714782
3298239136
2265433759
153492074
736676709718740992
733736144819617792
4821823269
730402531361304576
726792940543205376
725823914249732096
257579008
1681622804
721377315758940160
3218372589
4855787680
718520687846158337
716776500016578560
2856831709
4875201616
2549079464
580975787
4780110442
284831585
2728402373
4699137037
4656873279
4624579767
4643135602
4632558503
2905235723
4573516877
2350899458
235265531
4482720627
4482465135
298342063
4440446253
4345519517
190661572
1551032324
3125464911
2265303356
4332773021
355072328
1712913475
4197339268
4196805147
4196939686
4123501941
4144382224
4153764262
4127363537
3888116299
132717495
1574123617
2368119569
4019362037
2511538920
1095236612
2786681442
287055415
399607659
832097036
3961055127
166184131
3932649016
3437927399
3927167613
3903031456
999848102
2308856259
700211426
281716303
3437992504
3761252477
218605282
283104360
3703029497
3689990596
3134588950
3666765207
3658311796
305302112
3581461155
3579057503
3434891458
3535193897
3487586717
3486592882
917987940
258915518
3155691541
2447952597
3437253257
3437182469
1349758603
3379261239
1950748536
2453697634
1697854094
3426578019
3424285522
3331902117
2986156864
3391123071
240680953
3356093603
2196248121
3401861327
3316470928
244274497
108512521
3003483184
3393232378
3079537632
817786969
348044620
204681091
3237032923
2828462602
3371376046
3306370997
3358496435
903118488
3254048768
3260359471
3346312563
3365936051
3363029639
87256026
83425280
248489394
2278343070
3146134624
3098424646
257665386
2181026936
3303463582
166722614
1102616598
434354380
3356336596
543056032
3354470433
306290235
165950691
1045503126
164728123
17512274
3337874998
3352982614
128308291
131065605
3310024048
3338026455
78694357
266009526
190226598
3259818888
1343367668
3232782812
512386493
2880073185
234074562
2740432857
219145796
322202523
38863427
3342758398
1229873088
282194090
96131131
92149536
731885450
1238848646
84986628
578555727
832443350
2342898056
54213666
138944925
68750894
257695242
1444730845
230959235
2734897810
3342520773
291436331
3086633893
1338665113
100334672
193108690
2832643535
271642534
90428011
2684458159
3316302683
3340896395
90415857
252848714
336064249
316553700
150659239
580529615
2726514927
511183393
2455553011
362583379
169144381
1488046202
172208137
1857637490
3305378746
101151908
2875851776
529691970
507750683
3328529397
364525918
3314242757
243222643
803609900
314789765
151605789
316943795
2742296861
209226664
2949653584
239067850
174799756
240923839
1128545850
2732897535
276816677
469863077
2727559076
180512220
322364874
807537800
457743863
906834506
2895322300
3314603926
142950486
166039630
173634832
938136992
342848369
343498224
194387133
52565287
20806755
85959245
3318016750
53463972
3246681321
3315572615
942796645
3307023423
202017244
140185545
3288748683
470244118
174361247
195049253
197226455
938052805
151324696
54283678
239866969
346064173
246464974
173679325
3306644332
77581520
2559452162
472416515
589566020
2883142798
176479853
3008261032
172416204
326908440
361814092
14989672
2741469299
343013756
101897382
22890422
222227402
307735005
169608784
3161909239
310613831
133951081
121886027
156826316
3305236570
3304963407
2891788979
2457607411
553644583
197477247
3252820379
3241393131
3302282205
2361463308
591102134
3196192251
602027995
298089382
1594565035
3040275947
3189347618
3000573195
2771312366
2712802087
294992050
3292394733
3294460401
3223339856
3214708382
3214215155
3197820690
3192773648
3172425927
3059070709
3138630074
110870815
3208399902
1656575280
3189167810
3256886380
187190977
2158159202
129511170
114799838
2978479216
2739226330
3245927385
1287339392
85090207
3238209425
146873661
296950733
266065101
566033855
971408082
2416759974
197202440
205568127
2314090460
55032392
54621410
284026066
3154434332
2499242198
2276645654
1957512619
191663270
3109403091
3189133486
609948169
527924817
1202270364
2978175605
855424202
219026779
192732004
3165977253
3161543033
377191852
223624411
120907945
25409162
3065880717
3082776021
1175028074
2977427205
2867360033
2985029278
1252618694
2300672449
153040791
147048162
287517062
352625608
1020182065
2734693865
185743524
2722208895
2667502428
784646635
351222675
224417578
2588564729
2468738952
2377476669
2332643221
2336037307
215116443
222005888
121879019
194336457
372625502
289522415
1850018178
1397991638
1126338474
1328284056
110029262
81882062
1335676316
180043267
1353721902
445042497
98984444
475234253
1150158313
1308635606
260910499
224861435
