778310882203996160
813046967702089728
396177277
101312693
808788390795759618
382347369
2282635410
117157342
762063099499204608
127952545
716443461604536320
713509312644124672
786698437442101248
785321993788882944
765962617529720837
140497787
777365198017589248
4311991761
202730604
775853005673562116
774016548730204160
770663658208780288
796512079
1217164880
766755414402883584
955962271
765654204950216704
763929521158443010
763968953425113088
763469144876519424
759550927464464384
2975275167
761132808656027648
757772836006002688
551509387
732973961311617025
257702983
1376916049
754837882389532673
752340459633123328
183504307
753628231035650048
1468071794
725442722878918657
750410942102564864
750363985518665728
744374942704209921
746980194053918720
4866620061
745896425104547840
164753059
974940085
744747440943816704
744429072642613248
4826941263
743433702043168769
738469551122358278
302315206
1480894598
99741780
4188072562
164543825
741377989376638976
741346573414727680
198258238
740403969671958529
739651026228285441
738858992911417344
408987411
167472202
737437105660514304
1117887042
242504237
308870312
234984544
734138426132422657
724049885671075841
4899957981
316184033
2947694567
756393596
216778165
735559412170039302
631659545
733744826634674176
735163053478551553
2468317075
2657181890
366944074
611166415
2300326500
224013703
485995435
265695260
1956918547
2951202155
298339794
726898231083458560
215382227
326915673
732057861770055683
701909834682261506
731486179032485888
727867620788195328
726412500175040512
3014837069
221813205
730912101049507840
2717074881
718166531797032960
2942733915
822613856
88559882
729713297696694273
4354745621
3252903537
4837342474
535891712
728267516695461888
250326204
127760307
232605964
437789100
2402230111
706370833900552192
3060741639
258156587
105219826
725021688858054659
725374244117471232
189259534
724581346836922368
724035912137596928
717927510420418560
3378131507
557444289
422359809
3236178813
294495053
245586201
3318009519
101795669
2788491881
721865296349421568
2788615608
311800858
150313881
39317076
244721203
1460769488
140286336
2324197174
220126013
718810928297455616
259093172
162453548
1037995014
2477504630
715306023234342912
716293982372958208
716281616889458688
716026558926962689
715914457675857920
713542081709477890
712981612766633984
710196434931470336
709195474557915137
708489914619285505
336151668
705503956554932226
1471296704
702883165245984769
3838069041
4926245891
4925275539
4888650189
581221251
4867125976
4794911862
4821666526
4798806741
4748238339
4698734894
500344026
230564729
4515594341
4509485715
3312616906
4418625621
774281773
4409230462
4395475947
4179360815
3120544601
3153582249
211932670
4171502854
4279107616
408079526
4253357777
4226452551
4138912887
3091850927
286381882
2970934120
3990704663
3090008913
3902715557
2844217126
3795061581
3780154042
329116486
3754273695
3701846002
3586675453
3676254502
3602616083
3471953233
3502256902
3494877375
299926245
340518540
3440321957
3344177559
3435576539
3301011142
3430844445
3428867235
3427065953
2904596768
3418023563
3416614342
3414171851
3410991105
2976440495
283300131
3358812922
3089401851
3392995937
3370887609
2966286754
2437101217
3382553021
1093189939
3377880994
3374853094
3375870034
3370280345
2958912219
3276375348
3370968844
3370037669
3056356652
2625921756
624716800
576628862
3210489808
1380408859
2434722521
430380613
3334781573
828133784
3338227858
3333702035
3334882437
2804451084
335120807
151179609
3331783150
631663781
1413581364
3328007855
228468838
172543955
3239301741
2177121582
2756311488
1180043353
3325021036
533806887
3299740923
1975644696
176839486
3304203693
3317827966
250804005
2739337613
3308659767
2649613850
327512142
2857875477
92351478
2875770514
3305308905
119470389
2779329409
252309223
1478136878
3015332368
180973094
2960344888
3262003947
3259188022
3158736337
1694731416
3239525027
3238045301
3145233387
3234470519
2806243722
3220480678
302892687
3139312763
1973760211
3206439383
3137447404
2935342438
326541155
3130893789
1284966920
3198003243
3200021038
2941012803
2661438795
3196519955
2207488913
547790209
254230917
3192330231
3181474623
3179832857
3178459979
2874065188
2241716781
3115163003
3134148213
863406780
234791243
3012897293
1479591012
169662442
3153140391
2827080367
3164354181
561530171
3129343726
2549316808
292015509
3154030043
252334815
1542245076
3150298977
707252470
1042972508
3140816470
298223719
263211023
2414689609
3102903478
214915082
186642751
3130712131
3128456113
3130915096
244669616
1122367734
3127621865
176541582
2200613240
1911613196
2904267153
1901889654
184601681
406555644
3008605353
3119975885
3117032573
729427856
3105787305
3109242885
2739547763
3106569953
422307138
3103326581
3071623618
3094715998
2965080341
364965132
2344362192
599763450
3091537315
2949827865
2302432268
2690951591
236826884
2631946195
3091721037
3091398723
3077538592
3077994744
134593481
3089314277
287321277
3074343007
3035754663
260107476
3084115228
3082856764
2981929677
2165270875
3079414108
2798797587
3072343042
463927270
3051668981
3073461461
303948907
3070982242
2564246108
282150090
175953084
3017864344
128305401
2925646838
200846129
3045194232
198305640
1546401061
3015198999
751748436
329083192
902450857
3000288575
2433071167
3044335599
3054790864
3025788867
2992392088
3035964321
2894909963
1258419926
3043857131
3034750372
362204790
2521148712
776774414
3004223601
2988165634
3030357449
2977557051
3006994221
195023687
1265096300
970979960
3027156191
218300323
2358203941
3020867873
3019076043
274680191
203441270
3015673229
3014048608
3015632093
1007612850
206898744
3012737877
2243133997
2973993029
2311098105
2638468522
981656834
289089448
2977274123
3003657243
907311392
2959015157
350466885
449828057
2844835242
169129870
3001433111
398996635
2479964103
2867290792
3001260969
3000159831
71416810
574521911
2993409214
2724701340
973160676
2327002702
2314425408
2885862604
2951378818
2967973582
2844607145
145319663
209240280
126379284
2967024755
2981687440
2734482199
1636948201
165950691
366906288
2553114680
277307977
96130345
2937722746
2980066629
2977544380
129040704
2879239726
1831085184
1687393280
1534420297
2992152693
2815699645
2942891854
287195394
2492204616
2535610637
1183668889
2149287786
2445679836
2982128020
1188111192
475345530
2713794920
852215508
2746499909
1220132227
709937729
2739107335
2616219650
2950354570
2787996111
2986217817
372262876
2688632274
2971469775
2942975775
2980527826
2538317944
2983293297
2960776335
2967608913
2982043479
1372884331
727236192
2821736116
278855876
36896027
1515079556
2942609855
2920550091
2888724255
2976799853
595541920
2932628217
2938224023
181353068
1217084515
2951307155
2782137388
2968004333
2925704303
2941583553
2712927063
1648140110
2663485170
172574749
2962021767
183820814
577646684
2941723883
2960441470
267260852
192629908
2960423003
2958776073
353904128
2953970015
2953424915
1035793932
2949595732
2946475209
2945338559
2557740198
2798744157
2941716767
2936067334
2908433483
2877688907
2817652683
214737072
2468268001
2887535499
2717597816
2415545595
336649914
2549393741
184001533
2891270428
2920145307
1268071916
2905873257
2916178335
568359484
2788278467
2798885380
2663453826
2897974287
2667731630
2908590951
2826596445
2394965176
254312104
2873884156
446325402
1660890181
63032607
1209391453
195471700
2896205932
2417644185
2166648020
909553645
2735685681
2900123153
2900031471
2896863647
2264460531
2595350725
2388069132
2767668844
602037247
306551890
1138064095
2892696947
2890230899
2887436716
2881327559
2872476299
2888690572
706000024
2867523159
221993438
103882712
2177337679
399460801
2882682437
322379996
2800151014
2886087675
331932654
2462567834
2327860171
2541748037
2883033729
2896964040
2868331853
2879742490
2677551102
2743904302
2741817983
2288761936
2732720999
2862015810
2869840252
218530869
2315588328
2875999482
2868372466
2859060592
2866258258
1308771721
597868178
2866135689
2862584938
2859755711
1525986822
2853727288
2860916122
2885301098
937162195
2837667183
2848665760
711260490
2854208458
1270054573
2733044950
2850317553
2287395032
2778369071
2332785967
2881112275
249772417
308824069
2844531623
340634774
2546828095
2840665509
2796553359
2233801697
239073044
2619845954
2836374093
2836611861
2788637466
2863162610
2745468357
179588568
2780362900
2789160821
2832697143
2787869091
373583250
2800436932
2618852843
2731054528
2780640171
2824125161
980816210
358243419
2851608061
2830664953
2499834284
2849580836
2845207045
162879413
2697260702
1454605507
2819908827
2818201587
2843916500
2477374849
2809530322
2667796872
2788366025
223624558
2809428070
1265048270
535693738
2800898127
2783911395
2800672654
2717451718
2735727940
2793224355
2774034485
2699040483
2784817185
2790728945
2707464014
2789513884
249481300
2785891079
2788443292
552373830
2317815439
2787623877
2787310817
2787274245
2824635649
2786623181
2786187459
2415318114
2774222746
2783854919
426209299
2768476827
2782135984
2588056295
2523389767
1398530491
2467138771
2754817245
2775672011
2779429149
2778234507
921765812
2778081317
2822286708
2772605951
342308117
1260325368
2756518209
622154276
2771167994
2788644145
588502309
422958662
182610976
172581228
333775294
2817605394
370337560
2614174513
2377858214
2522524019
2763757792
2722509523
2715665928
2528111252
2772323163
2722752800
2596578817
2751394990
2770014069
2768019119
2355464179
1269725364
2465515171
2808299311
2767618535
2180062609
2806336658
263040708
2767978143
2565673487
233407542
2761637927
2750097533
2330762533
983489185
143647257
266743244
2765024044
1488362190
2790713360
1373097278
2763674452
2764741041
2764758179
1429015981
2401113573
1705232720
2796212364
445115125
2305195340
548900873
548900873
2732830435
2738857600
2760657083
258236515
2757794470
316063600
2757077462
2760566493
1074788101
2686286774
301686854
2436290660
2404781180
288973092
2729941304
2779131222
2429470561
2736708695
2782884296
546182443
2756581745
2655168654
2779086740
2779197612
2778694124
2778656784
2778610526
2730572504
354436714
2775181676
2752921576
1664983687
2736911513
2770530872
2268821313
2747219916
1625495868
2750987152
2434413944
2726388948
2749720642
2750626955
2512605211
2750319184
2749872963
202411252
16809165
2622715847
2564542161
2755641504
302343214
2756383189
2752123729
2756278374
2754913964
2737291049
2444393444
2752658310
2734806575
2724869520
2749501426
921680346
2750040769
2749354057
2746835635
1947891264
557869037
2533704530
332486493
2401702032
141966794
2733659830
2426034469
2309745077
2746393312
1641276674
1673688444
2746411749
2274900126
2419624112
2474535234
2732965331
320545779
2737595034
1242526064
2544948174
2744209396
2347473955
2740024486
2743627595
2734525025
952500812
2733160274
2707492891
2740182009
2728294818
2379059677
580415154
2547856882
2730483595
2659922976
2741411099
2738451628
2716087559
833621052
2739985997
294898351
2363213546
311841793
2499909686
2739437117
2598415454
2722199130
2722358178
2721872238
2373971108
2721283560
1700132252
1247689704
2566056254
2693845226
2352178182
2737823003
365762286
2702564994
2329518144
2711617631
2321515614
2715420746
1948452199
625168647
362130602
2525429420
1950221767
2368215392
2290287872
2715689720
2332073280
989767171
2681112016
833853584
143641989
367247031
2216213077
2439436584
2709523982
1661764189
1596927978
2734666025
2734714761
2511581690
915804312
2591435449
248268438
1093310016
340594906
2563930931
346043316
1643933107
2591989002
353367968
1875847142
2707335534
2732683259
1645744435
1635660282
2729953504
1523173088
342223345
228897230
1540031640
2573264253
1636595204
284250599
2705411455
2203066784
2583399411
2701245493
2700986670
2496869131
2564369020
2525430097
2469857880
274200137
118478525
198487937
2498798697
2681358083
1945829178
319162661
296936310
2593800042
1839242497
2353800427
2583340671
758046390
2729076333
2566207806
1517358996
2661082596
1447003814
2312776406
2696047164
2304417808
996248372
2695012162
2694363973
2444998092
1630834356
2728738983
1714468597
1633298431
2629376021
2365622229
2728184650
2591988763
1061601456
2726513207
1271424032
2450461218
342373808
2377503938
2375979422
891083712
2680438658
233035382
2386940470
2688276362
2478733118
2462122922
2305521769
260781514
2490598429
2726981224
841195280
2726690885
1263458162
2722412663
2610539183
2723713799
2521704014
2715129435
2630529885
2409082107
495422781
863871625
554511393
2679911202
452294925
2681285377
2562424190
2401025719
2414707662
2680116092
2326656388
1281689665
2722903210
2573389704
2719955020
2678554986
2573782051
2311007884
2723134473
1972405153
1259511619
247370049
2664047378
2460448177
986967410
2602961206
2546331983
1360392848
2569700372
2711420577
124856702
2672935054
2716306581
2719791064
1520007096
2720086299
2667177151
2476876007
2436551209
2294668722
344788328
2717430233
2436188400
2664904429
2719373710
2546017485
2680117132
2664049728
2284034226
2576224797
2444467219
2451468273
1135919238
302929184
406496719
1716785796
2273718527
2620042424
403098744
2521605941
276592291
236918211
369227260
2236639107
2520142023
2413478058
2658372674
426967347
2711196358
354925024
635849978
2627218085
327045613
1732913094
293614807
2655109634
385477335
2649777672
2417608874
2583383445
131958571
210635728
1337321419
107079878
99818157
2649154224
365772094
337875371
52452909
118787916
184515764
426118690
1147945003
2362940498
2715261867
1244965844
2665362827
2423670109
2506672647
2562653135
2175049981
2196869664
2612219378
299886577
575376304
2598587259
2713348499
282919854
2713105929
2489606065
2700761284
1471140175
2332243999
2695627354
1387876824
2640508262
803204520
2639968628
2697386074
2511495809
2608107889
2583408994
2598588292
2595333673
