814687475193053184
813788574411878400
739196497607155712
809512228802199552
809441699814637568
2567922887
784818259002613760
807251354225954816
806623739437862913
806011084742258689
805039839083163649
804072848293773312
803787650796814336
803770705326260224
802570127728320512
802184261440770048
172091091
801208841501282304
752847170701815808
758496600658472960
758322492830314496
800422653546725376
799755852425084928
372603631
799730155245617153
4745441493
798008216588349442
796764156770783232
796418594234134528
1474919346
549305027
794610093836926981
792072512683274240
1924561866
792432240135372800
792424403896328193
792138696397029376
791961319570182146
787431062720901120
791667789819944960
791479802242924548
791438972568408065
791036835963207680
784818356318797824
788912714752090113
2982079839
1439141510
140164172
778091479105503232
2601133500
3331556548
785576848252030976
2396692380
502379277
237432691
779524117632606209
343799356
784177650818580481
724614213931524098
783797407964336128
740027865211670528
782812754856009728
772475562027847680
2391108064
210931320
779351956531867648
222223526
778353031742185473
758645500795088896
778025520034447360
385279132
194296500
139254637
766425138128617472
3301201151
776451050949734400
775466620806434817
774282403158302720
756448902249930752
4301001689
2500265138
772648738745683972
4322542635
771203613578231809
771025854344429568
770408756974907393
707408603641200640
3048138300
1447781118
4561624762
750519542644781056
767410627086344192
766118357930237952
765414669079212032
4104912149
763901899665973248
763634842705678340
340586307
762870709580238848
762654527417974784
761616043722899456
761027354135187456
760908488063287296
759553289826529281
759168814256943104
172993639
758766062771007488
3438314326
546331176
752962745033719813
307933607
726206165089173505
469830489
822613856
751948219576451072
4262061867
750775563565035520
749726240228118528
3390067060
748145141391757312
1099859348
746624300334055424
745471066756112384
389881178
743577545908568064
741757913958612993
2422789268
740634547746934784
740038886009757696
739617561671794689
739327754710179840
738692298943397888
738376152964816900
710236367608004610
737335763201871872
713029935758180353
735798184883163137
734469718149627904
734052330199515136
733355254230745089
732996599283081221
732706190656950272
732547626210627585
732185336252641281
731631494297493506
68028830
144736768
2363911318
727294228783611904
727202416823787520
706953702461014017
126179129
726932045105094658
726033060739878913
494152859
2169039143
723519205157539840
722321548514877441
722260397743599616
722105939105550336
721834619621007360
721771800531759104
721725331137241088
721539945316356098
719592800682172417
718237977462366208
2260534921
618388216
231635726
1196029693
711967997150289920
707686826543357953
705977669264003072
702552556799655936
2564349944
704694445661396992
2406272672
702592988879437825
3397423257
701920196211113984
701557917833682945
3347700033
4926139282
222222890
634212408
4910771440
3209994544
694636443659010048
4865144242
369596999
4828051938
961415526
353831909
193477920
4777848563
541322142
4836041289
2810394605
4795844235
4324803628
4806300760
4578102328
4735818556
3825344115
1465871076
924261276
4644081376
3401864044
4613744482
4602360076
634274937
803854681
4518942321
4495354288
4449026729
314789622
1395814231
3137956402
348843866
3983483200
3462526581
4115357729
4274232676
972909968
164310099
492560631
3244311755
4241854173
3948214252
4229077275
1416366600
4210613290
1219903074
284190984
4138325715
4107881837
278357666
4050786683
4047381328
4034525063
219425876
1305853722
213107441
3864695243
309328299
3904894097
217525572
3288695541
3961569135
1643519610
1184161914
940266440
223968264
3820566807
266687309
357542448
1074977760
770691494
524806459
3910326501
3895644857
3368313424
3874540996
2676043667
705937798
322685711
3808566141
1158558576
392411012
3588265035
246383410
487641700
3439252203
1898468802
323396739
254615872
378839848
3428881961
155010854
3413135728
173539460
1268108491
3106572299
3351156711
3298057609
3291414254
304522178
3376178368
2150005974
1365177354
3365315518
3309708239
3355951485
3258838558
370138552
3343599099
498252052
394966309
3335996423
248887926
260093056
1715741203
889674726
3319245377
3296053013
2299205613
3037245753
3312839512
1115111161
2883091419
190819549
3311314895
124512170
333464517
3303164529
3303219885
797280720
3065883909
3040773887
865198681
3294185771
237554895
3290330278
1059008640
3242637238
3234271762
3201176704
3047952448
374203959
1522758740
3188222777
3184444913
2870776605
2808979419
475322975
429319630
1398721231
596769573
288019087
3117585171
217135122
3099393633
224285740
108729979
301691957
244209931
794838846
3057581806
3051803410
2983383292
3031056544
3015202097
2982116050
2380831165
592156296
1942490887
102878486
2974071597
1253197399
1057936458
2963325406
280349452
2948426547
2763700037
2926999714
341065099
2918665547
2880377152
191534278
714830701
2745423821
2893332638
2855764503
2764150527
726622658
761608200
2849041179
18105570
346774441
2421470532
309822558
220645944
2867383284
338690734
1627054728
367242410
2861268720
2816419149
244669454
1722780391
199815836
385020668
504877437
321160113
890175312
2677619683
239512213
116798142
807454674
851252988
158390374
235669758
2478946825
2482358534
268374665
1403177384
2527161208
2456678221
1093231208
2303751502
2181483997
301845899
304652699
2352532123
2350310958
1067077140
2330427847
2288802006
215150336
997999537
184468485
187677353
932922150
1257549121
185810088
394404775
299692467
259110791
1905494888
1526507682
159813225
336269387
137685507
199095125
269551645
1681798609
902591006
622867609
1173048301
301125661
167043736
216501454
1290433946
275352452
305629216
141422558
713084480
1463699395
277355861
