813422500948361216
792559905731477504
763145666696708097
789201779296571392
780508193885675520
248796541
2599209613
169627734
4128466972
736210445095309312
755505759853641734
448331792
1235021870
743252657083650048
330694044
743287792147570692
4862035493
256182078
727569011412762624
725121053094240257
153106863
811565582
701949065265881090
1962918864
698183788711559168
4877748759
4573284795
4504914675
4231353309
4349970202
3819573333
343095112
33569268
3192456158
3578399061
2445953695
730828482
1460542074
1935181520
3389997861
3368262563
1014078104
241231154
2678196794
146310050
2959476087
2586832213
3030594466
3025417378
2988171022
2973794283
2901192209
2784537733
1019903041
287159064
202297313
253662919
433025478
1548540440
2625229417
235335764
596955029
2330759190
1687146469
133264331
163255153
1242696890
285295108
365112624
315966469
194280347
620270463
906560870
130589805
1343275046
323252610
1028107152
980683206
