800422217783721984
761942605009518592
293916697
396219705
743651601601048576
737785641967177728
119015613
4253176514
524123262
242786148
725446897410826240
725342172707348481
378952975
708788265747222529
1831454408
4809303660
355465825
700788731712708608
4855780934
4873522046
630517909
4838338579
3273271572
4739424012
3320811511
2919926216
3240708018
1470013758
4604215466
595141915
3048911689
4209965777
4394623230
4394724613
3164665028
4261825347
2239555818
4102256248
624080501
3982161754
1514090245
221645799
917927328
2944293612
2349590262
62077734
1674631747
3189476390
3232759501
2200376996
3550676420
2380787539
2187747481
3425224606
1092716161
3304849152
3232822076
3292148888
3279756030
3228507092
2627618108
3294426539
3103963466
1595323280
737940427
2953842134
446717193
171794119
2899062062
3156957986
3184498596
2174769278
1301599171
3168060733
3167572160
3193006377
3193072715
3164925308
3116471842
444215274
3061709579
380110781
544721329
1382700192
267492350
634322536
993799010
2864128344
567649511
1260376260
325081088
597805013
239410525
3032095464
2913225397
927086978
926164638
2711109595
1002608912
324775564
3015969984
3013934096
1866124921
3008634181
34502901
547867015
2989032606
2952675504
2951669119
2678834863
2579310565
2564362374
2908686546
2898893402
2718470369
2825300628
1315107554
2883943622
403165668
457235175
167252450
455434521
2471883272
2810548262
2810261268
468092588
1184495916
267050478
518068404
543654994
2738538433
470894573
803832930
241814715
967087902
2287003261
2719378899
2667031284
2667013760
701997872
2661924918
2658951540
2709689542
1375891998
1708637480
2413535282
384022619
2657166628
711465248
2592489013
2373140628
2514433225
465368246
2567927706
2554387400
254882360
358884394
2402156947
1642330915
336147298
834455503
322788062
830249245
2498253464
263004579
2547282891
593269249
2525182595
2334380478
334283156
2460716046
827447803
2453968111
1941664279
2227111424
1653330186
1695001345
357863884
2445797099
2415077984
581522915
970754042
551526078
451646035
790583976
1239557918
289130370
2309642947
2399901008
391817476
574548688
2370976904
2379891996
706726080
729902815
166300010
798872528
2370627356
1573949738
445248727
169290038
2349315954
422141600
2288796156
43167522
2324930401
1018813284
251295402
1253539909
2346412626
2276607540
2276535733
2287427160
1423503626
2310202027
479013168
368197797
417562191
2337897781
2196676208
375236528
455645374
2331055477
313013855
455557046
371345465
1579478108
1410552991
347541312
2289915565
2266575150
345753724
2235373794
590238270
393855486
1183616984
347496860
2272025412
2239559730
548070384
389225863
2268619806
1595105605
992296856
1966204382
164434124
62727561
168211392
2213399887
2252877168
2259776286
459708773
2240504415
43486429
1497379123
961649995
1390929464
389841973
527791977
1529247637
1419312870
234151280
2237142565
2247623156
167158212
549488642
372549508
344514161
2210880041
550711367
825687042
371541175
366910141
1969317146
522871292
592496379
1902354217
1350637796
1396130017
43044537
2203218439
839004326
1571770098
419311212
478229616
628113850
174864573
75494757
1438523286
524064188
394910306
546878111
479080130
865925707
417653821
1918349924
1056955326
413531692
1471613605
344533559
704147448
1365575442
287433123
422285392
958978429
1110713096
372622527
163509447
424787668
855667273
342282308
530853883
477573944
538650443
551543029
1918641896
1642308810
1553866730
460835701
855555626
478154046
602529936
1332255607
51194236
1582707416
1562396558
878734776
1521398604
553154626
473528951
608564147
853512121
339355535
524013648
514416875
1455170305
768508512
1099584758
1424250512
1370089166
1419948744
1388136128
542241162
400380016
381247046
93071206
48451522
318165078
966887186
1353221234
992256924
407430849
705904052
548024553
332672165
1262720970
1253411059
437376822
397697578
832536824
875016134
320610850
304092105
70554692
198795314
588682600
903058466
537765333
167088401
580657932
556152667
902748559
101338018
165985578
579422270
983957371
448567561
427971612
589645496
985575163
739584662
41009472
1096061611
1005366228
991935642
563429683
20835423
341988396
734108790
67971700
563075379
422424611
401212322
318262474
492819813
341301398
401551142
334455871
11243462
478286257
258638992
532773928
302883298
466003055
