98922445
808512248775749632
807715054716076032
789503732392263681
720788863304597505
754260631
564729737
199844850
776094830313271296
107329489
706744452
737286366535507968
719518631747588096
2460045182
29384821
1237342159
4838609795
2706626394
4217377677
3294605224
3344103190
3091347162
3008797311
2657344399
2630189121
374000958
294440321
2540385993
2462382152
2433755996
2459066051
610234416
2275500770
1586565332
1471042038
139272507
942500161
1329301537
1268216508
855548964
201542646
238342803
190296744
50577464
264295515
339364654
