814126281923133441
805601043740590080
4400350282
811982449689366530
811170154885349376
2211323067
805073818209452032
808416665046319108
806224067091169281
993729056
166686044
529719937
747260364392304640
743416194
797488135466795008
181045960
784602423604248576
317271019
3361505069
791488429678735360
570839507
790653478125338624
211930983
714924231956541440
192730447
772923306689368064
2633419582
228573191
772631469382664192
777285328801595392
719973875719782400
739323050
412479820
701574680902238208
3424771017
379497419
755277853449605120
3226301489
1411752163
755283402996219904
718130550477889536
750881751547965440
338746053
2458525432
432505332
4807863622
2910223107
739847125006192640
711240242544680960
236971176
301649850
730555121420128258
390313593
78358887
3328184897
721735041907298304
250364124
729543622807293953
728631376770170880
525883707
1192382828
256694135
726197108781518848
726196951256014848
1389943770
366963643
143238346
1197519600
719723732743364608
208667020
569391126
2996566330
259406565
2530368738
3953576895
171965345
718658191878459392
1363228020
2371534594
2406307882
1424196594
624680027
4362574582
4886436375
2851638498
2746307713
709581684438659073
3968872521
403102281
705872298448912384
522304380
347916868
3612780315
550504650
4744100417
4845888903
232957796
305829596
2513035035
68604730
2766667556
3550597935
4699370935
2338346187
191840106
4746090262
3960879615
219714945
4595194053
613497022
189199448
164701961
245496140
4345067045
2203598431
2187656281
2960420313
1942599499
1355661739
75070774
205068671
3519247276
625670233
2818294737
4279757728
3667483341
2416175624
1537539553
3400827251
2710902035
4122527535
243368244
233294419
2575885828
573689119
472146418
2463935418
2636459860
3984580133
3905086758
3961228995
3020763850
172864137
489803585
3807727283
393124197
470419817
3093960182
235696401
3712972881
3692857155
3675530969
171574153
3622415015
3491262761
3451723576
3432757539
1084969884
154720662
3084533915
196205767
3403447846
2181282858
3311483410
3293527040
3378887200
219854056
3376389616
837988814
279356689
3177253239
239523179
609601347
556857752
143556060
56720139
2865274282
2724634964
1571683752
3329227221
3295544489
2818742083
288578358
140125338
3315233783
3315063064
3308877291
3307129175
2482366069
2448734954
513548484
431620353
2342125474
1107366864
2790262475
1586720256
3243826443
938149398
3244887891
256685213
1385067552
191156410
165227630
3226217795
263626921
3214467519
305687374
3195600545
3164533208
1470000949
423627846
2872615319
2259656634
2658396809
512377429
484285415
275736472
3122726942
2877403234
1837511755
2427841250
263454484
2446039356
2573535990
515806736
3067945509
3134709622
335387080
2340682316
3111297119
2920066900
562424401
428519886
1569082213
290227915
2151957587
3086748021
1090125446
2462301122
3077490053
3076424895
3068951069
3000718048
987384732
596111995
3064434957
3037681815
3060354652
2940576857
1083564925
3044343617
2593958322
383646429
3009575530
3011773516
2756641251
2582642587
1875186169
2975248559
421230354
2973666621
373103516
165560169
620012093
2619876151
2980309245
2908667409
2974913981
2974159720
2973422157
2973465659
2416194450
241105372
2438993883
337336714
2912652994
2960828733
2956250721
506108672
2670520475
796990568
2435631571
240342685
2174883960
119048718
148870498
78380296
1322379668
2897406610
2342416937
259559052
241651044
2508069540
1528410380
993779858
222246355
244712260
178307291
2875704927
2892914668
1608421453
2881084084
845907236
2879843141
2877262647
2874261772
252680079
166218814
132564316
2864447044
2166566966
468377798
1713329029
2492406640
297743127
221461234
2849241712
394459857
366830526
2847286467
1327785864
2845864047
2872139324
2841234112
175851772
1473001219
2832987687
2797059070
1133046536
2789786500
180116251
2803614443
288394245
2458646809
2390049026
304877551
2830924220
2333595614
2416029386
2823007087
2779035381
581280836
287452688
2773013447
965180366
2761279449
2770333667
503914695
2804695897
2499895382
1091930184
217488978
2363988718
2602177002
162404224
2522332810
2781337842
2756376351
2500680544
326898664
2463741944
364593272
2752809608
2745449168
294401038
2739233375
401063895
2734373501
2735719972
298548201
426356371
269952193
430724769
769767931
2733686908
2549391429
1328428304
2374860048
382101468
2392008965
2670653172
422232097
997737211
354651519
2617423836
613605657
201081463
330664887
2585961234
2606035562
2533465008
2661521793
2655094265
298068315
2423100978
529409698
2632179885
2477671994
1883781037
2508845197
2573386368
2359281683
179301456
2482005988
2606334753
364074946
2458890590
231168541
2444321249
2590953189
80604140
2243153171
2571172473
1131657990
174076325
2545096435
2437794554
2579347769
226701964
777195901
137573261
2577866909
1157834582
2574502420
2342539734
1727161339
2497540940
2519495720
2518045596
2492320292
700156225
2549498644
1595872022
1395694418
2427948100
707203452
1281713713
2399740528
2542325212
2424805057
137785990
2449732192
2478993661
2361242431
874991515
299296680
203172394
325023174
1625473693
2523560861
269882857
249035669
159168839
2439244694
1330672776
188788446
594857365
2235333055
2321177539
2439327528
2294849552
1531342794
2231929928
449117366
1705499833
500782522
1733194374
277738242
1973190235
213904256
304658377
2264675184
357281335
2460832011
184913837
2470089875
2245892711
2412714397
162818822
178484242
2441174807
578023694
2453746929
2424542178
2456062997
2421387648
184620192
2447412489
218548342
193034203
603050928
2297402263
94941828
1939035506
2415070152
2414965982
701381380
1911290958
447708429
1399624032
1198592214
2409944804
193543794
386216614
611412766
166736644
2421372773
1104984146
331984750
2389328659
2406476429
283370768
2379311034
194411610
2351524385
111136758
2345330088
381517580
2367929514
870734528
621711679
97250401
2325214071
2323096840
2345901056
232978158
226298313
2301914888
334276974
2287125523
1157534281
2305046311
551456254
2289794094
155665114
1918903651
233725334
1272769224
285357948
561470193
2215192876
140246359
601944386
186669417
335692072
247968503
252742108
390477025
259448651
2217837924
1338815210
2214832440
216928699
274340476
263294906
2203714969
468754723
2197647517
870701886
566396492
2178700092
389196609
222984063
1694143674
100628310
1933041199
1892169517
367981480
506642138
1716784392
275347053
484046114
457906842
1950232945
256662922
1948040190
190607256
250903632
