811838449741336578
2926361380
807078664399683584
809858177978298368
94881404
507680343
626445329
804374890249854977
234831134
259917098
798887819020267520
799408421829230593
791610682454212608
797956308758577153
2264687726
317426912
247993658
369891539
752330682605703168
767821198403235842
335719084
215715702
157032665
760339152349097984
185690195
153222520
145372847
744292930416939015
306978806
413325857
247568671
1342596710
712815575437807616
704355419494420485
215451519
18731251
184490018
708325701351575552
343150885
368116970
345001781
409675886
4329581675
3070386382
4165120929
1046610404
2542298751
484900542
41225562
3940282000
2447493670
3181811032
3437404199
1370153126
3054119642
393720195
3035517886
3248171486
908742816
137536510
149179298
3152828421
200576781
2658243656
148459195
3044670335
222255596
2993465500
151547476
2941526188
188408415
2536474522
2954500373
2873958215
2945804979
846307784
176987202
1631548484
2918151488
116843330
2892590795
2891450409
75628977
978074594
442395137
1170387565
269542126
2786720212
610183173
88073019
35673104
172794860
156066508
129603014
219842976
171719670
852773486
322983468
192541728
2771073008
374074975
604865350
274193529
177445933
311005506
65787483
2244501210
2688023383
228155584
2665115337
2466293518
2573525150
2548296914
171346102
2536860504
110007160
181749732
48714894
587644381
2531844615
2531001161
2437918106
199766219
180923539
2413222202
244357108
2357005190
1433844462
1198871774
2375441060
2351931048
577202165
99143879
608078432
1246350728
273286970
274146115
44918846
1213964173
551116669
788489455
260277491
2160364445
1977366882
274304161
235973344
946078298
1669469898
554676562
241321846
131370391
346751718
321651034
305199389
706027650
42759427
198900102
102740721
1583670762
623423577
1599537674
252902785
298219747
182858817
283684065
595931380
1529596664
243658659
237872308
313600262
92823239
1390684280
858703188
125557639
242995348
226772145
287605814
149021053
293317119
176672370
160636366
1137490549
364463911
293274673
160770061
412710680
1078184856
144330257
493746801
240859058
1025006846
501459147
811876226
1062180794
106798182
266101991
205754344
243603363
576881286
796353744
156828134
236169379
963665828
351332168
108668925
111089784
182135382
985980715
160786134
964999567
206384881
90679277
378080227
73701998
175176048
349171323
216443828
770428178
268367883
940058910
797820817
455237177
913537075
266409155
869248578
387437790
270574095
130553985
847648146
197070261
152856905
495325398
265521899
67420596
797506728
16712366
201885591
94137165
107870454
732051590
753064332
136337194
58658584
102250622
207387811
637063484
133916934
347923748
99846343
1955751
252866890
73725317
175072912
57482480
626074945
360171181
301409048
385666022
145796759
177659992
98411829
213651310
181358634
598641496
302110645
391434997
236925802
221513503
358043380
240336069
243519768
187653446
6234332
204890127
228835209
574083228
324261614
264425790
176179367
72876504
166323867
537860105
321766028
156728781
88356891
72304682
231188311
485269644
19477451
203242577
217480407
263212245
44981712
307984522
463078486
218269557
242457528
88463593
173877179
146953024
256324210
342791888
129921528
270969789
385837196
357763637
412900746
399684297
118525998
357130438
14346513
77765424
157879192
38197852
247917506
213145075
77550526
175296940
263353783
189013081
60707413
359693221
133473565
300543322
126383619
134158137
264516668
74359256
46947811
56270919
265286770
161083605
328793546
202927970
74057541
152754368
231693082
299428554
301510646
276800719
227708545
242063165
159917737
124970003
173655249
184656179
166347963
148113416
59527821
163313320
148105369
81661402
