810940532553818112
3121549350
217082899
792534931800985600
1215087163
794246764828233728
797524098867929088
796696175009267716
180929988
792539581761654784
792488093182025728
792516785148952576
773635375390687236
899977412
791394059256553472
791336406924857349
4252527022
267390741
169267966
788194542986137600
266645507
555997669
1233061975
203114038
189943774
166308365
778400709087727616
783433659831508992
734057364614156288
733132858143936512
539448684
180927465
377522696
333177049
3433789337
3366800943
240407651
3303984613
3394618025
3294379866
3383870417
153869181
3130328272
3304216035
3299134217
3294753094
3252974595
3250124308
202009352
3242678025
3186591384
201873554
3161362296
167609621
3133714484
2740506671
3096490941
3073462802
3084500237
3050038021
1634302478
3024994763
1567083642
2995115306
2988566729
202765120
281075897
2846125594
1262963641
223946551
2806281603
2840576474
566572642
381750998
742270369
2748312369
2725953573
2680746916
2598492522
231691017
2210158099
1339511250
564864027
1015470241
329462735
2493008231
2372583151
435379966
260006118
202663689
260365282
1852931227
98430554
567670036
1905557533
252755627
237401204
227086055
112247907
282315552
380892915
339910756
939068792
142397045
216831329
868196072
833729958
254052159
188513389
168717717
603773627
428292277
726970477
