1726365151
449434293
808783116273913856
813051311021293568
809778569786380288
40677737
805993054956122112
805495800231067649
524548561
734729015710388224
765256580409462785
4276439266
753594448898957312
238323438
794531806490071040
705190489948082177
773608737022025728
2990132825
398651656
781226435763695616
775658012958744576
763232588
757271077097771008
756243439285600256
250250736
753543447383007233
1459846597
751850460529713152
2721620808
748570943333752833
153946788
745384420706705409
741636599377694721
111436283
741390993761685504
721741901582442496
726103919995293696
730897398952644608
2304484240
281228834
35315587
721877850115194880
718435378093494274
714647087321886721
714616131584180224
709807636590534658
152044750
25368913
4818172271
4723746015
4656190506
4530319823
4410895396
75838264
258617329
4130038817
4166757496
148646658
115181233
177693131
3943428172
1419740798
3818600112
213157005
2202724112
2858034611
3345076035
582845639
3431302395
415087565
273729393
207814212
559710716
338106462
2794608964
1441337814
3302592328
3246230422
3218419449
3031835241
3066314145
367788315
50071845
3045110337
2178940932
192602483
2947129767
36427320
2966767840
358876198
2544708494
183069424
2870444409
2845653820
2848246114
2845851540
183357119
425551058
433222747
136033552
2445735710
148129815
59254272
2757281328
496173144
354155851
2723582257
49125826
70095343
2252322924
2710274273
183716892
445082768
2590029853
143929178
2505336314
268434834
2442796141
1597524565
1934518926
360750575
199012883
47083340
2413254587
2403901528
555419567
2378852090
1094167340
2310161398
2374603113
2360347776
636530811
2360026782
2348040419
2361267946
1724106097
2222550344
221412607
2356987275
2355276104
148925706
479942092
2291046741
2281726796
478751482
18636328
709783183
211996466
2291615965
296902209
18313600
503929892
153183910
1902359401
1416151478
1848333188
860262116
294070183
1703679308
1705570512
1647851959
184686645
1530429847
970678056
244674188
1591131768
1425435325
18622247
1558933448
1493193354
1460386986
47966766
1430881484
1409243826
520029117
1340656189
284669186
557876872
173711563
98744468
931714158
184656179
264995002
1269463346
294122402
1177398800
279300681
50204842
84075512
1219977067
117970215
191519976
193025759
1152761466
1171355659
127725961
708105282
828271928
1117115798
270722602
325352122
1099369231
35986520
199143427
830111954
1062132812
61275679
256324210
200149136
1025778169
836313073
174901156
316918799
77245914
985651831
419678842
972615660
918367716
585243649
359219471
626707571
197930493
187797967
58291774
17754461
242188515
98260543
607519039
879356588
314016919
597981887
768657415
865357158
173881963
164290084
118769391
426706200
266145071
282714921
378080227
50950898
335677993
790885412
817836913
308281658
134848296
788625403
552709867
200253688
701498540
496332350
556445985
528639279
440644278
119186670
80417345
752476800
460309433
152873402
179714493
733171536
628511459
731388552
50059942
211549141
217621092
178872437
238432968
602858263
225268502
604749150
374171887
273389121
221962547
581968406
49167745
556033396
412154224
53725520
343018655
481054260
28451020
208392791
204910635
104068822
374351949
146963333
198995448
476690212
307169158
147691246
111052817
389132493
255993689
245053027
204658881
161077292
407878561
69041601
56433681
425112619
159396137
166688677
373187941
118715898
376615486
337898134
358213589
365608529
301246029
225622580
346994669
68426912
207670471
336336001
332571747
121629212
327035675
326438731
270451562
252082254
321052382
310343979
291794992
125206413
301180017
301910814
288942019
299874271
267933858
172788309
19546923
223887863
281285858
260969443
224455457
210982202
242905243
273186683
272789710
265822632
262295564
177057419
258972572
35750213
220903411
261836600
74189833
197562449
256388635
253124982
248949506
24700154
90801250
179371735
129867116
91960579
222173146
232338041
19925298
18368663
221935066
74057541
167502669
210148239
6234332
69340022
215866095
224264729
224342415
67420596
221452979
41302029
195574922
216351231
184845464
90068308
197477705
204940950
130994565
132244457
29526909
187235457
198909845
155038132
187413196
104349122
53990838
193741736
42955612
40292552
16674433
135585371
189218883
18640871
176932159
132556711
16562720
169902828
183404180
167234763
25217179
72304682
161821323
55293872
66232015
53356548
2131191
30400154
173631166
41613912
95320829
115396608
171984777
71293820
154304680
168172485
141078975
15073241
156419740
150072050
148342013
143788615
128623782
140584208
134860054
13944722
15649121
103713186
31147308
88460036
70767926
83445710
73954330
78952412
77765424
71844314
68529525
35470355
27011788
