804669026248994816
764227581902217216
761528884286394368
752623965525381121
3434259874
728257483828023300
743449841464975360
738344944432259073
736681869006233602
160068546
245976069
725348774575493120
896057192
3728468057
721721876016443392
708048314839728128
703071700477325312
1614070939
4612356567
3939065469
979152116
254318652
3039545817
171349557
3419242769
298319958
1244262607
3058320035
3345750609
160096228
340407166
2780130707
3063509427
2933403791
306349892
2868936819
2589622447
1583027179
33698687
2321245032
197142024
113437722
1321449612
329934877
346624043
1205095572
354997577
787569679
423127626
266159994
582896408
553016869
196374116
552190674
544904034
539029648
516704593
253197144
189803737
398497964
237823444
237502550
421303739
218950821
357945139
148850076
251632563
198487141
222567212
204522783
197218522
194193618
33060417
164196759
94409399
44307942
102846107
96618053
94418164
69654523
51975560
45909834
41441406
