811041729092734977
810380187510640641
809886304343310336
809673516647845888
352606390
607724713
240331936
805572977060433920
193147587
803097411052826624
802961951957614592
3056188066
776495261724082176
787516316991258624
431675027
785196037984120832
784782803737178112
296627504
780508246914244608
514985905
172127073
778944674593726464
777906576141258752
774847048717832196
772482027467792388
771828951316467712
771109330661900288
768163843939926016
768134747960803329
762861359293796352
99999150
164772300
759253803472486400
230941527
752338193899552768
1395327902
743313132089577472
361666486
742871358242226176
221152355
733115852548112384
2425994740
2498690813
304974028
734939982478114816
733888503184920576
198730404
4844291445
730015765919875073
339222186
136642702
726463280915554304
71560814
181341349
133129880
725120946059792385
181490842
364527588
715651370150412290
715582306040356864
357904880
715105916333531136
714852671404945409
713921845238632449
2577182144
142101416
335344255
238748107
738154039
441793740
103511589
193474786
696171163643441152
4881553995
2939113095
167616876
191305771
3148050069
4844092103
185896696
1306253390
4709662277
319909239
1017537835
308668652
183485043
243051010
241354327
566034318
4055030777
209339702
200685199
3795501976
143615046
561562510
167065877
923723004
3611378062
3503690415
287015740
3296784910
1652017290
3352055675
3351291634
3319744917
1383889494
249171116
2714622196
3249081305
3214641677
3191653769
3178408101
3150315638
3105294146
186622979
512141844
322212764
1135675578
126640733
374305592
61355073
1097303179
1945964330
370742028
274191715
1262491322
1962583200
2802526080
2748065406
2750468612
2749660448
385664082
483086778
337395672
163583839
905228334
2579068629
169608003
74088886
727377464
2485760923
348553976
2460658430
2512151716
2460018066
160244291
1446254491
289757024
2373027782
1424775038
2265345343
2237676459
623011519
307145325
203680218
374171033
369093591
348627794
357699232
185454272
1421891473
274015632
353598693
1376155356
1287427957
286299381
269971806
1220377327
554467474
238450739
528622141
974456676
246047956
1471243868
135668419
279321750
1488458509
1478526348
796783676
168021129
509278394
257104743
477027755
203707945
609447970
359107110
182253816
1059599420
267945236
1046774432
256665172
406042195
361397504
881225246
296031700
311235377
636537052
258501156
1177274305
1056257161
154693161
208095705
848600389
238557587
1102341234
193440473
183843198
853286576
485849483
444074484
165243102
799130562
928580977
130077395
966405038
223671233
472734914
388485008
356391637
382464321
818823402
177004899
163230881
549548156
167597783
167217868
767579539
200291370
592313973
763770469
217645409
612280202
748118426
308141940
337564425
143618915
624809770
224494915
519102787
329989338
308117032
602969540
603320158
211975609
228436092
328843657
224804790
262791502
110241601
383347882
197842244
260964714
424577374
170024950
190455786
299272750
513814276
439003605
335468409
223363086
265044181
250459233
308711658
138916293
341847870
256084798
280878102
217558464
307996818
286992172
165456612
79570577
352832552
316157250
255585681
352269244
154004114
186642751
128143201
211674469
245249130
