808139502569005056
221468611
804088702981066754
799410384235089920
3040751465
788737862934167552
771785588882206720
4307702061
764204929703698434
757814949167050753
2741265329
753252059093303296
751542273406558208
751440912841080833
732392777946943488
239227524
732851193920278528
2170166655
729426428777930753
2990150134
71137139
3091373423
722004557828644865
721837495097376768
717177934277120000
2738400809
705106470279446529
2926900799
2605995123
859153764
733495405
1279588574
3946994295
3921903977
132332299
3411639915
3348060376
564856631
3288244727
515030643
3106632832
747959832
3084764560
3075382012
1642021844
2185391422
3037933181
319472260
3006222142
3002695613
2861776060
2856132232
431916955
1710965328
444735728
202338655
224061663
2571805250
2602728790
2484788653
566794903
1241593470
2198710072
1736471329
2389730223
2305196828
2290171729
198040928
341259722
220164643
1961696946
369667975
485031826
120327178
336711374
1676787949
433814334
462238729
454570590
1489252855
1367492570
1348177658
1199378059
1070105436
1058484008
133360479
195787601
950906690
622979539
182414964
89212061
111159094
193984865
142448728
67995969
