806145691374456832
811234108928131073
791737582115811328
797960635615211520
796794615642857472
793917789052530688
791685067437465600
91205550
205489791
3237130666
753849469125484544
365228917
118224116
775187924342235136
773978774585151490
772956248073441280
2427615825
214730296
768542758105669632
3603332656
183677630
765221944224583680
169554015
2236412648
715332093572694016
157006248
753265288485928960
54245007
754433317852839936
95259383
743924926856433664
2296619688
184275507
111978127
3296760664
737101979332292608
349249566
30571232
270614609
3189223360
348228942
1507244882
476199502
519901974
332360864
172425134
1063780676
734872722526863361
249917131
3068008631
723921558868267008
198997058
218269557
134201773
741441997
326334413
3144308476
234071441
721717222553559042
233668772
190800122
717732620830969857
289752458
952559768
315297091
708369008085614592
2348825855
706706233596747776
388007225
4476919396
1247647950
703044213886361601
3947619389
3073461461
700708726236385280
4914459971
4898472419
4872948196
4874854187
4828644897
3350940820
298607322
4664112167
3395016821
4571578595
161816046
1601272124
4485021513
4454807302
4377295283
193568839
4356147496
4311683237
277082044
4295928106
4245307816
68503296
1075013808
4129836134
2732974037
4133550609
4068626248
1119634662
1433659374
233668902
4056055108
234937014
4013852535
228245400
562447259
3375013942
3427002471
3931462635
3910326501
325839442
3903812415
3857480296
138069692
3783533237
267292029
3708401357
84889169
3679925177
3673628962
284679828
210192021
3615536547
264454318
172434792
3570390442
3184656185
3496300169
3497404995
3044571001
3407410402
346250046
3428881961
3420242698
253408988
585005858
836014033
3287986110
3287986110
3296370000
3293872482
3390361605
273003182
1196626638
552264072
3385216509
2267990018
3350060543
219728843
219143873
242375794
596553376
3343575658
574088555
324541030
3348299051
2551141950
3152590036
2971892452
3346198653
301785974
946361136
3254178143
66624979
221883931
2533749776
209624975
3326966230
3319158401
3303250205
3302765889
2349416325
3297922432
3132299500
3258722963
3239810697
3238098952
3236660032
3115334813
2505298403
223706382
456874324
232448275
1717826521
3033559379
3225119639
1624704661
3217969403
266946614
3209891290
256670251
3161073592
365081016
402134241
1059391020
3152041487
1101048842
3135717844
3130835224
3119409905
3115182898
3106405347
3097001495
3095531614
3093026218
2827408707
3092139917
3091406055
1444949377
245950052
2374416418
3078312855
3069217048
3070109121
3069184276
3053025766
3048241726
3046206970
2865721671
414065202
3029601910
2908436279
3020405271
3015481541
191299031
955709263
340007110
2999465433
2961507221
2957442130
2995125305
2992560153
2992293797
2202536394
286981136
166443652
196767603
2972076941
2861837751
133826386
270552827
2962712607
2962218046
2962256818
147076842
262936950
2758411985
1409238324
2960457837
2607968542
1629670196
2960332157
2960103526
2955644375
358987033
2950629778
559842896
1307838708
2929692346
411814987
381339615
163181937
2899998105
993107959
796088017
826396070
2823824790
935969983
161757619
1900651074
2878762379
2873407846
2872734417
2870098841
2867237848
2761391537
2892614612
2864711661
170035344
2513230608
1532284196
2842638533
2842607243
247867058
2830891432
1491232652
1195300838
899001996
276522247
64399280
2681571158
2806657417
2767980064
858904730
2798627478
221215621
972139387
2712937908
129027410
526605001
251273124
225479167
469860372
243031909
435751493
140256033
502379277
409352463
543535793
2729621555
2686183388
2683264230
2681628048
263459598
2722387941
2674785176
2669776807
1365631795
286179094
2516333952
2558014060
2699449564
233395112
481275721
143936576
148833712
1616106086
1125866096
2596156693
179186208
62186262
227021934
410464835
138195449
204926837
270576836
235295351
547101748
132361232
2543657222
246538846
322787975
2278323710
159313069
1291896072
200663395
1279294658
90742096
798339931
189766274
1864593499
297647583
1227622957
2499528706
267949842
1653921126
1688466744
290205240
276346254
561689478
422637915
2417630318
2304557043
2433466234
188561248
500910920
449941365
2385943616
2284341673
246411559
62849614
2190594278
534618667
106504733
318840422
162977437
2340117531
2324564900
2324370126
2318095015
2213439121
2308703043
1445290700
2172124535
1027127352
270951663
1451584862
380442167
1967609568
2226690756
371514899
1919808452
421863660
129179576
326368183
546257619
386043500
279349162
603243768
261685536
508048537
356264826
846736610
233747915
451496902
1861426110
353335426
117261428
629509442
234929502
1694276414
193203913
200334789
397608078
1583778948
1126252735
214884475
1651185780
1659144229
1455096230
1618981285
162291709
307430429
249396561
1548231878
1061593530
41716427
220411122
58838847
1490902472
1468425636
89237491
1118440410
294447627
335048815
316623997
1385192689
359757026
1377628512
578101337
195884230
312962674
369318248
438111119
828377246
304475107
1161923736
568166677
171966122
566672480
751588405
1316178103
187562476
233639428
207809788
80354998
919562222
211331604
1145101297
389642916
373610158
389820664
326404866
1091029868
1081992860
304646527
1069802684
207161497
385999154
877998276
196822819
390904716
1007432342
510807119
353137143
710006539
259516716
940396501
216471364
935612282
231769470
929739115
861912846
921599971
315377253
191667582
161829772
212430220
831902568
847020324
833424894
202301122
777198996
567844312
133468549
862102843
860641075
198057640
856451636
52169077
851519910
89223067
192616918
625605273
258503409
752259619
246961054
833841409
707099125
202778011
435180476
238417013
52106004
201775748
185755890
255556947
91887331
219116414
809058528
335365639
144056249
220856813
761968592
145403884
596822414
344998710
178146603
609238675
368170548
174806285
148482793
566774426
790843800
218576613
177458139
53739984
206973176
166447961
614351343
293057242
767734483
256184449
735357314
271279638
756112484
760707752
301815894
714839562
325084903
707364318
723175447
627731553
722385662
200121099
169226324
150511901
248768425
277060251
353831909
145310533
349713398
588785726
331769687
621962378
287586702
407033590
508124135
145473361
399706435
220058412
19546923
239868175
292298319
586914350
591152905
81231904
248228441
296353052
443284959
566921816
217936832
45405774
302021786
203764095
543499541
552563157
552568314
489737499
557207061
552484496
557124200
505202849
552566922
543491252
566838164
343460327
257779066
212395168
62573615
135734787
565913067
560657136
182854311
214504512
535928629
549721821
555389745
520174611
551315029
478325510
165618418
533336959
540054016
227411964
529497145
52963431
514968455
511284645
83633919
331061865
146172729
251440472
237941265
284818636
221922418
268351988
144346515
136435722
274715971
323497660
488784277
484246390
422760064
422749745
406641575
406631574
403855530
403739104
191971986
488107229
483079723
280066206
479910456
270464516
475892670
455113349
307672109
257387774
220917801
397574127
238181714
201794469
220363647
463710818
126362198
374589976
325786584
207671084
373496455
427668021
401560942
418790121
79107818
223464844
402652619
401729360
305094576
275617943
163075025
380131069
377973825
377424878
374349820
372079487
302929133
204663728
365619679
364521564
142101849
322587016
198382731
244532858
319717674
201509661
205985206
58121965
275996527
342249518
167915101
220080928
343730348
310598116
224789072
304782527
212347383
154574837
115377240
317597653
267493226
314751426
127848774
79005591
142678149
230045203
185920944
315510570
217150660
21337345
241181561
77148611
284105462
48493031
