730619290962001920
165640663
89834100
1544959885
370312168
766635934888652800
755958484789755904
356593638
703004004171825154
702324788581294081
3507999257
4291920155
3432312838
3364338099
3337092569
1506058326
1947143377
3198189710
3289478170
3196479231
3184009695
3173352868
273764900
2545123305
3121546924
1528449948
3080589135
199131987
196424327
137049671
2737814865
830057270
1687206955
118416029
1260145928
2354910244
186459848
2282153958
122144403
1659014396
119941929
239855362
381538821
399800354
990476762
221870846
774091003
534555646
1639077006
1676625842
1689916988
813437514
1655777034
411634680
366743548
1468971624
961486819
1320749514
1204761206
315987213
611060994
574637110
1296754915
129267550
1322744466
295765850
216148789
331338435
1271071050
501309022
208756040
735084271
272095974
236228734
143301764
272236597
1138699981
731543156
196048663
258182815
382826061
297162461
142889889
207288693
1003061882
281336553
372091416
799591568
290576174
389540194
210757885
314266206
185737446
215109282
990079021
179586266
234163591
554111884
123107030
922222224
254083268
112784802
900161390
111788102
307575219
335749957
770862374
374892528
341278310
238363573
814218744
161564308
378292476
383320162
718864824
724898406
727524294
712717045
227100187
202010878
490475993
144964926
332443329
297636812
371346018
108128281
420523093
248982370
269389619
349122461
437651541
146142134
481533728
577512184
275586822
476105209
217480853
34436760
272529954
385214617
545455128
257038715
197108945
195081050
516937189
135970264
252291252
495103688
495209808
184232686
212326043
216357142
275575112
151354454
262841449
133803553
368070386
88215632
357979647
357950597
359725141
357931518
358184872
358725160
310086544
212580887
180417128
298248679
293357864
292025165
138996968
282161881
222886395
