788473208269860865
290618434
786699991406505984
728692351317594112
744244838472744960
802165221611728896
3197906182
797899953062445060
796542238402678784
3376778110
303619563
315403507
781908969178693632
776819900643962884
146486648
762876053408800768
755188307319980032
751548674489057294
718560481
1510998180
1402885778
731540403854315520
727864035987820545
727327875863552000
726635766047191041
859153764
4002648999
2918981841
719958952281317378
52501230
386240983
2886594821
4531313773
2909232771
625853286
305699998
977973349
3087168365
3939123675
3819527003
3805591756
3505190417
2256765848
590183951
180005406
455780489
3307861695
3325349907
3318169798
916147616
370956695
3285787168
317157607
1202698482
3108225243
3093830765
3021058804
3029033793
3025950190
2688700304
2988591934
2842135798
585167252
2872047052
2855283029
487626836
2495503200
271261575
851393293
257657362
256156501
1148568680
1282304718
549500302
605725858
1229399149
1068190112
1202106998
278103205
874818758
460518523
288069614
153050099
