3348761112
808427674108657664
217458879
800867506504298496
795537881016233988
709457748170248192
784414182766706688
179060416
231763653
732456390078255107
58305596
745475059351838720
398416843
2358926047
737398096271970305
280721455
382904290
709520107098214404
707103381291139072
4780025962
4635486100
268038067
2885810902
718460257
2285708791
1357447578
2630316453
3646667782
2204061775
3376446333
244107005
3910064751
3313495576
1428222840
3393039503
3392948607
2704840480
3270571488
3346190333
3312285382
3297852471
878409354
3184561398
3138715821
1090996663
3010674246
3010389965
283302604
2960141056
2948430605
2925891809
2908378857
2864200943
251808536
203558451
2868951593
134604080
355664416
2779155881
1249882716
1583027179
773924874
2555400187
781384249
247381679
1286978436
445750939
2523219849
447427485
2397510521
61073700
2277159180
2329576640
283695774
119071734
2344290121
259185757
2313148968
2293470374
2266385231
1898439097
1243645723
2220970231
202465422
2165568305
211482440
2170925989
332615807
1888335360
315330302
1858153711
268600996
1727471946
155766654
229789515
245331014
1419679231
611209578
1077038420
103767584
478882186
635391359
483995184
130555331
1317200677
1428419749
1326676868
973189794
210871554
891601807
637245097
285361188
89604970
263369425
197330070
1304961816
74284725
242112567
1264955904
1172894245
286823325
366440063
409420043
636499991
1022263981
1014526530
237123020
193754779
360171181
1010782014
275715910
998390905
150299740
31200858
949946203
820903100
400755141
827834162
590346319
246129786
41426586
624746804
866359219
559852459
428322577
231281222
365617006
822830178
791039311
108455006
722928156
161906125
197305592
69512697
71961022
360263853
223604090
609123121
263436777
516737444
574974657
587857814
450269050
451675422
454546123
578240274
540245738
216390046
291727744
545692255
529625567
535329722
533358021
470831930
512022293
465197484
154712599
479911279
128691363
149339474
497193277
324569800
385231735
209280719
345484898
466170246
455539125
446697828
453506222
448335920
198639082
148119047
228700974
226494449
400281673
40808955
341693090
282144034
403402204
231693082
302381113
322039971
204461579
308535837
160067147
47856834
56476505
357959759
258961854
251190540
299221628
341596670
339956944
330992834
218881678
60174536
279247125
309555775
203562377
292479743
208201943
262572512
298870471
297203629
288876364
72331901
260873141
105985506
271603089
260613678
133372251
253004786
77778411
98722318
235831671
130915893
18430332
243098422
128246017
230051107
99143879
144271430
239444441
127093122
125119245
225712039
104103896
61681336
32179224
212861488
212103710
109415002
204438583
125706402
98624642
46710961
192722865
139643010
186613770
186511017
185321582
184821893
184242596
178969102
21003703
182887700
21355337
14951102
180671019
161427844
16138824
178264409
176037572
176150623
175301970
174885100
174886707
174886599
23515034
160976693
171631593
77815337
153854443
147438263
163826633
160739255
51861071
157945345
147548774
156110812
89351318
154601801
132888598
152775614
46376398
120584667
18793794
153382556
148832495
33118487
53955538
135199534
110416946
64414437
60697316
27843808
30918626
