816090397390831616
3730266975
797105015349452801
802983976705163265
797962643931852800
178938909
793262192435093504
781476622981537792
774015168405798913
3328073141
763413846111453184
750027808840224768
757645062754934784
754335979532615680
747432691553964032
749982230177513473
748637927576592389
2832408063
734523944208891904
4614203199
726197013734379520
723218743426441217
904406624
721704263819345921
721510672492797952
717526325578358784
712134811805196289
709858443516112896
4907377241
4916663405
295792402
4147893208
2885896635
3677246373
2753783941
3494072295
217890610
3239995205
1544427830
2656819133
499518172
797151840
1717009837
1679575932
1013569790
891288049
720680942
