811041729092734977
809582240565002240
807639026379485185
807237221417881600
768144542583357440
729771036141625346
785227579003379712
801290068195508224
802172687460274176
804097090464993292
802215097347280896
500806249
801844725951111168
801454120951496706
1700729545
758118981844819968
3034823035
735599083130343425
798491420050984960
799806108453994497
798389200622067712
799295703721844737
799072595501006912
798299007101632512
3351471719
794968068833345541
796523303766753280
796412350630920195
794651704910315520
793498427938205697
792747271465136132
791409018464067584
791736501088518144
790193649061691392
2251146613
787095033371627520
785547771130552320
2223226837
785532790653775872
785535628012294144
787101209073188864
788791697765531650
789168987355480066
786772105912287232
788380252825382912
788235474380922880
788007839021268992
263822596
2799320943
784129406180683776
784089034066894848
782698501704736772
780614060836401152
761610878710079489
455071199
2173994079
212789142
781086846231142400
779173914085851136
778760561676972033
777347790578061312
756554128168460292
777622884093132801
776771408605114368
759611375270322177
776164014816714752
731572670924394500
251656066
775519712952418304
3158348367
771740680234340353
741458164504244225
748632366139203585
2426511530
767721873698414592
766702477051830272
764307995081711616
764603846370951168
764556176625373186
763447138596556801
4824636707
4516155202
761290959040765952
761204038776086528
759909480351936513
757691107920805888
713826069233672193
162900782
257773820
713129738194325505
738056008396898304
254815154
500841035
752337722023485441
3732151216
750863762186461184
750142124625129472
213841561
4591470447
748336566943293440
3119402579
747178257250947072
745746710358548481
1428107826
737736300015570949
743210438322757634
742858637052420096
742839188530270208
742119184885239808
3013815381
741334753220153344
741079511777849344
1292891660
3370245497
739840747176923136
718065361292292097
737771768744660993
3368539144
736540592939913216
735261557630853121
736269375708246016
735587922179657729
2436955467
735310916514906113
4427259435
734622252377997313
729818215375851524
193984025
733266981680517121
733323725521747968
733160026261590016
733009241104060417
731994043211780096
731620858935037953
731284602573193216
731516022671413248
731355818138996736
731344847878148096
731285494861008897
730824956578283520
728334246314676224
725768466247110656
729763147746291712
1003178695
727902302489677824
719523367649415168
2926469931
714179559713816576
723238396928397312
2784102547
4462478927
4291801875
724808049052016640
723321937099939840
723703006978576385
723365234874806273
721772560770326533
252347974
716387749994110980
716046396370067458
711587152790999046
712882036537745408
711044971101622272
710140230100250626
710121221363535872
708784286980284416
700432955597045760
311842727
707418988259774464
703984944754905088
130405637
705803984913702912
705118689285242880
359060834
704774227686236160
704706931550756864
704102811496218626
3369982469
541276971
4781311274
4896300749
4508404275
836464484
332448847
4836081395
4508750319
4827771399
4829882003
4825298350
4819477305
4815560074
496304487
2216793189
4777014641
4737464308
4748127677
3349868945
2883574534
4553181561
320568370
297187967
4556831085
2804108376
3357638253
4442899414
216547449
4235401048
368060027
4321317261
4352393242
4352290049
4352189919
4352155641
4340951781
4331122163
4330934134
4330749221
4330695641
4286110947
4280163137
4326550514
69750814
257138403
216374434
4179360815
1360907624
4065747255
2783247520
2845190313
4174126414
2908196465
3937652716
565726539
1876869686
4078644083
803094176
259281096
790244575
208192016
4002785195
3902142197
3961650857
3969821896
3866559617
3903904948
3903562109
2666879756
3667439543
3807782842
3774257194
3655513635
3750695597
3744433815
3410509347
3278364488
3550839316
3602049142
3689974817
314314181
3691666342
197184122
3665369921
3660024869
3659680529
3409749677
946136174
271272279
313414086
3623493623
1345636424
3578299101
3525255136
2774149937
3558557187
3161634008
2645712462
3434597230
3459413415
372337763
246967481
3153582249
3470314701
524832961
1020505729
3430384282
220003737
3388561186
120092570
3418618402
3418741523
3401432074
3402849653
3415802345
425075342
368701768
3134679579
3404915919
3404609715
3402802372
3396123892
3393853275
3390412881
3388441151
127922187
3383167085
3304615145
3383210631
3382527903
904947211
197266775
313041501
3378240735
2978832353
709649820
183943011
3370286110
3370196859
872861234
326519766
3056356652
3357979263
240834494
397026407
2689960611
3359050379
337750638
3357684676
105588554
3354238301
3210489808
3350953827
3346636415
2866555143
2165131159
3292253517
3338227858
3000159831
3332032409
3331799195
3328507445
970351826
1246850198
3323225817
3314175435
2983034668
3310057131
364632705
3087551890
3307227905
1009515312
3233786005
241318853
3303425865
3302356095
3299775911
3190215974
256665172
549815149
3245780026
425222768
3235007650
2960821822
3189681213
3247814368
1607207329
3241432293
3239751503
281251268
3231569494
1125555302
3222979355
3094613362
3206049309
2935342438
3202507702
122746347
3199803977
1600915664
3189321233
1332897349
168198561
343064584
2962200953
3171593621
3164650738
2916042292
3165526647
3165561766
3154057735
271612660
2827135608
3000413829
3153677391
3153647235
1045862520
3120986953
3149445507
1031583145
2996709468
3132406221
3032440757
3131127957
3130314641
3123004224
500344026
149231890
3119585163
250804005
3112616675
3110055621
3089319315
2384141862
3077293013
3082929226
3095735031
3094807515
3092994436
3013218951
1242443108
3085399974
2972382453
186642751
2407297898
3085518207
136037530
3038904189
95045430
153148595
422781395
3071372055
2848744025
2382278335
1040941885
153909517
3016051723
3020622377
2856084273
2823699531
3022237599
2918712597
3015198999
772816261
2947309139
2607675093
359418366
2884831180
3006052389
2948424214
634308922
