816876088295047168
2778433847
815472104506277888
329393950
811065078049083392
530815631
284321426
160393771
221618459
798912704043950081
770420979134767104
280325450
800112784725839873
312151116
382879984
1299745639
801286573807599616
4824965134
234527935
4720802715
244110102
329169114
762872272822542336
3665096056
721551649639120896
2886445283
795288499234754560
212328787
1123409256
51595884
422362998
237401462
724231288060682240
237060196
370505136
770800387238526976
49086028
2549059915
776094188463095809
164919215
779035910826590208
3508350155
212459042
448171460
702991258478780416
895948314
758897073412464642
165472915
2339576960
267011010
734916615490424833
201761968
42638681
118083919
4823217489
4718814688
2636831805
2881506675
327790426
2842054558
3745071082
2474669829
163073601
457980421
2418312677
85690177
33640982
3398135800
3274777260
369089210
3253664348
3331979248
288847655
3158119275
2741270457
2963039189
2918603693
443964173
1471044912
156862058
343780155
2648204892
243809602
2789434288
264529887
414873454
2667099698
377864091
165566968
2761479212
145801508
203961839
707153693
2737652079
2699161148
377705609
2702041053
612913138
305288079
1483967582
2646652709
2574451419
2567666511
445750939
163744096
168840624
1673838074
379350038
2468170287
2240095590
176267167
1414514936
2252193122
146222915
2387428437
2359749630
1858602631
2361257589
2355799204
323987236
275421316
2320865713
351375105
361663957
262352378
2203510658
178219602
107832361
626080867
757304348
296430257
1307821219
1737432336
234368902
280217458
163312517
787287830
1523671897
1555541994
1535860615
1389565844
466582009
1141347175
1428419749
1333301678
1323783564
299815245
1315181790
556336652
542502396
929041022
230784607
1022263981
174527959
174527959
928720512
186894848
977037822
965584944
542828942
522226072
274078008
832574004
564887005
784578912
790748532
72333240
728740207
627565602
586293849
120480092
618674910
233327428
128314454
499059427
433627219
576505837
425425143
561621018
197196454
375290510
517742225
72624979
329407983
377591596
135322428
263850352
471728930
367433324
433259340
46327302
150506612
215323096
418796917
320587158
199471442
409515717
147308854
227096615
384624894
266208671
277723093
398376004
273377135
396888248
256517422
214241713
391385774
390449654
386662269
337251740
380963381
205078384
375325605
357933238
165284101
303594669
359652711
367136928
358688581
264444447
365484926
135221498
234420757
231517538
286385854
243462528
333607451
24040359
197577005
146597671
201458403
305348541
302696266
306019550
177584846
219482580
297610452
305309823
142349928
226814240
288848997
292595407
79494851
272695182
199722441
217644954
107114390
233970846
149269833
194210376
189196903
79504986
165276132
243549247
154593880
219076789
218533621
97996132
145903213
214888426
212071419
208145523
192687092
191920546
117144166
141371575
167531845
194459616
193484387
196754439
167650630
