800719579
729180673144131584
4570943241
171176460
3095643604
2586832213
786399796785319936
786426867796570112
780787481369190401
2875781025
2599209613
955403744
729871986168635393
737474896255713280
65642403
751857647327055873
751857647327055873
748723765467570180
748552451633086464
746384142347145217
1693688005
729517789581606912
327525956
712817970721001474
714306936712331264
705882865
706868305244659714
2924679302
705941669338869760
4874287523
1974442848
4843378809
4571362000
3451895907
264993773
599542802
1940456635
2753217241
245481503
4251586659
1467945144
4153973183
395771503
4130306716
2696752250
486907915
4021946314
4024511213
2252454499
225927905
199383162
3886078516
306947966
3647722760
411646149
3432311985
3562610955
3464649621
3545166567
358859152
2889490084
237560900
2328970203
3426378321
1553410261
263776717
3413784917
3405278500
300000014
289444754
3297963900
3379098695
3122347987
1003737086
3333455661
3155082849
3240898444
325703674
3242598508
3180713439
3195191129
239683060
3150037210
3129575981
3122318702
2785459084
45946489
3126790390
3113921551
3074045106
3109306227
468043806
3056921010
3073457000
2840577527
1455705517
166390975
3039972113
3043319175
98780825
538468200
2983978055
3015902164
209604537
2986259153
705349484
2862007006
209400619
174594021
1961689334
2951528332
2932236553
314276021
729643038
2569845570
130917449
2842054558
625318059
76421730
2699172103
2822223485
2819297218
554633903
2792072585
303027442
2781445876
2827012748
2773943041
164313295
346369883
2755199617
252692816
2462166116
2759527324
389632404
2433575149
267599589
1716684746
1335681914
224653225
346008089
2749244391
2710138543
2586131157
2735501390
2742253661
2711008654
2720098402
1332334848
1710487086
2693756497
2688878262
778905433
2588128877
284226783
1486139186
606655254
1431244806
351730127
269864393
2594143210
2380815322
272004620
2471641512
2530973204
231628776
208307068
2538446311
1391954156
2527883112
356443737
2344180951
21570019
2469739421
52810515
258242990
275675372
2547607791
245421474
2537739261
2459951604
211683499
541822648
165655356
1563670525
1628223889
702552220
2436314604
2432131122
2450984038
50352146
365112624
2308936148
2411652108
1124104639
2238103182
234449725
123032270
2410182196
220147027
2393860443
2349420854
908410039
544856570
2369605769
2258924900
154934495
225187131
2349094046
2330759190
2299782575
219794850
176188042
67677047
473291404
985796648
2292207660
2196309547
1694749682
1834580802
2287280122
267891018
129887602
1126608523
239424329
133779593
114895020
2258304366
395699913
2240277170
925395145
455156482
2210763456
743095304
2180327272
2168517548
141620902
507556435
2174625343
928139388
258913447
2161803096
168796467
2150946448
303888526
85323742
54745423
383518909
243286616
448859201
578697259
256651695
962724571
565792618
1921270891
1919035310
70279286
1898681450
340324926
218720021
173357357
1859121516
1864225154
223914567
1800150438
1723731697
1710914628
209333556
198234983
193931102
563260056
100030967
822578316
756282534
192964606
1630683391
253192246
1613056398
374929557
85218230
397519120
101877846
253777713
183903607
1497278108
265438868
138532992
309507878
43813818
278677023
245206076
261275632
253905626
1522245006
266754190
906560870
289700013
93036836
120309480
226689009
134234693
743131987
205559055
198314101
203504667
1408312938
165629258
197127727
189601725
232971300
1376109295
116557490
260103462
500353969
290024194
738026257
110316389
1302405553
215120558
161810469
153625206
206320775
224758862
1210308230
962877085
121226716
176266318
1061670942
249465743
186968121
159167780
616574543
75905311
811882038
853276668
1063056013
1254870008
1190127570
191316127
836529044
207584109
216082147
138062248
1223421343
111995664
276218459
319153066
1095889914
515520148
1016544002
209232927
377145423
1092423516
118183089
285148623
168412772
42291337
1005313664
234058845
151567325
287752201
60049754
148961227
110472242
152745314
271522249
481667249
898806272
971369185
275032831
554562345
535924143
144838144
141615163
193365260
170860556
437829331
158814488
84129301
307507824
68093138
270650431
295351194
287939308
116815233
910991670
268420506
593338886
241649148
189992723
549788229
257582491
278852932
162382221
848580487
870405673
136098649
244835242
388598030
198718136
540519665
45392616
602998076
131029176
159970756
294581022
206431385
139436732
239565913
135731825
467122981
377149265
189693692
136468894
156696867
272079026
256383913
122206017
191503339
397614655
18855471
140267802
219297048
39312762
435401784
181358634
588902771
222837428
176590657
713462412
15448875
116962895
113675830
199686072
275012546
66416103
136366247
237395305
598926255
107120153
120171471
129634323
199915708
14046520
245187229
289449758
32758309
47798015
174459324
49374715
260390903
238674730
262803703
248497956
325854854
544677177
391598870
212623902
96645620
537323986
167245319
244740706
223575500
204107634
157879192
85118810
158025293
114744032
52058671
267939026
331855162
300542193
405286160
90425965
480957463
444578855
231487274
279045734
88759858
472110067
441538192
430129253
46151380
131322572
426932476
418382750
281984259
345675220
353365207
376421718
275241376
336909760
347542020
411271597
374567738
225443788
398046798
393486842
213938518
387332564
185344951
379906982
171316111
366605113
100276262
359696222
63040190
137541888
133040372
247292310
340371619
326128352
144255596
177285805
145079608
135540962
321750094
276693383
236475511
43234565
121842705
178898170
296755868
297606583
289317340
186296301
168383789
217656249
160239175
276805081
161164271
61495885
191138111
176910560
249772417
231280575
169544931
242929684
137125115
180849924
216778165
138227129
209922042
217859227
199051109
216435026
171392571
212722512
208645224
179276749
57453070
28617811
178150611
135654316
139775154
142179130
161430472
74750973
