4798118703
798526292345888768
118947975
191255714
791610441403396096
787723913619013633
776456689021251584
768943174018535425
767437795325571072
266676778
714849629326741505
743112900005527556
713513904287170560
710232064461824000
706489355490222080
137150388
264415667
4852248725
243271145
4747132415
4740294257
191948234
4230074241
1097059700
4196228355
4181421616
4146151403
4104935657
2831981762
3828864615
3828740901
3612939915
3536549303
2606855431
3417216759
2292822349
3298258880
154260424
62917718
703936231
345147494
3219180358
169673882
222344995
3174219780
3207555881
3199540653
3149714663
3108927749
458402884
2715955281
2985686529
3087883990
3058080464
623195535
3023704336
3001300733
199138576
2755098683
2983426109
2978480097
1917090258
2960946838
158576165
183262633
2321415590
2864916737
2876566329
2851541205
2869700997
2214145905
242120828
2498939939
232890107
1615637466
1359834259
2722021286
1692597103
249843608
2680547799
1154384456
2323120989
102581047
412421905
1542434868
138159121
548264275
2459810533
121551204
214552347
1713248036
2483747940
2493437698
250741098
268130215
277645684
2459824797
2456331455
203429965
2385979399
2369841393
543845176
436975839
293235808
161915050
1546632200
769774242
1487682679
1964584172
985876578
828248636
1623305154
1602421196
1543882418
202216250
1535706318
1529528287
1506868244
1496415768
1477675794
1242255859
493332917
343385800
950606718
297433497
972260682
1271142600
469775642
544828766
1210336729
994484202
360784257
305663120
100679243
266279691
735697122
988994430
913059294
567262007
917686501
1005830184
998437843
701118812
978855600
963093488
954898099
303359098
873802374
805900304
227562108
378245629
893241410
271026772
599402818
802991270
377741801
305896837
219203535
176135503
602841349
596684069
771765505
768390120
333096543
608369011
603687023
603167294
227326534
441904717
573369087
581206671
329715772
559972906
509414087
161870075
73952582
291954089
529556780
475588091
501979921
187797368
188382354
414932253
402271387
272469084
461310397
106101513
178054725
424682179
476874856
224711012
469287289
445033964
179001097
271145090
393765315
435937118
419901696
196034312
310679103
384275694
376386405
100667532
324145242
363827078
323035577
211596944
239569100
148036306
293560459
248754751
292006968
188017584
280220960
74623992
317281635
179613302
265625228
261071192
313378601
197524040
307713953
146887679
149334342
146990605
254802321
274802789
241725882
281536785
218741879
269400071
266127106
227892833
303582685
163168191
147404735
122387570
255524215
197875346
166290283
297308972
49481970
282095919
68739763
283889637
265603527
49821355
222507582
210612411
186522836
276740272
267552002
252520318
125199465
133546700
101838323
220686859
168391803
172790324
209567692
147837295
37584844
100796741
190434521
193417605
20117928
169147432
146229174
97505681
145368528
39412537
77656452
64600218
144367254
142711355
146036393
142805564
128100126
107746984
105219966
80968076
80524236
80524031
80429134
