816722796474695680
2815475262
816380397604872192
816316962632503298
814831951781752832
813183355462225920
574173812
287482928
957238340
761058448331067394
797026330093256704
508837530
809062420912209920
799162713750601728
184254279
798225411582914560
803353906147368960
788208574241660929
797151888605147137
3068008631
1367825149
760563588197146624
799608987767492608
798980303255699456
2868267098
264552142
760669922510905344
144056249
780607406724096000
1089070135
172011511
2386916140
166012891
567584132
788582934391431168
790391591282376708
2427615825
765738620930105344
989262349
785638016417140737
722094481814732800
398517353
774408182345203712
4909242634
789614113
235446431
3183947111
780943217340604417
3126818771
2619111471
132953826
746446608896753665
780517689433419776
776182809895530496
248322227
3380432704
2755202039
773689766739148800
771567649964699650
139609522
1244937073
767368559433510913
765962051567099904
244489131
292413672
756303709248884736
239145475
754711142094757888
3838465101
752327785318842368
750918205300961280
750433481851858945
750172382833278976
160230878
742779286491398144
741095631708684288
2655378313
734757091257257984
231659206
732743838519955457
289142028
727505040039108608
2983210427
722551816299421697
1631595337
280685238
824033036
2705570659
702489054156300288
700474123139608576
698952156909608960
4902118102
4650499108
4606202837
4543568608
1074135589
4451494180
892206206
4050310336
211920747
402142493
2487868449
1134743714
3684103817
3438702113
3404334809
3401711241
3370094314
3382564179
3382105055
3306332374
388981669
3228561651
3217389999
3169663118
3199277524
3192803183
3150225700
463988316
240039679
241557605
3109789568
1493531576
3043104771
236102184
2843938794
2984432453
999867552
2957044851
2955471861
2757457469
2923523735
2925196815
2907810431
2900525981
305146230
2779240947
2769513927
384140725
368048007
876375936
174703240
1621580870
348892732
231197400
2611911811
341707642
2523481608
393818490
221516190
2510000353
560523080
2508220261
141365502
239578262
333258266
201350106
2375788968
2342118974
849508033
2214648412
277218611
2247245932
1360922749
2233393325
1086896490
537459398
1231197632
1005497052
2233119102
630661301
367936400
323363605
265006334
332076918
1369811678
1708101613
192349986
1066440067
311085029
389070441
225254082
1651597238
288038912
1620946070
206757940
1580193848
792794786
178086952
132058080
1412075370
201031964
1473652519
107505741
245813859
840543962
231107805
1404317390
188618106
175486927
340973556
1268755602
1132814299
457751089
288867083
1278852962
1272868616
319786478
1158327734
1210562269
158610753
231855365
907216718
1102996567
284688961
968586505
1063547078
1059637645
173024475
598000434
994267442
200215266
371965101
537428100
275124490
563248154
225877607
152809141
171499556
561502893
238712036
847686800
596839274
346091796
81989027
872233861
815450857
829344494
700274348
483353745
308722251
382747491
243346104
328842729
795322753
253406182
222842252
229206475
700485625
269828394
109460057
303319093
289634397
172435555
361505432
613647849
183674300
579945484
183269374
419680656
