815260155046674433
2911831373
809189733171658756
800022591360667650
753750358002982912
3643279217
807340469395058688
807246458911014913
778394660280602624
805968610585874432
805874796428922880
801562217527332867
800019557595217920
3615466336
781593055350566912
792435076382482432
792100594588741636
792493877227814913
792458528128663552
792457417850249216
792456918195400704
434635713
780952986440785921
992133662
785204531273629696
768622154267197441
734465698374651904
770079727621144581
781296488349507584
773139839302656000
774839242539151360
2939011991
771479815132028929
751546562749276160
2845674843
2458975043
746107444745609216
619578452
747635047239286784
717888527761956864
731161625361829888
713221286969929728
700563885342855168
705223320971644928
4516017635
4927848861
3830811132
3855884901
4595335398
4431919397
437828830
2303490841
4343645981
4394957671
4308832767
4351589240
3047323010
2591284940
3166045258
4129889037
4129898477
3635114973
3431570741
