814583033420513280
774324842577485824
811783527004065792
739196497607155712
809717580680269824
807046578578030593
806237149456633860
799731167180312576
804180822081359873
747655287163731969
801837781865660416
710421722818748417
800422653546725376
385279132
2342272887
796130333578108928
1447781118
367550980
791036835963207680
307933607
340055527
766425138128617472
770085044312506368
782632756324864000
346018694
3403443352
778303356079054849
778320406319161344
1543940863
255324056
770785235348951041
773372580849909760
771558749530050562
771547600658980865
1584979286
520437298
633148146
324724181
2181483997
4048631368
317992205
208798862
762312899373178881
758766062771007488
370897052
2826882997
756328741178081280
755796032152297473
753927715728855041
923222282
613452670
2571384824
157213635
75172580
237432691
743547241911160832
743552056661782528
743548918491979776
743545957057466368
738116649480376320
743108185196634113
743106981188141056
741757913958612993
740178552121917440
739548082283614209
739240241622622208
739134725877604352
738410187615264768
710859933215014913
735526672896757760
4814295807
732686266290950144
731927972291194880
322685711
731273710573883393
729319830495625217
2422789268
728037001006612480
727538052512493568
727202416823787520
726255302052593664
724385685386477568
724011105325068289
723560517424525313
1878428659
721463610321580032
2567669905
719258524036022272
139254637
718237977462366208
3302314407
2835701567
2654450478
714614550927175681
807640674
2406272672
710201720790511616
713011920912183296
555739703
1329389618
710296801824399360
3507863055
2670204542
703862856769343490
3261930712
4926139282
2380831165
4924646379
4651405177
4865144242
299402705
4858831606
4825004165
4497150017
105601489
4822984695
2915623191
4778924973
4743284190
1599539016
190350632
1170297144
4422200025
4396505363
3983483200
3025225084
814812954
1201111423
4196637509
4173246999
4142460809
4142191355
4136277705
514306913
4005078976
4035410597
3242526892
3988736013
3961569135
3952592379
3941471080
212759522
3390495141
3924330801
3911832147
3248132796
227672939
3793275012
187738216
1957905626
3856787368
2837843842
3838446856
3776045477
3804295828
3316469393
3723719303
192273474
1158558576
3305587997
3606549018
3690052275
3688038315
3312781948
3365848455
3604043955
232212010
3447305535
3202930725
1160125460
3138324627
1977096098
3420679065
108729979
2841246939
2968334554
3431450271
3039333346
1251909781
3339271719
1066689788
2281535641
3304533312
1268108491
1434543144
3394227561
3392363501
3389131739
3242637238
3018149739
3375996280
2934082170
3370870613
3368719829
1497055069
3319158401
2426156448
3346427519
80320215
3209099679
3331450690
3309877481
3309986272
232972506
160010943
3321050423
129810753
124512170
2763700037
1057936458
3308497349
3084204347
240322168
3305948140
3302388375
3295385909
3294743199
3291598888
1247369611
3040773887
3120519621
3245436004
3242410263
45886807
318429164
933491491
1221850374
2798865173
3098194937
3190463781
2715679382
2916243545
3071719196
3167819343
2821152783
3156124383
2524748475
556080878
3137168709
278852932
855352770
3127687921
3084413495
2778462804
3118761063
2911646632
288019087
3092983151
3092803552
2885147310
114918855
321489158
3075642372
3041764587
3073944324
280349452
3084764560
3070926539
3073396029
264205503
2936206666
3047408058
219783454
795091880
3057581806
299979496
3034000679
1942490887
2903362949
741827119
1398709950
242876471
2895162118
148837095
2960775971
2811529594
3027546717
2578513575
2806239031
948797982
3020805707
3010233504
2452079719
2674749511
1580810281
3002678884
2962522763
92627445
2964441147
2867544850
2911651077
217910337
2527161208
2354897338
2446352924
2975595977
212428442
212104392
225919463
2816419149
18679722
2949583343
2926999714
1228523587
2575188431
1880421061
2550681862
2886202455
394966309
244669454
801116558
2902779777
2901439258
241693485
2897711092
2799705387
2893668945
2892931001
304581307
2740634179
1814924634
776583907
130208067
148964293
1901251051
199815836
1137177498
353283746
2874305297
2786979637
2321417124
912631842
1163280302
308720458
2532945864
177450752
2848179419
2862921851
1959735733
2265851716
1521193160
1460623136
321160113
2480878635
2721166429
326340074
2771430818
2865693642
1149758599
109737130
2769507131
2747036489
2826537285
1560893468
139284015
2676043667
2768582993
2232408613
1627054728
167117112
2426020758
2685582812
409496093
2817143910
238300314
2758948924
2425937265
336269387
2798405605
2786996815
629590467
2760832132
2784782816
2709927883
2664800198
2562013028
334312292
197296836
2708976345
390375978
2757373796
1976286710
2648984521
264630912
2613820916
2693326209
378878826
2151384331
2610322238
2610578690
2193534669
157120235
2604156794
2693599321
2688262994
2691060331
292096814
46429090
2533472341
2604156937
865044433
263428199
2648295415
2546819833
535261464
2610443886
1354582976
2601959958
2556920335
2573106350
226582631
330357990
2628406031
160664218
1886859048
2571872312
189570355
2386614485
195547987
2563490138
149543530
218814622
164507997
717425773
53945910
286542518
2535930733
89530143
2518776914
126789948
352067664
352150981
2365286616
2493663042
2460009960
408044794
2447434502
479580374
2456982517
760750230
1197902371
2446365166
2455428921
249301120
2470504018
2415288193
2473477246
162564025
2352489391
285758687
2255180942
346990353
2397908745
1661677362
2364988940
866858562
1682386579
473590659
1071626275
997997312
2342619122
259115417
241574051
245936684
41865152
2329301443
2323012688
2285791490
353857612
2288436584
207132804
2293492634
41457515
41268933
2267008490
44294924
317255248
436870896
2237334272
844622072
99189677
2223538614
1916913522
41165806
192455384
205068465
302889412
285347501
344809275
756404064
1277986387
204029036
1096311954
719345224
1961442655
181672196
1437327313
1282019281
387221138
55916912
1861137661
300618163
41747123
1722297608
169540478
1253180940
314740149
347998572
1671376219
148076347
329070822
1627038211
854149004
144051287
1510174668
1230758557
271487972
1380229117
41944631
878510461
1413881624
1373756348
457465733
883370287
880243999
870148927
880434468
253875868
1401171236
882362976
877896662
879373046
280845356
148498022
1369599578
1362438115
41488657
1354427192
166415453
1268690702
206331035
346068850
935099923
1330068174
186503320
1302124340
215987569
160603083
252676603
1250621556
225231115
789024564
891437911
197165416
300609032
411690512
1069802684
238368294
1038817603
164545633
32473270
41004342
52582142
854020081
127664813
47157939
285843510
972661849
147360421
898438207
316312304
136695096
