814636320190590977
811070449929060352
808866690914287617
768548018849193984
203671634
800119818330378240
800029216595132416
783325855502262272
777692900855521280
776872173281513472
776527581667594241
774020338283909120
773634076775505920
772793576363261952
759725244
771912733457543169
771776618650017796
769932386356326401
768943967111155712
768192794678534145
767208206598828032
766680648375492608
1305624894
195854881
764349120387645440
178217051
4194654012
760686975900844033
758849450466914305
759063635956203520
322317183
131326121
3772058056
755162388471611392
753812003878154244
753634082580488192
753265288485928960
269521415
752219945988190208
751882943547764736
751866025801490432
440124650
4334435002
750760857076899841
703631864
1249277058
749833957441728512
2815817513
748729128937877504
747622129894625285
747584580559998978
747139297271218176
743574721858514949
704708366925438976
2961536236
744729818198081536
705604498245472257
742528341966737409
742460626836938752
742165470921555968
742024445527752704
741774657620152320
738619194
740343431294246912
739393466967457792
738484546719584265
735941263187451904
737763364810698752
2477362286
734244560772182016
733389757754052608
733172259830038529
2727399628
4758038751
1850369868
1560893468
730454907959058433
730049828928036864
728317402153365504
728280918557900800
152736612
727350020874358786
2218616561
724765812838531072
723287296146059264
722909274192670720
272192509
722475258633134080
722269007236243456
224033090
722181281392508928
722174107740217344
722079362510675969
721872209871024128
2613322270
1223159310
167247255
721515748632444928
720325031067328512
718671035269308416
199357613
715549689144279040
714952128876429312
714289455314632705
1659925075
1555924100
460212035
710862541740752896
2855836510
708807451425038337
272230571
3322043266
122927096
148596012
360603526
235732195
702737383071080448
701058678
4910671984
2453709299
4872291450
137762063
4870796944
4849431411
4831255917
949934107
4765227794
4520542589
244937825
4708675569
2959429359
4737939887
4659092657
1687441634
4561835355
364890398
4443349941
4150281567
4366106302
157570409
1405255862
2359829166
4021530977
3519570862
4231324852
255388774
2865795376
1075381380
223667546
228210698
3577857209
3429196600
3227661223
1361931648
1056789931
3846363610
3980585599
3904553655
3832159885
353224105
1534514424
2977239225
2972294363
255661390
1158558576
174446418
459748036
3497304627
336116896
733709149
3403324611
630573714
138661006
3393765964
145277734
1401478706
297795152
2940214709
238420329
281549286
731227268
3382191639
3369552082
313575112
3305631243
3279532485
317860860
3353496028
3349194689
729613663
262699514
219012419
557346045
2929658927
302256096
375337537
113943975
330457500
266737523
199044952
181723801
249932157
3296038713
1677073429
903552048
3172314650
3209866775
189434662
942633944
187370644
203387913
263316429
165458309
237575416
327613490
263451070
3133966458
801588524
777044634
215744750
266010395
170099142
2900568573
2975833731
3174555657
3174022684
196368336
387888448
3035660261
303053245
211320133
205248574
450993802
314657631
3123897351
3033460885
2887326436
3087841678
2905633823
3116116066
2925930623
3103728090
3052098473
872710574
3101287077
632438372
934984770
323637167
541197854
323237189
2775352506
3109302969
159236186
255245967
2371928827
457684066
302087650
263333007
2517071027
785237886
621455026
201118943
3032479625
3039016378
229644311
102809298
2983068951
559710716
465048267
990918601
1664847272
48537615
2959478512
311882349
358891616
2969873867
243813515
2934516531
1868986519
2514428552
166847541
1323468948
2820906977
2605327054
2992726096
493597165
360901581
502438435
1194726984
2978948140
197156013
264311481
160450805
2941353670
197188014
2930398235
80777626
459832664
921307950
2875923153
444206859
2411560783
185759313
331964250
257479665
1642683726
212298270
14049702
836327276
954920154
2753436836
559939738
1260581125
1722253975
2751077518
1257775783
2585841978
2755854839
874768370
258006439
145711359
2713424214
579956509
2728803904
2723795020
2670133272
2264699652
1317353012
163878699
142376345
84684010
2575089324
198556425
197291714
216208174
1097019715
2556983318
269414254
431849912
283674514
172315729
194689674
295781547
78516431
1973651396
1544410279
233451500
270651200
60674446
1134196477
2491800216
198339049
2491822692
538589479
270642373
468447088
2444229902
954465392
112208445
1229503632
221518270
293719772
233962375
2415287922
2369415327
423596740
229572143
2368638878
1513694852
297517716
1216323540
228031967
190709026
166635668
71388397
137467603
1318529041
85217258
1195932720
267444384
2268009899
469549773
221568599
69656802
1690061521
155070326
93344421
234414355
226627243
2288977105
857097355
172953972
1561104332
1866374497
1861899878
219528219
213864976
868746890
108396646
566815759
719998173
14390605
181227291
385837196
612707430
1949710958
1939566583
741012606
125418583
220009741
1881818076
1224963566
74536403
198943695
606014291
241221326
321774697
281911605
66827959
455983195
267286215
319315502
350373993
1597310862
582662297
520465173
1683656846
1040268890
365134002
51535853
119551973
285980934
1611148886
724555106
343119669
900595578
378847485
140606609
278648673
279775193
245491407
285441027
581318277
312927884
534703198
1661454038
228058205
293375918
23138880
210955681
821698298
503996398
621108775
174133596
268442459
1413836964
112629469
269141094
343058135
622592170
560829963
358595646
169934936
217107613
459695514
248365995
162878957
107144942
143116730
149996167
724781352
272484241
146241479
222814902
238532488
1315876754
160387543
281753050
291411173
1275790332
381758537
1397486396
255073473
212728319
206389403
73567130
1536083424
922555328
48524829
1558764596
171627767
237904802
407462710
42639351
1467433238
148976175
627801871
267017843
164011109
1537372231
550636596
881269699
800487637
183283042
239167060
219135374
140494671
1115647993
197145185
152086214
302352846
225620568
88021184
289163319
77480725
1214223601
170704345
226706139
247345873
114273059
48382323
