755850290834866176
780492415333502977
815532329405992960
808844938720985088
221468611
781240223283945472
2203740830
794651704910315520
781476028153733120
181003011
3974035761
699960204692217856
788363453073330176
969326347
4871149780
598863667
763860868094390272
781264986517700608
176549812
2916757385
745988686106476545
775520160652353540
3177937725
4850876985
264351011
186514585
941580122
2997119811
768116512578297856
768458516881367041
765354334783696896
750369613947531268
125733803
764516379521343488
1051026625
762047183172558848
748708718200680448
757772836006002688
753015710620717056
1603437157
526796098
1468071794
341191560
752938870489116672
750039989296230400
736377576147550208
735918902211940352
736949815762771968
734786651243876352
736175730468507648
4821699785
2328749210
720315689131610113
915486685
302010028
2686947110
722221788147630081
2342398325
1684078914
421842931
262725820
726245119968579584
722563371065847808
245600482
721788013068566528
257790977
723001447391047681
418257025
130301462
721026861027999744
713387349124755456
715282953190916096
1663743769
116047749
4083871774
715996136356651008
491615544
2211327368
4867113538
2870612422
708847675140128768
707784580120616960
216555202
712097440246190080
4607376676
3015073558
710140230100250626
3507863055
4389038740
705212934188875776
1139020790
1641451574
4861904639
709050000647581696
4366599509
708312380946718723
704024478985162752
179613454
705574373793595394
1335272449
3129997132
224782217
513937906
4032585015
59266707
165098121
3306376912
4905033647
3838069041
230944670
4851441814
1149583712
278865274
4876576311
471286732
4857186555
4852669695
292874622
4861797087
1106900352
163676601
2615437799
168868721
4759234682
4810399636
4632664888
196338253
255119289
4637737113
230564729
297587675
4355435955
39303353
3871382331
411166867
268313670
3027527085
4527466715
2765288086
3357871689
4557668485
193439726
136347784
287377727
578637557
4344290242
1291977373
2286052311
3590249597
222344995
397632308
4114770917
2649728966
3305244886
580343597
1226454703
4107249569
3968397021
237015678
4072097321
549338872
3824180057
53203499
3338145059
1554533173
2465726641
229470214
3333291976
228919491
3868665621
3601415355
123998914
125167427
350458938
2738594609
266331254
125218582
418800762
169786745
573997641
2533386529
287852277
144892229
3549124997
296668519
284679828
1529597444
3629096776
708359170
249196531
3557021903
2645712462
155000977
573939259
3273382238
3408703468
3432284969
1662255180
1135108081
183764200
1959062479
3293166368
372918944
553721881
282857354
2525414820
3234577885
1432053894
345002143
2790210601
3290903790
393039387
3264609957
561350892
3374540253
3380525691
3358930834
3305905522
2894794223
265264015
750416472
3308668978
3342784935
473199698
279712542
131876885
821704880
193481883
3241555919
314314181
536827286
293715489
833728938
3339708575
124645157
1278874862
294062020
3305191401
249834175
287383738
199906823
3308446497
292923410
30935639
2648204892
2593103235
3303292113
3303080009
2958735215
2873113474
