548992359
176455820
70994055
3144964128
404466653
67741597
264302953
266343821
199694428
206271412
302236854
786356436246736901
212785014
320804423
770641334784954368
257265639
51132943
766284523495653376
766405732178821120
3085235301
128605242
160608100
760339152349097984
235251356
253208304
190120581
48823206
4270512977
717406081937514496
1694749682
734063442836004864
2339780432
567844312
274821971
183362168
234618897
26955631
170758601
153493818
42442827
52073129
606655254
213495073
723670699513008130
723667371668295681
723664546284507136
722774963204149248
722018283960950785
702350023221186561
711733307403141120
2149307592
342847199
2950023933
2820195035
4847885987
559939738
3349697079
2939522783
185769524
1452096307
1230400644
1323244789
1416085362
3931744275
224469863
3623525183
3623534175
3623706616
3426498388
3429080920
3902527521
2641856219
366223911
282822414
2174041742
297823671
2501919644
3384829979
963498331
2273288113
529526641
2300998992
227417492
3308277345
196364067
199928926
190919412
329893109
372012121
239044173
2661802042
294740551
212381126
3171187113
3152613729
122223727
549554501
360067758
700826772
3122134099
41035747
3100847134
714253237
210305142
3067740861
218975964
100090645
182635892
190746891
240805860
208737865
257177900
31586709
238212210
214331054
3011535634
188965699
250853026
273226355
211200505
2240124001
343018680
360683514
212785850
133871679
948776167
234791758
389864631
256122758
443964173
152909662
2961656038
276818258
90047326
291820349
294797320
125400328
365891777
201597084
111231273
350444137
158116578
226359026
