808663772697165824
812404029812772866
811978476320387072
4364611941
2495091122
2209963836
811252432156114948
810476746306977793
810137219193249792
805868920934690817
405060731
805052346233450496
1613519863
4865703563
360764528
797199416109268992
803762859935154176
790945021759516672
801181580375060480
3461992456
793533222978289664
793092596830728193
772206236796325888
334972064
2798015481
2798664958
459645161
4746528927
4267247477
778771031037214720
783690944
2723810745
768532455963947008
777239845701836800
824614538
790641797911445506
789125347774193664
1876070856
787711064364449792
309481601
2383873189
735179106
460569392
177232597
717086241481691137
785215595159687169
775896430770810884
780778613473849345
783468824481980416
335638326
996256933
3771810376
211024258
4606485137
2157852120
353411365
780340940602941440
410519420
773574181535543297
257554720
766384226388287488
2583050256
3108555039
773912772262453248
776969051797131264
733134873578381312
2460663207
316537888
775117339922685952
2416665470
1541954474
2964881463
1283482296
470714837
343387675
767497821876551680
760293313685626880
130360013
750914111005941760
1472383386
236873141
299438645
766620285793697792
751224912724000768
766339327685255168
311796165
351400205
290356482
3962262761
757028671043563520
762874489801625600
226015548
135194357
3674656397
1231970204
2539940517
380875150
2183330971
759391240253214720
758715056502738946
3731727556
2588500760
756642536433782788
752394628473745408
175874747
753631447202820096
1305897824
742048111196053504
3587395693
751362324016009216
2411010865
752284689315012608
2641991795
357640016
750565649383100417
258113384
363303545
4834057918
750264688533962752
749814897148567552
728708521240502272
1264973096
322036656
299974782
746157861772861440
1197505651
153473495
4815201579
734813796506669056
4172309415
721735041907298304
745043406515240962
728936751604092928
3084065188
4297206434
129183518
872271786
738436027669479424
739328721753124865
795045505
2800514756
210261912
3731951654
3091499398
736278650916605953
1729403544
731284838674759680
534397284
726560015868370945
2852031879
355969146
730974600079671297
732979479392444416
732930077692952576
132385506
4822805152
1689362916
2938685392
727885458915639297
717874197989498880
726926101877002240
270609487
536866130
207195972
724762018943754240
722594413625655296
714236703272210433
723732774050516992
723726466127638528
713766714442452992
723436600923803648
721521861784375296
724882645
479255956
190035351
408238845
284752672
4018831336
1317507835
17546358
351682434
354676682
722220573556916226
721528586927214592
478154377
2176960496
306270968
233697703
2509498079
2322389723
1404024948
3128210686
175794763
180623348
140185545
2590901260
721506332164169730
3436127643
266381205
2944780102
1957485356
721738254677110784
721691633666928640
721598813400666112
147699458
222915567
104330475
301540142
3152800966
345048312
225052197
704294715794067456
4212236373
720290221003124738
2813435612
3826630516
718450330984386561
705958380821749764
574690444
2535888757
713420946825195520
705593731190231040
712624219352350722
712394582470877184
711918713956659200
4869698379
711929873971986432
4307514527
700818499657138176
145453174
2936019227
80826560
519818540
1263489462
3238908304
163318048
709501667708964864
3354162923
708414325782876160
334964115
2407550178
20774577
707684943275622400
2957108483
1416436178
516537984
706987512120668160
187933540
3713453668
2456596607
181767219
4235024487
703047094811099136
4820194527
219156948
372072618
701060212652974080
4785142703
492582264
1348352256
703298026203439104
703262587551670272
2558152804
211331246
271786357
704021995361591296
4218078616
336822732
269940940
4885547303
4920671361
701837445910937600
32390648
1170176743
4921281087
4050673455
2742247728
219119633
291196877
4877105212
1123883178
774373069
2214877902
4867271403
3043139992
297569366
2513740378
224221843
283297990
4716453383
301726518
3065854467
529575331
220379057
4503225767
1685777154
3081720533
1311772580
1347250831
4364865016
4408344802
4244089954
4408226127
1952763774
3335952737
4245407021
4329964581
4320243213
147355151
1631160638
2602141988
3806866523
212728782
4009744655
2886803625
964882278
3524141835
2477690872
257268841
2377512008
4070793262
4028336613
219055239
4174234155
1905846396
865028142
3322175493
132781835
3426763365
4034764557
3427123745
1395065016
635775340
3933050069
197646439
3690453921
3857543668
252264265
3600531135
3795721035
3794648614
164386034
3720534917
3709134142
385118047
138264084
705497828
3662699121
139493329
372605112
279130765
2439103891
3419007919
292996679
3439301776
3438597730
231614239
3434938481
2185773847
3431862370
1144215536
3316278254
3424457937
3424141563
1327157294
3422363830
1487830250
3415352273
3349889895
388915477
3209437911
3401578121
3399423749
3396057255
3377871689
2602068626
2760380147
2695441663
3368382154
275119699
834278504
3358713767
3358802447
3357287860
711200638
2949661865
1920381206
1280784816
2468381484
160343471
2411327702
1330065631
453355511
2609626410
3303153777
766897440
1682091416
2816629757
2712162175
2202494981
1290358645
1370291840
239095313
3303679125
876010339
2585316400
3260935125
1260442591
520516712
3247142614
1357479264
3241025781
227115806
759959042
3225231633
3217028291
3206930627
3210574354
912050306
206974204
469783491
3001886955
3170405674
771956750
540149958
3145658962
3132284679
1090478054
3105213201
743786557
501933883
3103131203
1380457358
3092857247
1700393460
3089421689
3089283321
2896880393
287805978
3051250961
361316652
278857864
503549944
3056408653
1932724969
2928965374
3027263737
529138410
2490751478
3015419231
2521429748
1305382454
2903788467
279528461
2949108597
2980718272
2734855711
389578593
2925890173
388580912
960726816
2975392702
75359374
2445911332
134951905
985848414
2833445100
2936979249
2592104140
2821270245
2912653847
184110172
1087764642
792358639
2850671217
2903287913
264302208
912490584
2521740815
1969552639
145760620
455161970
2612237036
2898806466
254307172
191617998
54742231
2866214284
326497398
1646370391
2434090462
2504644613
2820404828
275163680
2218281489
1957047048
429527241
554030857
2528369015
539534166
2798497287
1483441178
271716869
455845516
559819939
2817816056
2295367544
2807419440
430244612
2790020322
1233174440
774869198
1025749166
2719802315
139165612
247096869
2749874103
2735100709
2746626339
130677701
138810516
2732351960
247603380
1139969725
2328699280
328550713
2620100139
338087422
2561486226
2542621032
130823895
1101046680
2539400723
2492438803
583978049
2239647829
199525353
2496857071
2495317681
1537788368
957624475
2521666079
2468328606
220038894
1443979705
1960873879
472117012
2301243854
453649855
453649855
2470575849
365852368
179824244
266417908
144866342
197607349
1482875336
168194926
407885161
2440142999
260894848
575668166
