812353334883614720
807926491350794240
349505360
383319854
798600614913671168
788969881018433536
795138229100023808
715889806656581632
781147165695549440
795075845538934784
173834570
22811768
207137549
785610911868260352
786430933792620544
774293755188875265
722245293501235201
320324035
782062095089172480
706945053617299456
4849604080
374929557
768960067412647938
760508058002984960
758519207214587905
752236020003958785
727833354280833025
749091217380478976
626564451
193020443
737608054112325633
4546645432
558775135
732042045859172352
510847980
130884531
722961206718418945
3765184528
724807306500800514
1069110211
304499015
325305490
721855869475020800
721566866217570304
718279182636216320
716331268863078401
714636429209505793
2460505876
4893704345
208630136
4312193835
3421549583
2485516298
700525169312333824
198997187
4028054543
634107464
2682169071
3091473417
3476435656
2418534335
4647247943
4582734977
227489774
291792898
4563341968
2965496489
4400926222
235755941
3336090670
3948247216
4228468815
3349165818
252671081
1138272024
4062892372
92454540
3907634610
3927653337
3866789296
634146687
3294284411
3689936069
3361992304
131977428
2583305621
2474341040
358856476
327151984
3121971893
319379549
206800269
3465873915
3351114375
1689362916
2645941754
229467636
321513385
3327340212
1534944692
60126699
2743145753
87492349
479953367
2243279409
158896733
192941870
2892893116
780370543
56547672
268604896
544856570
2172191777
62917718
3321456544
3327047291
346157828
92414202
175133650
2914119596
3250069331
3149404323
97351496
3044579373
2348818536
389164284
444161827
64821103
2947924024
2853025635
168241115
140183245
579377032
424464842
704330202
189539715
431957924
366688715
3130692783
3084413495
3074045106
2738480230
188845981
3100847134
344909564
1700391756
2227991698
749503284
3067641909
3087346762
1626039019
1409458076
3053743571
3027327863
2947691685
3021717731
3004939953
1015621412
62923233
2976855449
167531845
112290357
543984569
135183468
2950581952
243822420
1924782217
83066546
187685200
2902779777
78827685
463757464
2888796623
770798682
2858480766
2887537605
1107018630
2882895537
309096718
607501775
1276504728
2877269907
133707575
943752668
284702351
2750343678
2841211925
1115816168
482592156
2809200478
2770666989
178786432
212833004
2786320821
1584218688
343781357
2773075689
614902700
148129815
1573825927
221096768
1496891041
613021046
292975283
972554395
2434459983
547136351
260044507
472522436
845002008
2609180405
1636090153
580202264
362015593
1430516414
2736286479
117261342
344156268
91795435
1075328450
2738313418
2699245866
718560481
2244501210
2645834915
148818427
148867588
37524785
1161567338
72574270
2583435045
373728165
2548465591
2544121200
186272020
196010241
2505861272
157241925
2436286711
345048312
2413688558
2469667190
2468154068
144998423
165874156
2172561251
2160955039
2460456676
456373925
98724291
213141545
2435658711
625110636
2394147129
816562586
131983857
2262999566
2350846119
287900482
571983718
943926661
2329271880
576109160
2353886312
153655190
187254242
237751851
67384129
705712021
711021393
134933452
2324280217
1718111066
2314228683
2296646073
2296680903
241323032
2312470598
82020984
2289681814
69753817
2284509901
218952462
615729368
83463822
619177478
2270258989
198002100
2263180315
190509192
200526598
1531735946
182416615
2243065686
132365105
720059054
2228836326
851267022
150951105
133073489
198553873
274670735
105190050
576250811
2178360360
1969923672
2158717582
287296722
458794046
2189075623
1851945116
337497641
137496767
747790328
1027127156
346320396
1852598580
174379378
1472647580
202694519
230945819
266881258
223281681
156425086
349517792
1924280887
1919035310
210121066
184603420
184164547
244644911
258436599
1856076254
1421912911
171939279
329394097
75355792
1694749682
335496383
262883680
171617567
1072895569
260575515
1663965780
1537766162
83531454
101936199
295930550
948776167
1179702265
1380374418
92669826
14070641
1460692711
364537763
370071260
244336664
1483439066
1058219036
1264810770
202896204
1548563791
56604064
192335577
142162814
1523816899
171923423
1170725876
235385246
571172575
798661830
769545066
225132764
178461466
960334034
1357447578
102043668
188502119
1264879380
134588895
30344425
265026051
1296298134
608798516
233674393
275302172
195762231
170426849
228924454
176605616
336849729
886981800
198187874
816396542
1391954156
1423995884
333540511
258162603
236287586
1389334524
719193258
156317304
233220973
1382854748
544532955
214967608
240106657
435878988
904173283
245949116
157778900
174487844
196039234
426066493
489842927
212114767
403537407
1228357471
858799722
1343142998
66750238
345018104
171682705
299418568
482244637
600075502
273130106
85101558
107465566
264058692
459431689
43850260
393392396
281622210
1202273220
247464781
1273390681
1180655642
498039153
966795619
1213797926
716495077
305162032
270412829
1249613712
88465203
279068203
181304476
437531022
1239267896
323589597
547785668
172794860
91217652
525787845
1230655910
78203691
494222396
33215944
242473581
574056609
79590490
155902738
944804874
298302111
374020605
384100764
236193911
186571391
537676791
358532093
357040173
202193383
1099866068
208251705
187390022
1125752718
161854584
37451753
35483407
886242012
171143454
714253237
19293514
128696514
339294680
915054504
203375642
162602656
1087857852
279834381
229736906
1079840676
44916666
54601032
1027859083
930852882
160752588
1053403328
250200666
246102101
779497668
252342781
81103443
829826113
192445920
743042616
138532992
305233902
225708455
547324305
64089934
156522339
230748783
211651892
954112440
400367114
279800666
199427499
326410805
959071536
210104371
153080709
217900918
550680366
964997570
139921416
104088184
948306794
948993446
190721927
288948654
216195357
940528333
866576826
486656227
64732238
361839468
188843133
158263778
51095961
260897743
146706760
879356588
842868529
231200385
708189314
848002064
93080327
844412412
275014691
842825611
811882038
223880445
820983962
360533290
779515988
262803703
799285574
755525100
112325074
776910906
790728372
577781463
254191949
509554921
419213539
18174280
171594066
136108879
279674839
371806883
578461722
586103695
162267264
363714168
276223584
365033122
309822618
366447386
218252286
37603499
193868111
636567471
404617084
33277041
274664487
126384914
731967890
467547707
198201606
296514724
222886557
183283042
273806815
715640288
632548021
708005071
123318819
355180829
230870481
567750331
96441395
461466938
435345343
303641007
146273945
306359186
632676413
146887763
185478910
631488900
112632913
253787239
138464346
452467597
620653358
158434830
614903369
417554090
244077362
386546939
243911962
35840862
264421400
244767768
154638860
197486653
177494164
14046520
196371186
251280284
600606475
332904105
232279977
412645146
147032775
252352723
149537972
41112421
197296333
344484977
84129301
162612513
276489713
577446014
187670927
562491902
138621625
480623115
145501525
321142240
204538174
314987221
214965930
290722874
33352723
559183491
125116337
258387184
540828041
508655312
150080504
310004171
547183460
532603644
430148632
23709808
540589756
339773913
141079302
348726249
196733424
469368874
44152956
529589559
481374341
193863923
98897873
111587444
505142335
390194008
38210239
506007211
506193434
87808891
42333562
503688418
280001629
136287426
319153066
272675600
156337889
461668732
401631564
365040248
487502527
323295231
486617114
376575435
70463597
221495375
478076821
175528007
147274791
161710563
209861058
254886735
131264816
159742944
319760510
7614652
94418164
144330257
287283613
124601240
142428245
210928563
239030954
102800086
172242676
359677018
131381288
409931833
205031917
83266278
366295116
58696660
119864474
201266068
137169667
162047995
49908985
64913687
150956269
236410872
145450382
239076663
148353486
128458046
177030078
419869917
386197885
81038156
147757657
197283414
113206772
16367417
297706639
174128674
288572237
167650630
322123512
182609326
158401926
320804423
233164761
166633148
132618924
363937386
198815638
205839654
201470076
157844167
168652489
388308535
178529718
307576140
29926966
364357621
53435644
78471712
167062647
28647921
171529361
58121965
28500817
245056618
69805692
275871356
211236272
376854059
167014568
124825689
374721976
322225072
95593693
306347906
253581045
239677113
225183090
305397079
321159320
216781940
309092753
215889637
202210082
100041187
244764202
298813162
171358708
107763712
249228990
