628789493
806237214799761408
979457154
814842002261086209
2765456688
228193683
711536423732584448
342337257
2446524800
808140040748535808
812033994288205825
2411683034
810470549486968836
586046914
2770428693
362489050
809129924288217088
33533461
796568660437561344
216416096
808472318414622720
128668346
796902046616039425
777239902131924992
806217848951635968
791409637522300928
803940978793005056
328053243
801490451274534912
774989805943873536
270094320
294237892
818069677
137974619
559994645
128902284
798532588776333312
437637202
1106952186
1747597357
224412471
1007366227
3498644114
797286146908819456
3968898615
3069186255
705158441908760577
783904126979543040
736714179491561472
428373370
779029130155290624
775734772480020480
774654966254501888
770983419832627200
765761303608713216
723046613334167557
712971393399451648
763959952423563264
759346102009229312
2736840795
752970257954803712
2432684641
711027341972152320
577455560
769631294
326944005
726935421393997825
718823076457275392
708874323856105472
709780170769457152
4229378601
714532524131794946
1396544053
700535655609163776
707642021587107841
704436676463075328
705032109245767680
704368005107609600
701572117993799683
4719161874
4870996703
