813389494242181120
771619038
323628276
3562706717
3442694239
1348345610
719316792510935041
569479449
140527524
718585172736794628
716232303039668224
701120095771344901
4899649881
4222711552
4647089003
4463757093
865731721
4084633823
4041971397
3882035241
3808117757
3570522437
133262921
3682252582
2254378015
2728147092
195532720
3412956147
1653329659
3058769561
1902374803
462062613
2460684770
2725768439
402441299
3249635013
869446400
287824092
2400634856
3084217738
2400122688
2156067667
1948518960
93275323
288450666
3043088212
3019117283
2987416715
2933019101
142970957
275774317
964164133
128025833
249418443
1444733184
254155306
170600583
419593447
110802240
264633082
2499739312
2459048406
142507968
1119410306
65419374
403525941
1283474460
1458069356
220183270
125235777
77657040
766841509
133419072
393770674
