210104108
799387328540184576
708971413319901184
2750855962
256039350
137587821
3361092717
2892615717
291384580
2902734915
170075305
766717582111977472
703580100
4916236557
222344995
328588948
721520872138387456
226188916
4623282335
1296688934
3785912543
710627803687944192
712815637630943233
703417558708457477
288938184
291310405
2654370350
3343183719
4878882622
612582434
531739776
4518367600
449970513
240403431
2425766361
91100724
195890045
114604318
3927136023
759729260
164758026
3405510671
1893815473
1221874699
231459431
95101098
3116404780
188562976
2830195409
3401958347
247883701
170028840
3292082224
3177471521
199057008
3044688977
917786898
3190822206
221089544
303962449
3298740113
138298681
1222631768
221042975
213432634
211847386
2562470637
1631429208
178448668
2774271911
1543889196
3061967531
3137426232
334599706
241292227
14181915
1689495498
297596794
254207535
124259279
