218177556
786789910275428352
786583080916115456
780133819412205568
780151588291837952
774350162785345538
563237265
771717845474574337
725771203814764545
767136598920232960
763609067625541632
462373815
706593655327465472
400777900
729464844865421312
725075389299707908
721774395274960896
721752345168764928
2188923865
701253525901336576
227730681
4564030635
188185008
532679905
332790693
3033631300
3898695989
2279193738
364292112
3546271636
249338424
3396323445
525795329
3150233826
3377548653
178004528
823835000
243301589
3327440351
1243935007
121150512
3295543259
169468850
3225603851
1096737404
3153578220
3161925285
304479102
469773681
3092002952
2974016913
534581951
3001015914
23558749
2989174890
2175920877
2830976871
2960241051
2778025407
1004231413
317202049
2496912060
256029246
2416153591
1228252723
2266353458
146887500
1889000714
119809383
711353531
172996616
177614127
305412456
1090468340
128136730
263915760
846309056
130607485
1031631792
1020047930
436713348
574991935
589343551
580189972
56435933
561538510
145251292
164803945
527916242
442082410
172927345
133043482
226990349
354072871
294779553
172864695
62357774
351012677
