813141167269363712
814935542181855232
1356981272
811632984168300544
814482765295091712
783506527948857344
786072848196599810
814055452493418496
813801059915333632
3124925713
811709264737796100
3037983495
491698202
2726905126
810171190765645828
809801825104855040
809780098517921793
809504001393827840
582458560
735778080
539972896
806681085455298560
1357706708
755976193099304960
806260137665105920
144203769
2969088057
261025681
804721257128333312
804488532626735108
804007261425242112
2353288346
166284598
932933546
347315825
358888593
319958088
803756856128761857
151724618
452410444
987319472
250353451
2594426465
858631302
346852630
795837300135563264
2273914315
2439133713
2920288743
416822249
108381839
803756302233178113
385193736
803744274051432448
3375180899
797505567791185921
196640434
204348375
734497945626808320
889339274
800407918059266048
800028571351875584
240761326
338420525
400191024
799390499144605698
3297853001
2885759512
760334128881565696
796198622161473537
797997544089460736
797975203318001664
770131074
2893282603
797497837445677056
1227679220
1716399918
2188614522
603818843
796213205446127616
720646367253766144
3449777794
362567877
769616492216320002
784997613737213952
792089414226812930
99003610
729470275239153664
3342864699
2340468391
715991085223378944
790609386238533633
791140927242928128
790993202753011713
790483646062944256
130977533
788834531784679425
3976726647
206411217
2789820052
352025471
787990604882055172
787508136823382017
765242244337115137
319971739
2572604277
517968664
194159988
785809357258780672
205880741
783379460812857344
976225080
785289570514501634
784420901253156865
784402754034929664
784248762009055232
1080841332
726973150106374144
783014856425373696
783085287014563840
1351960698
1382423281
782290473180356608
782247401016979457
770708380755320832
499157172
781313389641555968
781312499962482688
781307438423302144
2687979818
753001724328239108
753001724328239108
779676920988532736
2499142969
244704411
778915011209076738
2481881997
324724181
778240969305104384
372082549
733406248322764801
329327745
605012514
1595969917
776541293233180676
2299205613
344098702
1562038668
772994576277762048
216150476
717702926916067328
587951116
772153131358650368
3133744620
761084934614192131
2436616012
335956090
770368020363575296
757650617288560640
768652276781178880
769024734331822081
768204573173485573
169517689
767091210653753344
766091201200152576
268864105
742525913297002496
3385133626
763381874274267136
745693614500634628
753980247733899264
761435995124428801
759187693846822912
760934973708836864
705821361
3028179340
757255843805102080
760526019933634560
759108108924878848
1307403666
4126700320
270553499
3222282765
4362567316
708852392910069761
755591170886103040
754985337781424128
753995251442933760
753993364824002560
718846800615051264
4024049241
752561013950644224
1249693116
3134017871
751913475539107841
1512400598
750570477106688000
597980827
750328257057349634
4462452689
749077502153388032
748322117419143168
743510902390034433
153516909
1685754858
547196912
2574048006
1041122592
390106736
733013748034732033
1375601768
2321498142
740743611617320961
730524685146984448
257285247
718198950432530432
1282606069
718092365412626432
739147033508990976
4352543121
857352056
4831408727
3438065715
362649151
3350034057
735855865375424512
706535271496589316
1859269530
203279810
389504098
733116742508150784
732746396349157376
195813347
2826882997
509001226
729829260299513858
728440159159517184
3386671744
743416194
234887020
2455899644
465225676
726946080848531456
726855293381033988
104085872
4345325542
1898898763
224412471
35011753
292146025
632981847
2930763591
198288505
722186801318862848
3893688220
722155508279468033
721501547385995264
721092253914177537
16215124
708138338864205824
718555880388734976
2555951508
718058926021984257
719305657413984256
303515760
1191337286
718131117539401729
717346586741903360
716831672570920961
715138026947682304
2474328386
714162750235283456
712343083413872641
4898918817
3405888407
2707548150
710484569380757504
1018803464
4925138553
3507863055
2944405234
529774186
708027702989733889
365077246
3389552997
707288293516427264
707281350315868162
285742181
226318893
701111918531055616
4926271881
705060713488883713
704753390077779968
2942895437
700417223555420160
4928300392
4853625328
3586374612
4874126247
4926719440
4927568145
299426473
700866098502230016
4926089853
4926626020
723296221
4595177251
459418751
792247387
426630121
4898827078
289462957
4834135545
2712143924
3311307269
3019247782
15030924
271593182
179978181
4873912107
4863909838
4858445805
3319130505
2557279472
4011625990
4840571025
4832901419
1893882170
4257223756
4757832220
52211407
472031615
344254899
1205442420
3222612240
4737865221
334147053
236535769
595905699
3019747589
390503262
184201007
848282568
1009815036
2759897075
1872377414
2798141128
352317715
324974623
4054607429
2354586135
206227440
4729060361
142910925
2899516377
169370934
4581998363
3382216209
2151788714
3019391348
4343253143
4495234995
4494318143
4270808841
937316113
345460387
230234837
4394253387
3660402556
4367871616
1859327748
4343756895
540209885
4253693626
4332268781
4324370608
4034764557
2988586395
554503096
948456116
389521996
19844014
4218433293
2201975910
1658683298
1401267008
4069749075
4187603332
4161096838
208717226
4175537962
4168406938
450900510
4160086841
4150234246
4142401228
564220207
4132410375
4115074817
933277476
4075653759
4065355407
472659363
4062930377
4058061617
151121924
847850978
4047287981
374293127
3091948174
2239053357
3873540028
2612012930
979298744
4009179555
3989240057
453435424
3093239482
3949028543
147688001
3901541901
3885921453
3388239664
2749495557
3912466462
2296712275
3909337288
3892506867
2228960245
3893920757
2214985431
3881929156
849588385
403459395
3847097127
163447779
362128079
487789358
3354159243
3669650837
1880210090
3745770022
3630414614
3327652505
214243418
374107414
2522401714
3660222375
3245521703
3653824049
2776270462
2741414943
445448067
1008900673
3352737759
3535041081
200140664
84641536
2454176677
2752068587
408133186
3507329056
3505900289
3361636317
210287150
2495381444
3460662496
2872299597
191507818
2577990950
3432871156
3431628394
2873977255
3430411757
166360837
3300648377
248039885
3420230200
3419541033
3419426333
3327894993
455292988
3312197090
297431853
3409573673
3407740696
3404946869
2602631350
3405014319
3337527545
3404944449
3388527682
486898280
766637929
2906952832
3191798055
3397417684
1945127204
926084208
553652135
285936406
1665666877
1658266424
3389716299
3385398316
308829304
3382329304
2717844979
3378856103
363673636
3376635208
3266354072
3369857627
3369168989
216369807
3309884926
3367080683
3366502569
365044511
625198511
286388173
3359283238
227021934
3344941090
3337713473
1615900860
3328482993
3307568997
3314289952
150667231
522534891
206516306
3310005653
2742826870
413724143
2992293994
518953353
2691237558
755258424
171784222
3023296690
3264573915
3263237206
2743667225
3247167257
3247194657
609498210
3242452857
3234298451
527804147
2156012291
2761444573
2269016159
389272371
3222299717
3214727231
1872122131
266163356
198600233
280800816
556952983
3049693820
2707795758
3174758062
121223703
3155073455
1365893088
175799898
78014163
3125840998
1923642144
3124762481
3122022023
3116148723
3105860867
3105468334
3105349420
3105155014
3005524983
1319607360
1529236148
807117630
236397982
2817574470
718920595
2259246210
3084798322
368448362
757864220
9683742
2494306278
1426097982
110762581
1322944117
3035843229
3046662687
32434292
1553122148
3037553735
2784208652
188597662
3031289405
2842080514
3018056853
277650990
1436332843
157723192
2254303610
10445812
126955532
164911885
1445459737
1888306867
2997540307
231770264
747607848
971893741
2895065115
2993031611
2975717309
9393462
17934367
2961470921
2411851340
522889289
1966131655
2786401839
1337155542
316653360
473391768
2973995651
362230570
2722973846
1435693495
432100814
2967123723
2966864495
600171912
2966086811
2960973303
312066695
741479550
1924926715
1107326534
155285107
434226913
2937110417
900683852
2591535691
2934125828
2925342712
2915980095
2918350575
128232856
996092484
1333086432
2907004096
1054117830
62916052
143183970
1247454704
102073080
421874937
703785070
250708754
904052526
505215299
53713924
2890845345
237967780
2887491677
2873789865
157555850
2861562791
2884389689
397667460
2882840219
370670065
174711806
1023105708
302145409
763919366
2870792339
501956236
2864576662
2755544714
2860925991
56705937
2824185969
2792440888
785087552
1949991192
1584239875
1066655672
2711343557
2750630115
2550176128
513713451
424274022
1219437043
2835034049
2190436574
2830880884
1949784373
477081320
2821005015
2820027053
80778128
2478651120
401114952
1027036710
222589365
87843437
176575642
241747759
115530362
1580678648
2289951468
553956211
2600685648
231266322
1264880569
2548852195
2772332219
266263044
1007109608
2377339868
1566994675
564428093
2349321259
2468328606
329094907
2715987040
883528993
146056715
285373312
2302503073
2748179290
616568438
2243244638
1659249086
2411295278
2744958614
523366480
143678290
179732960
234443701
606682507
220045687
632099736
2406131626
120607044
165259751
1629147776
1713354240
347986929
2274848970
94342956
626475368
2231753403
2669965261
7861152
333519452
2729909235
2687622294
210655901
2713426439
237759112
2619399607
1979233381
1661372622
337992871
350339749
1614584466
299237520
313531548
540609513
2597301205
144728690
202412782
7747042
1263025638
91658255
2475475381
118866295
909097687
617630795
483245552
466049381
285600820
354352995
363957293
2518287794
789878521
1979506819
389881796
949922348
1324816214
2414616678
519598931
1415546054
2294902298
242824697
157712558
308668869
116264509
111098773
2445153855
366585621
198105045
2416053012
263620406
481776867
2407920391
1088970234
364988372
2281431517
993377599
1390141230
2220823023
393180974
1474916808
2192848052
2175176742
276813883
506746778
276693821
164584857
1304751962
535903159
132935764
484021632
1918727030
1531455427
1852253486
1872037170
152736227
573747710
1676383272
1547264989
213446535
606067456
1532224080
1510926421
1413197515
368576066
1347094374
278658567
1447767391
259822687
1429393898
1202207389
1260476672
940432430
159627468
256598981
615529394
261720739
1321256437
1135306520
1105113830
513221207
225561476
1236344096
986851694
378899954
957931652
284105462
208705476
594631240
192900718
537710518
58844732
206705695
67519936
618862822
602224561
553574363
533287090
591309463
555154238
224844529
571012847
453623884
478680715
295685984
449088681
451016747
445719548
219533033
423331263
334062295
389652395
338631381
314719058
239905372
370296241
352597106
370324184
370118625
97220159
280263098
22188761
308161615
276067417
274034725
152425610
271433655
281789529
252497973
249126459
226673955
149310975
