753678328524005376
811187784245313536
789485796503937024
2258579779
808069522552803328
437940968
803969723742363648
788013323681882113
800593347161096192
801881575973482496
799842789118750720
800044342458994689
796932941309845504
798129104058912768
1727066982
1375280252
745553990973198336
796316881535676416
793098772855164928
789108535380418560
2593305254
782213357055029250
4209073340
2539180164
789651603250749440
2202676974
412174642
3876841814
785408267551813633
786493563009851392
741797268777357313
3860893460
774261533480067073
554089576
776311900585926656
3180078709
752826949131603968
766822275358208000
2892207313
716583362006102016
735548405607325696
2392269925
632781946
574382656
2370295370
301394179
521307002
726438516343771136
3182550236
4915959079
4900713672
709415094560497665
704193232704376832
2270118409
4899944720
4014967812
4848898171
486363155
4694138510
311238245
4772288676
4734365485
4575126690
4713212954
2304598796
4548009991
4509870372
4482478586
4317993554
308355557
555968114
4431037694
4180074253
4312114939
2893240171
4239793093
4187286613
2827162981
2915608644
4045747400
3986646193
3941817133
3834579794
3827010263
3658747453
3631971804
925525988
3500914874
3439114944
3321688081
3311425052
1974146551
1481734770
437501782
826450573
3291721518
2769906026
3033929911
3259583473
3304467172
3250820144
3252395707
336044638
1433106044
2907369696
3232595252
227816235
3238839750
2780637696
2697185035
3196100845
3193858284
3187811946
2887391239
438373505
437450171
1557407623
3236470348
3185616534
2196025728
2803344428
3131212118
3125335706
902975137
482828664
1302513776
616631504
994556419
1462279998
3099845971
852433105
3085461342
2277229152
994811461
1624732603
2244063050
3045180576
3045127873
2245122187
1211738509
3044986703
1137111319
2848492646
3012998466
2834698778
2874569568
3006205532
2986591651
2994297368
2985653533
1341980612
2977008805
2975140321
2960991932
1548594469
2961036362
2959197031
2244055957
2956644379
2957790972
2957468911
2954865969
2950132440
750436861
1592925116
2937974358
2932871106
2933132335
2928698119
2929245181
2927273155
2552641458
2864981009
2218698774
2919574530
901303963
2883200185
1482367782
2863255807
2905895378
332577400
2564020544
2880413560
2874936077
1188388063
2862721624
2896701547
1366660050
1374455496
2860175285
2187449412
2885670266
1946257494
2870540443
2326627543
2866522015
302084385
2855461794
2807649153
708505920
2853534836
2847539119
2823207436
1065585787
566044894
2820327371
1000774224
2805243195
2794642137
2789183819
1724352367
2213457853
2831894940
1489450248
2823602984
2294506382
2200404343
2813234376
893518866
2806513086
2799245461
2758442149
2546073805
2797519002
2782717628
1458387224
2792900298
822726565
2788545571
2607302438
2787957698
2758232793
2289968640
2743473026
2744072781
2746926640
2756370352
1717981266
2705712769
2411935459
2731387122
2757536952
2741618419
926823265
2721949962
2718279360
2614842494
2700581334
2697232694
810830208
600802494
2667018362
2720791383
2311384440
2362448686
2149062913
2706405269
2475298074
2614984304
2533923452
2236357962
2674517260
2666412239
2600918832
2666431954
2666348223
2666423626
2666416469
2666370941
2666433364
951853152
951853152
2591532482
1702668840
2636176816
1575120488
2531532709
2396521713
1059635893
2530625358
2599049680
2555128682
2580589318
1734931669
2432496178
1255670616
1138247952
2528620496
2535156612
2358440534
571966571
986613998
2531475680
2503264692
2542490566
2526403171
2562215847
2522287284
2512100028
2501105497
2491477021
932268373
503114604
2347609846
2482684568
2483839598
2259645524
2473625414
2467272090
2466003410
2463002540
1238062291
2489666535
2445377125
2441108436
2436891788
1936597140
2415364848
2386875625
2426713206
2460075124
837070501
497496632
517296440
2414259169
2414052212
2191216898
2272724191
2413657784
2148905528
1948997016
2226261984
1939701518
2411131195
2408336059
2400284660
2398015782
435624420
2394348864
1649882064
2348155739
1492306897
2390388066
2386838414
2266647391
581670727
2381676048
1887175548
1886415162
2378721372
2297523926
2297946548
2372943187
2373807624
374421242
554188816
1559316200
167949074
224992189
1712436236
1448526468
2342792695
2342240011
969267366
2220902935
2277641322
244620482
1650537324
2232225230
594472866
2333412066
716210856
2278950877
708841999
2329547838
797791928
2162164417
235862651
1200286315
2291451587
1435009129
1567905236
1577820470
2292472014
2255319864
593480942
190836570
2246687904
1957288447
1640913780
1021857762
931970198
874800511
2170565918
1024368762
2267375394
1734185852
1255866210
704430930
1615686984
486358213
2224123044
1960695464
2217799062
2214935072
1620217429
1965013699
1103229914
1856360803
1489856118
892577820
2177937854
2178272004
2171870954
2171696262
2173926817
1937317566
1701122394
304217423
2151145764
709883491
1970093696
957252961
721519724
864231420
413018906
1610098616
1642544126
435511395
1936543776
1469636743
203432105
1571887339
1914679356
992591000
1902018901
1892903472
1888706706
558444193
1456519806
1457445980
1056456260
894650348
1714384562
1721555557
1695403358
472832351
963546985
1597959481
749495826
1669637192
406755915
1486985772
521353272
1168556335
601973619
1172094458
1643031198
1624416661
1625254956
994960602
278974810
1171529161
1200103154
1254276145
1550408683
1437505548
968508080
1394504864
275007894
1446057368
1419918277
44296953
546598056
1112857104
1540724642
1535744149
1518542346
1522179205
1493187031
635744682
384081451
1497824414
1044188798
1486646186
1481229392
1457193745
1461779834
1462178250
1459784852
420869339
1111878805
1433009990
723364824
1138688544
1431848497
734849653
1411687015
874263715
960326029
721506673
1076635993
1344608744
528645319
1356970447
1354331894
1208879166
997681848
309503909
1229252839
888283459
614108650
423231527
506997149
897760141
1299781418
792056996
938693826
424975668
1298470819
1092349333
307388955
1156405542
1042440288
1320201836
916645332
1160176556
194450252
1295570683
601677834
603268832
1254481483
1239204618
875677375
954963336
988389571
1105657392
1036942046
765801270
736217340
1048099801
1140958140
1116908251
1054874420
578570786
1119393728
754779001
1275253574
1184219600
1271022193
921055224
1016517338
381004115
1154627857
1251365486
522924266
914619433
213165736
1153668168
1267026529
984715574
297277006
719960641
322360451
1268479843
915741607
953007379
766549903
1254565506
41766999
1130638884
1017703806
949668914
1259116116
1264276807
1062107498
498878325
880171369
244888865
852411774
1257131088
1230007278
601130193
407555485
892689092
801685086
1130314454
525084714
1062404767
1045560050
625492940
1087936268
266382808
788458146
1256609996
473465773
238509555
1108979858
848731850
1237424077
982760388
736619028
483512907
150362985
602493826
457497367
912290778
86699072
432680725
1232008928
1141069838
617240390
588255901
1192743534
592756327
890733528
420093601
967038876
793527553
1211817816
529126382
57565739
453003230
1213931384
124347816
997308044
393091844
987905090
1214774791
879312864
1238666786
764886169
1118943643
356056525
1211152963
304309574
313926610
