746125183
813372881119940608
812979039799382016
315021153
810742591100751872
809187836880687104
256243836
808106733100998657
335296115
245457199
798544210215505920
3836640795
803049809716412417
721735041907298304
162535079
102756120
4844228584
2536375035
799705956200411136
529752050
714129420290822144
798219538705874944
757568929254502400
264433975
793946900991004672
257589054
196653715
312158860
125515441
476526959
770470475491381249
734886210250936320
546290188
1223336455
764647434123378689
254365219
777889988809781248
768927835658551296
1589131752
790601615707344897
789126444802838528
221618459
700826772
1434047228
265151627
273491306
226366591
181736963
782388553363910657
164515353
777878755926761472
2869153366
2236031503
718482907
996222367
1439523638
722014297229041664
589348115
4019303585
776493945442471937
4911277317
275345883
2599209613
1631098406
63083015
261190891
770410019066109953
772526076744568832
772458961719222273
709220414
3091553507
297780380
242554608
364952090
530013801
3996025857
133063237
249711494
765692083646689282
712696396030337024
764101536469360640
304437066
3028179340
728936751604092928
1126675386
765012935169216512
227359782
197244909
3329579578
4357230977
1463920538
2220569374
721064869718552576
183754433
760653536862543876
752364393577345024
759952361704095744
3187882024
759033669369475072
617540930
742139596050468864
2229735991
753592230682718208
756522671211421696
612970020
3220694119
750052261255143428
1491842329
751535018946732032
751253104398626816
751164593930633216
208307068
208307068
1034231610
265523212
3330897058
280787598
195759692
1245233952
231251959
351131437
745716826647203841
83495590
985224570
353052741
742472379914457090
163327032
2846822273
741628748718604288
741628748718604288
625197483
240997083
493197294
740695879833792513
738431666302124032
734550039033450496
95545687
365010315
280248990
718472359
733257877511639040
706535271496589316
1622930484
344134045
2970429717
734037213353218048
273564103
2435734790
733400416025640960
730749477737377796
1390706478
3648786916
1001785879
133884870
128726155
3686966843
199984142
730813791907221505
158953775
3207705107
729037587923521536
728667294000414720
80686017
727542122258243584
289602073
726654304375955456
713419644237914114
132704029
207195972
755818164
344494860
493223195
722724199740096512
722453944937656320
722082027730825217
721880582884618240
203961549
277237999
197087924
711423511974322176
594719934
4365237557
150271582
4579208116
342364266
1159945938
716776500016578560
1437279930
4004579656
195222504
256286017
2872529702
713496189992374274
713101535790698496
713144307507716097
357473989
345507349
532280320
1288639908
712113499397353473
2743037085
269770065
555548954
3492585617
338132562
3958912901
705972990056521728
300229952
708461454798757889
516837294
58896802
346512467
219414152
2821159007
247254656
2431345842
384028576
3295967013
227466451
4439931377
2410182196
16966339
703466834574573568
701475502238867461
701465499805335556
2981111686
1350377718
247420169
4885465294
300474337
4875494878
435876114
379798221
4820535735
361950252
70788780
378746666
2524642120
4830777833
2950840139
3892807185
380156329
236256821
195045469
99789076
1117951478
429020259
67035515
257265468
2342051221
2647480245
3450858557
226371701
713364595
118190328
2239365673
2969124435
302348945
4701442364
1708942279
375319331
249359933
193917260
462298917
4644360135
176663027
2965446208
191042255
4602142103
3207818337
176950668
4450642523
4493490917
1372991496
193861555
1049039232
4347576257
133944207
413665836
1564681717
4429223739
2900770057
4387082962
46523891
1345619988
1631145158
273199807
129320475
4289357009
2757283265
4267762456
1365891583
284879495
73989722
170834621
3364490685
907054039
2932808169
4200382125
270607880
2529078982
4168501462
2450555401
90874482
4145714495
1077076914
239484397
487194629
2832892235
27311409
3955819810
280386554
2549975739
415649329
1267288818
3986897878
2238103182
4039929387
1615391359
4031554570
944669396
477940045
818506578
606465194
189303984
164521093
488962377
420744607
2880964360
231943268
1148890394
3929600728
541089602
2792132670
180790896
249451550
245399910
386216614
46703741
85688250
2214914004
3864017177
166577126
3863745694
342453079
2213209094
120470319
2368316349
164057866
633128215
240356286
3861493289
286983104
204002028
527978707
245913056
3852750208
3369781684
2560514760
163332017
3830775501
144745947
413425655
755887728
3702309142
3777113663
3776754016
3775944093
3773384356
201089020
3766709177
271489865
187925936
3429291281
1354344601
221218507
170923086
3755174727
2768823823
129389058
87619593
1404823873
2571523931
278621072
254086669
335044848
182519442
177373757
46132859
103105827
2821689207
378712278
3103192090
63575853
74288711
48218267
1461101132
68809355
1064218820
278719207
132221722
3702498436
234611114
1363084212
3603194115
950199883
3058192761
307562888
2356593520
1912673714
3624864495
3356336445
586621240
51224761
3474140783
133072117
3357608243
270056828
44217645
347099900
2991170518
234907238
177564658
173615573
193125028
1025144251
184544918
252195442
248865727
83387134
713536279
98780825
835797174
821335896
746645828
3302302246
422296560
3452628927
323223189
3351397155
378258996
575953599
417367148
146484224
118402829
827706582
409603590
3353998786
24708555
1604147502
3435877371
3041081410
464979284
1102538144
191617998
482228450
714256490
241690874
114251470
3139002063
118801470
3420520348
3418602327
393493245
3070709177
2244603420
163516170
620656010
3414336249
197534399
3166333725
295330475
2886263763
3217161459
2238534774
218208131
3394523944
2590757933
3334844897
227727815
382069380
342454230
495079645
289495895
182855711
3155082849
176936300
373645500
3256580325
2690261078
168198726
3110380621
2157699332
123917779
1574099976
3365206047
2585011198
2302239327
3287942213
1477450724
3187540858
187287948
384014165
160561941
141705416
543928205
446237000
2834444685
183833553
862508192
2193044826
457132412
1057498028
1122390552
440648532
140870654
194400286
3327763030
307060523
3318169798
2216358699
301409450
2777248623
199481472
78213912
3312884338
1420206182
490430816
548809030
891460045
825756306
176664756
1209249925
437666294
298863162
98786185
3242229376
307302476
1629481993
3292357565
3291783953
381151183
2336234512
437528250
207766848
3254594421
2434821384
131624999
424331073
124858280
284347989
209408953
3189020165
1080156698
174839280
3179670254
214120043
2900844286
309355428
480913602
63004883
3218511095
175498287
3215360273
2305692493
3195161297
815133889
993196033
126200601
290365354
515002777
2960790898
387449379
2842966127
408196560
246299671
15646095
205432123
555910697
210625812
283741950
1654404151
2721319995
227204985
1437152886
3108015544
2902556441
17969367
3109198426
974487841
49780486
2744967550
3095604555
200674339
1955373842
458660900
370145638
219483064
3073351198
2792292612
3067983255
246940363
3057069711
135046148
1442654856
2915055400
1486809624
156082106
2444276262
3053574123
63255906
414309781
339446512
2369291572
264654018
259093872
138073345
245439362
2372897186
3044654399
2661802042
3021070685
3034815004
3028521550
3012279303
444774918
1228493695
3025133711
1191705559
349021555
565998005
270634717
387932534
402425601
184870014
352069357
2421387648
2875545557
2495366814
63655942
232354852
108489953
2978345218
2970564831
467598856
147645027
962367582
2962184902
2288647380
150113074
261871909
308195296
737784530
231500656
322370642
2931506411
219765303
1876501777
367860235
338663741
2220256543
32283812
305817136
118199797
187983015
2894107270
269018762
733502780
851742277
2875980088
114917383
2796927383
601066674
202501474
154254260
2231800274
2258965685
103600302
2871424702
774848624
321614611
608248290
549758237
1708173206
2432634230
66820145
1321033544
257709077
288976522
196257854
255809679
307619643
859153764
2773464400
200591077
2586832213
760658726
1398136970
414947432
2377688203
338109828
2421373358
2845532659
1379745834
925431800
2815614869
1317677120
101257313
1508262055
236539786
2300998992
304508580
2786146551
943207386
486194234
288292392
2434720991
130936620
2474207070
2788528338
2800018776
335455850
915256297
146290847
294856043
1634213695
499306819
302104140
945121304
246340794
118532080
2765327293
2729988919
2199274461
2746965931
2745274891
121802193
1508488530
2746313177
2343124685
628744644
133022349
1661697236
2727159343
226895533
603168922
146203202
2382666705
468822468
197201050
198270354
2710174208
289394707
466572910
381336116
174321573
241574434
1613109446
1703458759
215794185
510642444
2496519997
373603563
2663589710
2556659674
261989011
1544608710
250231791
91418044
249839443
558751416
2347632991
85669087
79612328
146170835
343412007
247091583
289974415
2383870161
58941955
2612312899
366405200
2566348239
2676581411
2601668568
1431244806
2280284962
1063056013
139237035
551632962
245590158
2593941782
2574281445
2542134030
339689639
295272067
230063332
192403039
325292588
2584362738
1222541954
293232152
191819481
257948712
422897228
295192294
295278937
2398496191
226005752
1342819044
529537847
432654865
2453612430
145397908
268038785
151319412
19779693
271742310
158977476
214745963
2453628447
441927697
229210402
545213585
2531540304
2470305374
1486139186
447548614
72723737
1463717534
1876070856
2417250746
249436211
297839616
41627275
222984063
168318124
2498861597
249369602
2273838104
471914154
474099049
2482351206
63860002
720351594
108169580
232890391
1935620467
2349702508
197229603
542258341
288559317
212623902
246841032
440044177
178815869
1317675840
342934487
180164877
57231037
162037202
2248319217
2384106049
273895630
2466404115
2437481197
2453823509
326171895
111807367
1235211872
166236792
1957534813
308147640
574074995
2243130844
298896288
48591207
2441205411
2205073415
277496148
23648163
285811082
187316224
565042478
249862023
159937096
198232228
233821180
550718457
1486310300
300503981
297710529
2362864214
38782008
170528373
467420075
489777952
84613235
2349395502
252125553
183509126
2349420854
2308907231
69699754
516091991
364519935
37125633
232059490
330437364
122244169
1963287949
1498450902
2328047401
596038374
394892403
322061464
78466537
206404571
15342417
2321282154
105242853
319760915
1556696658
308504704
359727505
2161366502
2149406617
225636434
344750874
359738914
48475908
1095954126
490423254
286554552
342908681
281628298
218001420
293229502
873444366
93889991
197462264
36543979
807001844
1126608523
2281288772
2279987714
585167252
402039332
613978602
2266753062
209816479
132923770
1109325660
217479286
2252454499
498061511
1338057037
320321280
972360332
69872322
176285089
267859923
100257109
503424774
198744501
202867788
2224052491
2218769797
46949198
362006034
121828464
1552222555
1684591872
443153460
331092796
410897528
135524126
977526338
149259879
2149463047
264451023
474885812
200661880
2189362716
425048000
2168517548
113763135
180762951
726230312
181782695
356398038
590285759
252843595
432620471
216012585
48705562
1012443038
1879875968
423046947
291335353
202830353
855039673
146225403
264262864
254275363
124233615
129278603
246871416
1380035816
397615754
174470428
227410329
569290707
924620088
234827115
390984631
943550149
960701113
1469991607
774603991
1900405598
261528739
43303474
138483696
285817595
247921794
946939580
374520233
361021890
410312583
352033923
382873238
305932671
213298301
547239045
293781287
548018236
234891083
1152626497
1330130292
1246709503
1403633599
279775193
913755662
1380896004
1537766162
414086669
1682023573
388947741
353095041
202422263
1198278032
1671804998
861346645
540524734
316706532
220744937
366281876
805918056
746249484
146017422
1397275615
188356726
513446336
1480377067
771841304
276490831
1289505152
328665462
277650172
356917132
630604803
407838362
309856964
405261420
1148732209
207753502
74369834
221510259
933194816
161822028
1599221940
1290304555
373772109
237288311
1571068237
160384159
330107394
61623673
519146889
117645981
1569634027
145282916
377616382
1148534245
838994497
233348555
197204759
561336860
956714600
200214763
713126683
131248739
313380033
358281921
775881565
486207426
529138410
793017625
1069567130
314676306
801721771
801721771
234109555
221198872
258466535
1412079362
268395506
176298072
133488742
761740844
151321074
134997597
1117149954
222171592
610326915
1377853087
536347511
278657391
40983874
234449725
163324158
190141779
29131507
326387522
381663999
277180864
183385142
261356374
492428545
242396303
340493956
1327979984
339310354
484861591
246600367
338004950
1312011546
273185206
722429088
253860454
244089423
242004301
285299451
215037818
220734116
53707339
628427004
114377737
264479874
937294602
235377068
124850318
1239767881
512346870
365241619
340905665
248832300
187653609
1132758546
149605000
245937964
1214202074
1183204350
202691617
85323742
385194801
870413874
105625460
216866741
114764009
1106666791
296884801
499444310
445645255
197287101
726526694
264198201
66685634
441538192
124796918
823711680
532727064
1110777919
274008091
1105257786
190097047
815522502
389856805
238240874
289985354
197202332
978353316
15979460
217641114
511976212
93730826
172401034
31326065
66270546
373602343
202408667
627028875
882521899
284687743
805953229
807179702
487901734
48836547
73808917
572212054
327974987
321012870
600052761
160926365
224782439
287282436
59160273
567667870
581026927
593012154
591285010
