814119288613339136
811065388658294784
809210105631801344
1667492167
806917739340296192
806917168445145088
268997258
1132619383
2884570540
801168751127396352
801086670758146049
799989584570515456
799059743864213504
798615947623940096
793332834228404224
838441668
791476143111143424
788181276389801984
786268374435233792
785644704184594432
321975196
784877601944903685
784052068373950464
782321644295614464
781693127346323457
779421040602734592
778050176690847744
2594673273
775039740135505920
770368020363575296
768316117257420800
768163843939926016
766716972931383296
764539798077992961
764464084448317441
764262524204253184
955444842
761227384007847936
760876278564196353
760573936719556608
757615304197468160
758061180493656068
757766918514368512
757648097736622080
756671183915978752
755939054240329732
755931755346001920
700102194
752684927246823424
752237179288612864
739319713650597888
750796666702266368
748148245499617280
747918236927332352
753954242
497232131
745453025699979264
744944153751060480
350526165
741843781448830976
104506663
734007659725217792
741999589771874304
740578653441019904
738541613924945921
168150363
733454348345348096
732681900922392576
730895984268615681
730849846840676353
728563607055798273
3373063641
726964914431074304
726780561495318528
2154698272
726600701854535681
725853288319455232
724418310759178242
221257979
723994673677737984
723957389800681472
723530646673563648
722872476221513728
722772921299689472
722592161091424256
722549081000845312
722409697828028416
4254950895
721773512378171392
721574887794548736
721548398290145280
720089160900612096
719407550144372736
205719592
717561415322759170
715691278952972288
710555690750906368
106767434
705529892692226050
705874894534406144
3139055602
702986584094855170
4903088925
702892489099841536
3398286802
4917640917
4911221733
4885701453
2479040744
4875079079
4869131807
15107520
261219354
4829242029
4822269202
4822374207
4745532472
4657509383
4562822421
4561632137
387352066
4517300692
4444359700
4473789327
4301630609
349380371
4246527413
2740440839
3772015936
4174364782
4168139668
4160042781
3033631300
4112440769
4084340128
4055488936
4032850036
279045734
3972870747
3958690941
3928331177
3855304875
249864469
3385140365
3383134527
391936573
333059938
176914399
831342068
3528309329
935404160
3537477556
2937409267
3443528716
3437976953
1726375530
2187756666
2846888997
2582914916
2753812258
614866392
211078064
216554660
403520307
3405561215
3400364884
2911058271
3375378106
3373316392
3368442885
3013506477
3364724585
1291977373
3364254503
3362781411
125840403
3266215176
454518798
2854021780
2720534665
133923679
3320097148
3318065801
3314192711
3314227179
1951966206
198243077
3312583954
3299831033
296392366
322812862
3295991009
1283632704
181700970
3236585975
194790620
3033364023
3193353993
970675488
286838877
3093725541
3083253826
517192441
826198698
222255596
3047362238
220708210
3032013399
3000251588
3001669869
2884572472
2960480608
2949496535
2945984386
2150487602
2934018144
2912127015
156694520
2902204584
537959043
2842054558
2781042099
2792667951
2787679624
2811523814
2727791427
179558986
2788306400
609336148
249328103
2728601690
572210136
302312731
165271722
291345953
58653314
247385873
542926090
2202417997
346804492
161429558
2402679053
1799297293
1789749426
489589137
357008385
2560234159
224734426
288555249
2240799394
387943005
995905326
632956720
246296824
31541779
2430976056
197524674
380019381
1890567798
503302551
238024132
199311479
1726768129
355693840
711130389
193840784
1710321090
267475632
423718151
2259336211
705073988
634107464
420753642
214546238
18518854
225065752
301033750
1631962386
447529991
770894750
1568641945
88946079
284865180
412710680
406697887
1472324298
361655050
267513848
248961197
216502197
1246934365
1246243740
1004337644
1099972322
373213270
275618329
199019886
564220207
