813009295151394816
2252171287
1490841432
797831053008371712
751433979551768576
374735525
787831265152172032
784429903726911489
783820290895863813
783012456981524480
778036273034452992
152841417
765757201382313985
758351458534326272
758348222469373956
752308918899138561
738253748745703424
741959284561436672
740381736580833281
324613593
248475719
2750364941
370208968
199754581
729770858911305733
729416430928703488
728573152532508672
727551776442974209
714204463070896128
3701681655
4915850427
4882215467
2492777595
1589412696
4747131509
225551491
4689038676
4602694840
4603615768
4512765495
4502113342
706068502
3890663182
4334901693
4261939817
3613279756
4251460199
4212962505
4160754263
4156795589
4097516369
542623943
4042900572
2875737166
973304462
3990397155
3934196957
3904395797
3886468529
364540815
3843397336
3838501581
461409042
2924236860
614829261
2424297145
3658880656
402500628
3658053795
3648529936
3644077841
3535218555
3446631802
3355411419
3434308703
191497142
2953396389
3048622297
3424562381
3421567283
3413290221
1395244322
3400718921
149541371
589671136
3010737601
3032030279
634893258
139503874
516098461
1013754482
587028599
2859106619
2800050639
826696154
2782463981
363844343
2809186168
266905246
2730385701
212292318
196758044
605877653
2554232909
1468777932
556901793
159163192
731967913
2434133368
118204333
215390667
206011677
2208169477
423678089
2251299410
2235137656
239827218
1265320495
2171586505
120690179
939847087
214300719
268093271
127924350
1607209458
637133593
221261104
282192016
346657328
101313956
454531215
252393704
289940223
441332141
791652925
186054785
1385843768
1342927458
1326999361
419712219
1228014805
268728519
351855698
174095888
296005275
374834364
236525304
58353127
186484230
862548396
137138008
339833969
900624110
390291721
1007159557
102179244
602303637
807601094
501447318
271575264
960889562
156547970
175631762
183479522
884861084
877078567
346010477
67163765
169307759
809783754
334931075
316095911
628006059
180650804
149775704
737635075
630023628
221952213
176991269
208827387
548641511
48774118
161365665
165218243
587136114
127953550
195482672
269035450
189193446
208874852
162472861
115125069
237386514
95569017
299308291
472194807
446923693
215410296
466887496
164350486
420871190
373665376
246018505
302665310
404560476
295695903
127114798
343546685
171179749
143166489
384930793
383214234
186643187
371610007
285434782
373227112
238781416
360359869
175633119
198487141
182593112
335113723
145727077
333821883
322345983
207256063
237088594
322290623
249199120
172749864
61470571
165514142
313301120
320587158
68689251
250468258
297108742
