4827803639
170439147
3195448630
788878055192354819
785493284726640641
784159311098421248
784043428573216769
761714200238551040
753988582654771202
4765009230
742054976785158144
2317247072
4166770707
734420509115449344
2954340191
726213635454976006
237570659
722054219252002816
721700292455186432
1535190907
4805973039
299332656
4777211237
1669162147
4281672735
4246268385
911509969
4216647513
4122114207
1959123859
3669013823
276530454
3425301604
207568187
361439187
2465744775
749945611
328527906
461612688
314135142
2257296327
106832970
101577273
