3720265216
802878222841090048
2952362106
842498352
797533213094776832
791352224417013760
320804423
2622075513
779069596246704129
780441442040840193
780133543477403648
769897159068098560
775745975134617601
737145947642286080
709171274170421248
768184232220950528
109200657
767174145457135616
765596231871631361
764941291624996864
3319641641
762020187046572032
759856031962804224
242496117
758107991451262976
212039754
228865104
717641369
734212019369480193
743499586719879168
706643512452894720
729175871853084672
739316983745941505
264630912
737870791774228481
2495528846
4919660283
374852339
734750115412463617
734492196985012224
2841186376
162973785
731980608998649856
723618595037655040
141483515
731344847878148096
4181406112
730222230068727810
725080083115991040
632504641
729869007457796096
719580954591961088
2886475426
724703399418183680
310005015
4191510921
722219022050267137
722195679003680769
721782223578533894
709774097207705601
162241101
2978160323
1532009862
711629946024828932
215825258
326410805
710312046215168000
708446282302545920
35575060
3135016697
413182028
4922038335
4833348106
698610853214613504
4898514803
1010082600
253406182
4444390534
247970987
2965420828
3179756585
4214730748
4214151269
3047118488
4166794973
462153967
164927803
2754698105
228540345
231284054
399641887
3891592816
44307942
3034991302
3676361843
1858480633
3021633701
3426498388
169682548
3393951101
3430219108
3380911732
3395998865
3430946854
434620393
3397426109
3395833612
3395593959
3374199669
3355131321
3344196149
3357130066
3357084911
3342841943
3341864549
3307798348
335770503
211870544
3375861693
3376431106
3374333014
3377827677
1057038493
3374565598
3374198092
3357258772
197589298
3380854467
3369831826
3166025567
3379375451
2432438334
3364324685
3362748779
2748012322
3252192815
536827286
185502526
281675518
3091448154
2906708857
3231644134
3191944203
520805249
3182328502
3157426204
141262188
915357990
2205483993
3119837655
3092086461
3018102215
2695590654
264252081
2996092539
2985674807
2961578449
2960594145
1505227621
2880149032
2761391537
2869445555
2826736555
2841196679
2841158763
2739029591
149231890
2817345871
211061778
2574711380
2759009332
2604432391
2706355537
494303115
416798659
614409377
104902304
2574181382
2484577885
477941361
1368119666
562667466
966505196
2186505178
257501178
2348859044
2326389856
197207208
210844382
497553723
325196568
2224197179
2220263801
564240878
2212306937
585895602
260002080
1680732342
1852713938
475992780
1728809874
270521194
423762146
1708142432
1668240768
1686229560
211946923
278212564
1673627251
231498880
324690999
1634731676
234264478
280120831
218929361
219177131
245413091
328803944
180998640
1418414304
185643090
606607862
1182233647
227861247
1384728091
1343185266
183727963
266973044
573979744
1223757936
240449710
1210296607
548799617
234010770
296447418
286525641
228954131
1000668559
169540367
987736484
134234693
237368932
468755373
176113042
251367454
225212063
175905024
885718410
876480560
220183039
226411938
276188306
858834264
269055643
282808997
210625421
187928527
542857004
97361524
637307471
284219877
123992775
255307642
240471525
217889848
555510429
596783768
71043772
456244976
456488965
367906471
583615902
149379392
183801177
176967994
155249799
230207268
353334490
296041276
231319008
215407557
169726803
90542905
256616729
235751982
224804440
196446022
317107985
227730279
211755168
328063975
257809071
338107053
63897430
447672851
172600202
282871423
230883487
196406361
131315259
313404025
230181410
167234266
357931738
357951462
379514884
259957459
359728701
358689101
338875269
338092607
335625503
218609455
331274540
234588973
110760458
146700323
260769577
230457272
270668427
184641122
245591002
306799566
306045184
301096944
305390704
218258373
291344579
254169044
177054456
274547405
177340707
