778433886443413504
804924026003083264
792213758097653761
4827803639
797800080111767552
806580939291852800
4872103559
85100198
781252203235405824
800128836650221568
798927412423786496
785531191353040901
506561761
774293755188875265
788343920526753792
382358110
780148465909239808
778390700178235393
718228938934349824
220425262
3285678944
104524553
874925222
220190734
759424091359182848
1262790319
758017274397818880
2751031414
840887749
752668367237050368
361048305
747699568448573440
743466675878625280
741266417383804928
740148394602201088
739538763630661632
1388659136
734268592288608256
733405713007935489
3107939738
717728595653894144
727265633444986883
193529822
725871756494393346
493525899
725126757850988545
3821557582
723523281723203584
193702866
722876889426235392
721925151395291137
721877850115194880
721756642916876288
715659761467961344
234071441
712484411938381824
709734493167419392
3033892631
704496991921954817
4835146491
228276494
383669374
4203911434
280366317
4828726155
4820141458
4761103643
2906957068
4439284222
1511390095
4041441621
4031332977
4018276241
267956289
3348493133
3588291435
213052503
212789713
3867263841
3677195795
3817810455
3772385188
3764200817
465227048
3583513936
232212010
3437415813
320037840
2254394814
2693775186
1641238501
224329798
1633056638
1594802113
1525502587
2792629200
3297724381
3385907241
3389441591
3385268687
3273361842
3048344139
2305979761
3335317931
3258540385
3317983852
1491874518
2532854934
3303482458
3227806292
2340274915
3292389628
487954637
3048594800
3042831751
2789175811
2986808206
220113181
1339270459
150676519
214134436
2891638138
2746897377
2732571933
592063948
2806445014
2903243518
2721300766
2272318248
2858066021
2825009922
375285069
2769490667
1618184108
972554395
865277862
536707157
2735731948
2732887155
2732196375
2731265572
2694204943
1548406548
861846691
1447726350
404554344
226173163
1216365534
552921081
130187265
2349374245
243249980
174322561
2283899096
2222182837
894638438
2163260966
1877348150
1710236690
143985011
1660090158
182627949
430617913
352023866
1536136081
221897634
1500084361
294679259
1428766765
204488276
1209730202
1093662618
1259615162
1234173408
86894875
1119718128
1078179018
1008244561
215303724
1115014855
215772931
215809998
295930550
331096993
286983825
932209346
176685010
853083596
505517311
838276957
180623659
243767930
630341497
293687846
184514759
558966721
557625356
362774487
552008107
550302716
481066549
473190910
419645379
402169047
197165376
158052959
180887065
211056884
151690611
247001748
166307267
237127948
