746101282746793985
2666680909
381281503
571790540
338455280
714697831043481601
13073872
843704503
4775227715
357010298
133028291
2400826985
198450080
197167025
1973392470
243372781
3174292876
3086041015
1472063280
3042044299
3053673401
3033419779
2290461862
2802559867
612597530
2975756270
1008055818
497930697
247760112
582861542
1611810614
516027230
62170445
2601653719
111325666
288452017
92329370
264586626
1205612330
78296846
268302448
2431335834
2462644221
339534379
409674413
256148592
297497453
195835167
126504949
2313810474
215754154
631167005
598543586
31267575
324683502
1661162017
1089172447
357843929
227379278
222590516
146555993
1916030322
945822884
1857059239
440281953
1658451745
395442395
311336715
167117830
282492210
1117770126
1333874042
389097569
213540175
882973160
195603415
29384821
176160566
162832400
207264574
433384877
1166813695
372072429
313343515
288110844
350123411
381453381
219116026
181781103
1087469682
1076846791
1069276706
556094916
454216456
173928089
126376221
808354158
1007541012
272728730
511961947
303034478
250402214
451061378
827484775
78660773
193504217
701489095
152310893
49649251
