2455715233
809236927035691013
808330563534909440
791654919266762753
786569199812567040
3399505329
776891163622117376
756594664405405700
768187494831648768
4263600434
763505205816205312
237584660
762675222956875776
760845975787335680
2413092490
3271221366
710533967473147904
2676692071
2710521499
732153063004344321
733998793184706561
718144002260733952
885714834
722499880720199681
721654954419691520
713714282194714624
718884571559936001
718877529503768576
716549276940255232
715690751234076672
714841047155781632
209598764
4558673445
319862324
1568243622
707895737
2257098808
98780825
212724442
4853132655
4799368875
4848181299
2882756708
564676664
4287821779
97283431
135590850
278719207
237447483
4203161309
304683588
248964331
1614233653
219454680
3828478334
89484701
3893660057
30225070
406474561
3742691595
485097629
3699110656
309220569
3659280257
2574149275
469421857
3546271636
3526318336
3259555842
3021510139
3443388982
3426224110
3424210444
3240179934
3417481642
314919512
3300858180
3065334666
3065470483
3329922285
193931102
121668795
2815932097
810985262
2951368005
3338118982
2534502871
3329951620
3315849735
2522915805
357028296
402425601
581048795
2325817254
3001244007
189314628
1250615264
2911690030
2233290942
2454671953
2454648504
422296560
2454660091
2454645438
2454658219
3029609739
2961436277
709220414
3001080469
2344774160
2950587988
2937808591
2824180245
441538192
2935042055
1358190091
2751006737
2915922207
2876849519
2912209983
2748118879
2887576253
2850817504
2885293676
1328399822
2855315340
288408993
2802011435
2196912326
201958753
2832306132
524014973
2784102481
111950078
2233199226
2818711435
2792463140
922567280
2507235120
2446084500
2568247137
2747418681
2724849968
289102429
2534559932
373432425
2577805591
2383812242
1687146469
40182286
936610520
2666239440
2616546900
1930751192
2230873361
226421746
764315850
197792446
2623618900
2532800462
2591029016
2569159517
960649556
2429974180
2633102951
1582969231
1483069470
1954509632
2513936023
2575797624
2575984578
44801473
2547073963
2606721813
2550467178
2546939137
2607830800
2565685579
2565525901
2543885160
1590149005
2535916668
184600577
2560480392
149482979
1391954156
377899344
2563667649
1862314712
134314765
2484141283
2306177224
2382235578
582452142
1118179340
2427000621
1694707795
2520332075
596164810
2420943529
1932356942
261071557
430775043
534961046
290231200
2300069239
341700528
2430867770
2458163735
284644661
2405227004
1599077371
2308347435
2400387070
729571020
2349613796
2257438806
30710248
192725892
2335792582
2426115039
2428846511
2416176999
2285779812
2359240954
2382661758
1132283292
1876326758
2276889258
2280128419
2281001168
137909609
2352019579
2299750418
122188955
555264023
759039350
135877030
865267064
2314027163
1140433489
386261200
203758949
202186421
2293451773
2305924603
718359614
252754134
2292389460
1907715253
2289670831
2280107364
2284528200
2286517261
2276608909
2275347554
2287270362
383441477
2236866058
385375602
2229446148
2277105948
349424990
343450018
1446881221
2239233709
1422895562
2227568027
2279041194
2279107951
2278305542
773447113
2166192470
2269443967
1606652394
2237406417
1591453446
1202944860
1941646063
2228386430
1978089703
256054714
89109063
1717586743
2238521365
2230290818
2206331907
2228854464
219711579
82681141
2194964381
2194179549
596368646
1681532270
1601741377
2176261263
1315778106
103667910
2170196179
701145641
2177829759
2161246310
2185546974
2178526724
2176747597
74629015
1719270223
2147784009
1866463926
451450532
1328312148
1954505845
2155330459
1268217433
2151538336
2150616031
932560394
1977187764
1635786260
1966863308
98660039
937676684
1391753749
1959315007
1571143646
1941109141
202793527
569316653
182903903
1862773394
606891275
863892175
1867150429
1003032427
250370895
1832198364
1690026072
83345221
285943414
1629213350
1718257861
1835068729
1443902000
1761503360
1686363426
1401182090
1721238295
355620207
1191965755
1477409106
1711930002
471320545
1503362910
1716457531
1636519544
1711273999
1707744110
711421992
555305510
1675133023
1593502214
1113963925
54475607
1614209414
954454490
1152193939
624327415
1644657907
925682509
1627914198
212558729
514499762
1648906832
1604829662
1370236878
1640823794
1565959831
1566122340
1625461070
1323003408
1627904785
990056983
1580359032
1573998620
485180648
1392944083
1566556873
223462481
727503325
1584702798
1481565114
1583405114
290185414
1582085120
1567284306
1566565621
1564832300
1562297870
1290513608
437504879
218228885
1460500460
1544128706
1486426500
553536883
1498578307
1283619486
382189312
1525188476
984667152
1518040166
1467843998
1498650816
1397413501
607461925
1204763858
1419702108
1132630417
610144151
1475123689
1473448766
338143622
1184099832
1458474728
197038174
1072333957
531262819
1343182010
598986107
983942113
143224844
1110673622
232413828
233216151
1434097152
593984993
978054480
355404651
25865556
1418230106
1422159199
1411681832
979979660
1375832713
440515362
581824795
188339744
595519875
358145978
284031928
795029660
1353336577
1118172972
1141263127
1180522082
889430791
1377219290
1375763611
1373630353
1372894279
769531584
981080690
612466726
1264956162
1192216717
608477840
602877556
1343198712
281120891
462296159
472258716
237134334
596771115
1170324800
1158104498
154735211
1109657504
1319107850
225197005
1262562404
1314041400
820679838
1306147032
1247804815
1287425815
915052470
299991216
1252713428
398409801
101778274
104873938
1285574491
1289660094
1130056580
1137282006
28231728
235801446
542253553
936156710
1216996123
326831512
743510161
743601908
364455113
424617099
1260547135
385493259
1244084558
317538728
1247434338
1157703768
353182857
23411049
143421271
788813232
466057577
573886184
946536871
1209513866
116392126
616536936
1201893110
596651376
461950615
537106521
1180260084
34331376
369780629
318288362
328596237
1172730049
772578872
1068817382
293666242
767669191
391411949
978928831
1105354364
1134975199
1082137969
334279512
380642781
327291009
906573600
1095887502
265809129
940137943
1148355049
461314171
552309420
405942421
933053630
1117244366
1115036964
412683685
111907662
1125027883
1122067423
237653670
1038751100
595609173
545363554
1106974508
722966570
775828400
531641391
1111667738
1004097618
898103268
1021691316
93902552
464618727
849588090
755270982
1071554180
263238774
1069712156
1061481781
172092297
928428096
1053099716
946542169
226755363
63141221
1017779132
1025284344
567041399
499269445
576955182
1018603400
993056216
1016043463
627521051
966049129
1004517698
627826522
175176472
990011282
1002815635
989710105
634859400
846646052
977297516
803378552
927935156
878503518
326471363
243871990
518511927
92098137
902536039
945727939
961177057
358332734
741830798
140627431
564217626
87569144
119540592
517992361
488711776
523172532
813834373
180532504
825976182
737752376
554043175
293643354
944441450
944474557
264268006
295251705
345773187
335754920
447375728
362345516
292881669
778755445
473397818
149314423
739399470
598517553
627493820
482786912
887243598
913206072
605653360
766021297
875440940
411997595
169462303
245593799
46609328
893510406
822321218
259675341
900915674
245563591
887411492
789728214
822233196
864427615
708840680
870526422
319324774
504080418
634915032
196264953
853981591
832387464
815164776
131029176
845843905
819563473
261811421
124659230
825331170
749900023
552082096
814769642
814897596
814835370
814789578
584907899
564409443
808080066
364715845
265395797
85967869
798607556
804978697
803656628
801424472
803710045
799524410
551177254
123377234
181248406
783156828
757644654
515398851
525115824
236869169
577270100
314871153
594962575
18014289
768764568
768717722
229630041
330644406
631379672
233761783
385356084
760443798
295260253
754356530
241972554
559368909
60696039
747600685
740902062
603540834
744747541
742371714
373312274
737464950
732208386
728897424
705156110
579880915
720563504
109272733
716213455
712396194
713189258
431613737
707944681
421920139
256374850
634221667
625463506
562353513
613787658
524918906
604581983
448966746
549765749
271437984
540506682
451250470
533055924
575448443
482708045
173514553
534551082
545508245
303391502
558993790
550046955
225129078
540230655
185221102
172488324
520572256
491557977
492905124
461152527
427087849
446657598
425517045
462570187
440078062
177231314
499128214
440089783
440091326
498255867
498485219
469406126
494724082
484938202
457753321
486834497
162721968
434775477
217865254
191538840
372077352
183462046
479571129
405715712
188784490
86339900
468112813
439971294
464649394
184594670
309474110
118842876
456941156
404909035
423533114
282013147
442072274
440840559
236563667
287402106
397626409
231962378
425315918
158908561
414864824
275022560
234423649
53416608
155372385
216713216
348627035
198885146
333705869
329702637
167327911
280229051
