810270226122153984
790720972894642176
788225269479960576
787076725956046848
781119914362957824
2839920393
774049386129190912
2427615825
768542758105669632
769976762646294528
766020611344826369
763952854398754817
2838725902
752998207563698180
743130489251332096
3068008631
732930780939292672
1065708252
723605430686068736
720489064957374465
719214966725849090
711254518005108736
706962374515941376
703967779045699585
253319303
701560697617043457
560031505
4766334240
312567868
4443701057
2850197504
4268862737
4228931621
4119901366
815706932
380678036
3819292107
861590244
3301080741
3753546976
1636094479
3361147031
3335373231
3308724759
3207718875
3210086176
1496168029
2990513099
3090965293
119122036
425315413
2957339571
248362386
1025544236
501320628
345071788
617655684
2285412840
75951545
278172126
197319211
737891773
1322820668
333594093
492123747
795046214
137180940
1428856338
1542166051
377686537
1043754066
1551522480
945974486
1470518827
708876468
1309286072
1284178207
1283883582
1296955238
485948338
359952127
305038833
541177501
188509980
152856216
978656040
1187480479
344430978
1149389054
1179532608
1179472640
298249186
1164438752
295700584
1159144801
1119562429
906342456
1170461118
1160470988
330467926
1158111096
1159340414
1078806343
64789816
1157743609
870671276
1151085667
1149762110
1004127625
1128614490
1120002140
571403986
1093867585
1137433531
97270661
223678040
1119570661
1120765794
1128454682
1120823238
62897837
1128877296
1128679639
1120122420
352762095
992246526
161842051
974304847
367430782
153130375
125724810
200253688
523536289
454552332
540519665
285331064
551167946
