800753440854970369
2452264742
788657336701358080
286941724
3317793562
2329394539
102219867
996000336
796309545870041089
1056684126
2939863755
797452566141530113
793577147478732801
742469775826276356
776905556309209088
2544589116
774381374350495744
769896796646699009
768883507854729216
2983256649
2818738454
755090029806915584
762526441347121152
757376001806524416
272041548
745812653793284096
731750989900992512
740283012760371200
739156065200267264
738768375418064897
730376521379135488
735970263259611136
242472043
130621868
4821823269
2448412854
725400507741802496
724735498946785284
724411678322991105
722258740460843009
721551650142494720
3234345396
718253417290993664
718213943429345282
715218453288845312
2423557100
713222209247043584
710457494741622786
710278959586529281
702315690548699136
703355005768609793
4899857265
4865613663
832097036
1083320856
188878975
4805893642
2728402373
4152594125
196723821
4346626641
4332773021
4267443616
4157857967
4157647241
4127363537
2941699523
4028305636
3999159089
3932649016
3903031456
2308856259
3740655495
3435001619
3098424646
3419080466
276209124
3438109078
559907580
3437182469
3433168245
229601834
2234891166
3424285522
2863976771
3306266873
372569374
3295820184
3387452614
3385142421
3282602016
147043156
3376675401
3036040844
3293779905
3180133537
2172722740
2644947059
3337874998
2794875523
706349834
3327216093
274807600
3245546396
20806755
65137433
3303704147
153212423
2959359597
3239984899
3076246000
3308704401
109920366
2838175647
146911423
3234308172
2894203961
191972083
114353822
633162502
403058909
92348902
525053803
3169092234
596890900
2173373186
607196321
606828520
2963256795
1536902324
3311319701
579200421
75480137
472107254
1643586786
953874019
3238631432
1578938720
75490617
3116034346
2486418188
2898731301
54727654
269081968
361524299
572824993
3312377921
2655012400
156824604
361066999
597710779
326466558
3307430374
2712802087
3300037001
3154434332
3224733371
3008261032
961380655
407459412
191663270
222005888
2742680026
2978479216
3055592838
3238209425
3237402795
3234041051
3095083534
634750029
3217557147
2517240051
3202353581
964633956
1957512619
3185014325
2978175605
298089382
3165977253
3142567175
2967778281
3112359910
3109403091
3096832063
458353390
552403550
308762150
2955507148
2949855993
454471714
2941504445
2571857496
2897050505
2879041383
171775404
2781678466
264389044
2241666912
2815940425
2728247526
211060028
2692811852
2722208895
2446004762
1279233512
76526155
498374478
189191678
2439028687
2445193415
150891439
999848102
2299031750
2332643221
2339572243
368475196
361654107
1268625000
285639790
378970593
2186664709
200707579
1474621128
250804554
625233781
121879019
129303268
1634595589
141452699
768504476
1550550840
461494499
1176582835
260335070
224417578
1604723346
1170452677
1355689652
1565857262
1326154776
418764243
1308635606
1199351480
632318458
1381041128
1397991638
225676639
1329231799
1324730988
1323364411
1318760828
1308537883
318766066
1172496854
560046396
989723984
1024596325
185068382
192732004
1064901206
263963724
434712482
493574851
541102556
147801252
844764373
136269124
197222553
183036309
202877939
369816591
704124163
187647065
612267810
609993763
111442838
455254576
369683388
243049257
239252523
336711107
289577621
500083441
232405147
132560810
202891171
272159062
561755968
548161621
145792931
109579224
484159910
164910927
101562315
266925789
246439891
232957332
224443699
399756122
130354367
377740501
186191518
211409513
363465871
127697080
195869077
372503462
204099019
363793501
273128985
202923926
137186565
250912282
167944860
216770386
348608717
233333115
344261419
343694506
339062677
150816227
295263181
81023713
281195426
121908753
75461979
220181191
165256293
157819919
145547272
105502658
