813569105680859136
813427475850084353
810998785694429184
810968924233797632
804489979338620928
804421165288714241
803260432702197760
801855719968489472
800742429200564224
800461731533205504
799818590413328384
796884839911882752
795451348716294145
780927884739379200
2930331370
792504535856058368
790350932139737088
787532729537691649
785688404239450112
783154394527326208
781059698413998080
781409454004862977
781290764601098240
780959835399610368
780844447323987968
778275850911383553
775854209388380160
772970206188675072
772637965831004162
771739217667948544
771055216074616832
769434650397859840
769293475401564160
764248071337312256
762700732038537216
761382049718689792
761371837205020672
761358950742843392
760161950399623168
757963731557023745
756190328919560192
2902692867
749042565832404993
748239664637743104
747961865855209472
747528302013911040
745749705469083648
743558591626485760
2984529195
734181902748385280
733787811938193408
733692200425508864
733382476219965440
732849539602915328
732584538002608128
732518583641755648
724394958736777216
724021962658471937
722969572807159808
722198490441506816
1558285064
717918276307824641
710653156062003200
4850863101
703692606954459137
703265025969016832
4736228921
4631794720
4596741154
4519737136
3122797347
4502393900
4451499873
3392794191
3750502342
3496246997
3347480308
3943097553
3844007357
3836581653
3744091816
3592158389
3550211056
3533712443
294616857
3374713269
1241986796
3342352504
364544516
3255098463
2981120691
3213010677
2566446358
123437354
72072131
2886516575
2962186221
2883419547
2970564831
2870700815
1340855762
702120733
110882547
248665847
279658604
2581325321
2563975934
2492074382
2527458212
2506784643
319717674
2258109686
153606281
134462765
1862744988
873630607
281272373
270375451
83713363
179760008
1630390669
1626981336
242109016
1529697661
1201979378
1363647667
1357747580
1142169942
102569472
1284445454
211187755
1173655861
937277142
1120002140
397003675
1030468566
466686308
228374357
266847032
437133883
315505313
574780585
870600396
290732911
155051091
283817179
128667605
743222329
600237060
517864880
57423044
526725072
480943466
377591596
105520431
382111985
416629227
268420208
373516137
387282938
277653088
389652395
327600591
177417739
326501293
302192313
220065021
270227161
245468333
