804162468339744768
220159398
800076356306411521
796542501184307200
187289047
2446486254
759459312767033344
4509045916
723494883131068416
722806333641224192
722890552543461376
270552946
717508984131960839
83473808
4874561189
294015638
3404867253
3428264679
257171767
98276726
3436915799
250344910
3846694157
3361111875
2208268590
3432387369
1293256423
415856663
3385126618
327018047
3167194821
219696078
3325520397
2826661670
118104198
280284695
3296841208
446567600
3256812587
3092563427
3208237569
3154838029
129912701
1125026402
2786365547
2925695354
3092276129
219029518
3072224675
572571439
3062274411
2618030943
377789043
345712813
3018001479
934912784
96018804
2990214681
559044712
210176733
3009066663
2564343057
2964978557
2979877691
2975775795
431823986
2970153575
1951773511
386569961
2778541241
2820600929
2902303757
2677880173
539653054
396134662
539634411
2871261509
2864028509
549814375
259924138
710205570
217863914
2471158484
182567030
2185295303
1271208044
2745013660
152431169
351195231
2737422420
197275984
2780390122
342337257
172233248
2780268983
336938634
415089744
27182536
349841035
197431212
2441234319
2806662552
2806105945
2739565168
353457567
339085598
293145306
2754161377
58978067
471369980
118210838
311037977
291983691
85350771
2734629886
87199490
153628664
322285818
2201492592
98454443
2728094919
230613379
624981394
1409192534
1214484282
2319927379
323888169
2546341035
2555184848
2575711822
252583763
579393515
2419726086
2541083463
2480929826
2352125432
371564325
514664357
365239180
452469539
244796778
219482580
1494468942
149147757
1589368724
83208579
323886787
272587586
142815895
2345100275
809257124
702336368
206257706
35225971
2232403520
2302319243
2222232592
1514328697
210915191
2303757438
2300648389
259567558
84964000
201750477
2186578323
70162298
288360373
2254900073
1297522994
211908585
172947138
67160005
1105325690
828890196
2232317322
248942578
234498485
388494675
1909837741
405289434
88588912
597864371
117927933
1662655004
49986237
189149661
61544567
124195122
1332326822
1473409046
265444853
167171098
753586298
74337759
177584846
199449358
161889321
285969118
443915151
246063967
73031950
1250368152
273650189
306676366
102753506
805864010
44938050
1384875577
226206311
92813699
1199248189
608272798
512100357
163676556
282664356
103012846
249697421
358704933
462994018
1249900236
1247712907
558168948
477903893
996248815
295940770
509274458
950802823
963293641
407058891
201136832
465917343
248362276
756600722
384044005
406471605
108471400
320603324
241277980
248416639
269579338
328670247
272685456
219828756
223897678
298714340
320013728
90504424
67427994
124583258
306885496
234538201
222202551
132683773
277089537
178037336
103969821
213019706
162403917
150471790
153263269
