785493284726640641
811349788625084417
808361476738220032
807965752192069632
709118366099906561
329086037
371830123
796344685304365056
3312443951
792851758548652032
421432152
773337085864452096
764057260788215809
763470401368449028
448556308
3011014557
755800570519228416
36406739
345513392
2933074477
794183900
351657736
431133680
29253336
79140593
418540204
1388123395
341160083
101823413
1515414162
2851435413
64222103
88050452
716330396145885185
226363863
360025401
52043628
98971645
2885116713
266736574
752696849727881216
744714542698139649
345708115
740312582716837888
731342716274151424
728737802637160448
2533015433
4143638885
723429474688061440
304510028
722681685620441088
572187654
223202926
226582971
2533390674
706561999539474432
3363000221
2417645636
4892596391
4883124977
4867220429
198948471
582076057
3402344920
341817004
2961480617
311691918
4402492515
859153764
3029487085
436937146
4311149986
4236415120
221179891
1443925801
175801806
3922189655
3891334342
1906400820
3885065835
3862286961
197511543
2918824895
3594508707
742026391
3290393434
3622490597
3602589915
228738068
3434117637
383453331
3417743139
3080651919
271085050
404580444
1330035799
3368627152
480803400
3323653959
3312475473
3293635341
3236363260
3234594802
3196418141
3184545629
2999075962
3141658079
3140894362
3133591270
3123779248
243329549
3091459481
537555765
173196606
3059199309
3010856063
2987394143
1633698128
2936224792
2914823135
857244379
2900483319
196808154
1967020291
467933068
260555877
2812416441
2802945538
2789124131
559901396
2771428635
704480065
1008930013
178195889
2597494570
399714531
253369256
610647674
277433213
1703012575
436355057
2551784023
307085718
203288041
226707501
263010133
1125927368
354457127
1925882761
1442209236
2457099680
260511797
127916903
399770457
296600605
405755894
2421510275
306305988
1638525547
104537880
1961428867
2348036202
94003427
2334722884
548769082
2317469310
2309217138
2259187210
1470195458
402394119
883407842
118485084
1444216200
762410119
974097756
2233185619
238863153
2170857270
172402206
707720225
1584151380
277816018
1909265629
434461033
1636578816
1881357955
1624417069
1663011349
331432134
231323131
265191391
360632029
369902705
1670726916
1118154686
189211851
1559478529
1400759053
1599583183
1480240752
1557530832
267224037
560696135
1551199627
1195762567
195452230
1499384592
1119034140
239968202
210474763
1272670285
477707113
1434482653
1020743670
1423511629
87955796
1373685216
1419327576
275211993
1372775383
264497501
145787835
1362526970
193058226
551986879
282116328
1038715082
1242167396
889572115
1222829472
1043357792
779350088
1288933334
1281273733
1286590555
290663765
288275662
1272569634
256559411
222161690
38782820
789542191
246006134
1149629395
84734228
480610462
374446873
1043250582
383816641
201699286
241638289
1138403917
200376766
1110372469
787284692
1084699674
211628733
369341640
248040630
127049169
166455445
315318903
832118474
456875579
1002823735
997615351
217866755
134272359
972866029
224661352
966758863
189332826
632447958
587884406
393092902
943697071
221024753
375942866
850309244
362561626
110467208
878487091
303396756
868728361
792459547
188351485
614658854
240954971
820327314
248803929
803408526
512468850
106602082
758148655
724414945
556251518
241567191
474095426
724937274
287971579
369697473
341690400
383875049
635070010
128320279
483441654
584021675
721610588
163322277
185272024
586696036
133859219
432972094
351248211
626531662
217608878
193560242
281877276
601573328
167529489
451838480
141422558
139555045
69387937
146699525
488999923
410420642
526561765
521663638
518793866
377591596
420091102
166297244
478747583
411198731
482136667
296881306
255633416
304744933
209268320
336273578
128771844
309276451
275919539
236579836
296899841
104247326
361020184
307675684
250435380
383333747
374062463
210653265
249459823
361366449
79366223
312464971
334836997
247338565
323916053
299951774
175590087
113847127
308541746
98753067
197651734
271988000
152341621
247350735
233711436
257018234
216845160
249907107
173921446
176660966
238025146
164148595
246327109
192028090
156330819
49999461
