808517072460349440
3211818610
134929059
814340473808625665
3000603620
278815800
1395130776
712055441757343744
2533451844
4711232172
3224667973
803482338889826304
172482166
3177029827
789398349669556224
4235082495
731566837
791969395765542912
791629925488988160
130738636
784501267527823364
785159395781009408
201003840
706221311857696769
424592262
4450073541
775324100302561280
770280807286108165
770137339477635072
4894653012
711328794662019072
754679857787711488
177277955
3173753785
4857364808
715035991875174400
3996566794
135282633
725069597846597633
4302686057
741492147111628801
705433561
739976089884233728
739592024588877824
387815068
4922368382
734134864518238208
247416229
510847765
762971281
3288066999
3031019121
4918544996
703743452861714434
727583881315164160
315406072
2273942305
2839276060
2848418332
955475654
723684337724608512
724774316525666304
999958699
3017652645
2418365858
3693065717
720695255138316288
2905482229
715733771379552258
1945441549
572704695
2964483374
2326331114
376368870
2377337384
125428104
1117100604
4899146727
3370324425
4831372636
3999545716
2705391659
3092438103
138131057
2802198949
4524958876
2398350216
1222764104
4213167453
74452806
559883593
4165678336
1068608982
3832700909
2656026986
1720693681
3293126902
3695242699
449695028
534445404
393825279
579023978
155759029
2882121273
251634699
3310041750
3034559817
3234358933
2502342794
3380675039
272282132
3181868180
148590140
2604787916
3241851511
93076847
1355707152
359600725
81181902
2338851074
3296450104
3224535613
536853181
3188259974
1416085753
3171008521
472577615
561098441
863380597
2911099564
3150964658
126133326
3122201679
411836985
2750379323
2870072477
242170324
2544397678
3047413077
2873735301
1057800757
2400916387
2830955985
2997029986
2678790354
2914219092
2946305025
142458458
2380672213
2906895119
2857053428
736089949
1893770599
807751238
376846638
2269920966
2169026954
707508245
1918017168
1599646830
1648324616
1519486350
1533694248
440917515
1408249184
1420947199
328675689
387587523
353053815
600476648
1118242590
37799256
792692803
904669278
402758534
882726324
724754408
828797605
117546144
365357934
335127193
338179453
363882203
253518171
366981521
376864710
12092542
267186992
32981687
102419325
244831919
