632238188
714678725414109186
814144815633940480
191704909
813412352867631104
813398075825934336
811930376239284224
811755597494362112
1514782002
34723387
379419273
810169814195077120
633338810
753792160017899520
163878699
809232793519751168
60356375
183074849
809388884249419776
4572581812
3454731803
717896189853741056
3615556216
780899826397577216
807830477583355904
2906743588
795065476456050692
768141056001118208
928809914
195479360
227549658
3031387655
238780776
166267520
806713488261476353
4899549472
3247022584
806448337947938816
801955257186156544
243031421
233105594
784837259526668289
626522720
937569116
2417622212
773301568309489664
803590400028053504
113147891
802305736428683265
801155065805471744
801917005456674817
798196064113295361
799261939402686464
387270441
176568005
731243851424366592
2440148281
3092201369
771190101036576768
759165604632883200
172375462
784248037568876544
799090597164449792
717168217240825856
798632335252066304
926735262
797140971137994752
181750293
795312428917682177
771067508648443904
2353564606
132248779
232300093
784093347392749568
793591277191331841
161396158
787125926425493504
791030027626418176
2408833618
3073777815
500440742
2987952665
181693068
3399280174
790301147789688832
3903615978
790058078314037248
71648043
755438440913698816
789191063168614400
233518878
788957585718337536
518778913
787749347777798145
780968325379657728
2341062506
786609475075518464
786101031604260865
4893669760
781262443775393792
765568464610353152
782058788799078400
717107864138072065
997023050
2267445235
237751851
780225433254133760
1016018148
775849810515615744
307722205
284342772
105858564
179712054
773164701165510656
772170715999137792
758644441825566721
148871604
767545403201953793
4824904354
202876339
766159132307103744
62743453
765337441549029380
764951797886754817
625126947
123945713
763659290825588736
763071757435727872
763001174878552064
761219314158604289
708392833456218112
760961286440116224
3302589677
760286733233684480
608332762
199710282
378206145
759270050679427072
752967571238948865
2907181451
58089026
746899458022064128
321986904
243904308
240004857
757931050618195968
4885970589
41245324
2490136796
130337219
2589842699
82111824
81791523
870701886
121823698
753697217609957376
301072800
753200283820367872
742770294377590784
752329122916003841
2957802351
750429557455515648
199099219
4853687351
748319783347720192
747233350289612808
315438321
717031521467703297
2724884219
733373812872499200
4227045869
746033170903109632
745988686106476545
390734531
67692129
739145158726430720
741869987770576896
715549276655456260
785139344
722449093847429120
737486595050373120
740369977509826560
740230561856360448
2476954773
449246147
720603114345246720
738264143548035076
2979794987
1276637869
708730987967021056
732171505879109632
197193604
733330906098860032
733795390365962241
864743420
733129585773182976
213124141
1880921622
732951797283868672
189254363
732275313661607937
731952837358440449
731942852545159168
731233196369690626
730798271736729600
728294078086037505
165594529
2977515243
724785499081195521
726205729443594240
725457780811927552
725044534879608832
2793657143
240217004
722799502063771648
4831308585
713387349124755456
722281384761507840
722211543803408385
722803172587122688
215864524
43806430
720753536565395457
502103927
717322770200309763
720097652537442304
490500499
717477202279993344
719566420946894848
129011950
718121641541246976
191068196
133969757
717304385966051328
