328877683
2997696068
798354703541215232
191311288
270493381
1000703660
397695945
774409314182258693
752959441817829376
749265445904060416
58808861
723649775934029824
723517050434539520
715974715953844224
716842671344599040
1286517386
4568115513
4750257974
2391431974
4574744055
1614102956
140574587
4440079162
4354140274
2892687369
3785722815
3692268496
3452321062
3376321737
3242614098
3352502505
3292297217
3292227513
3038904189
228582992
80760931
2362240145
2882578637
2885245039
561460878
2839582824
2830579045
2390234730
1703352229
2745437204
2728255726
885654818
24745282
449903953
2335754989
384603190
160309149
339265558
582416530
2209775594
923691475
185128902
759061531
151516617
376525690
1354160785
412104315
290296866
235552930
282235473
746995292
177390863
273041338
335603237
322984597
752108394
750685956
458716578
320223056
184994490
213970255
363335053
