774208236694241280
214709879
800338026404511744
18430222
787353517040275456
758702027757195264
781967833064439808
741245141051117568
214717031
89541161
760271547873562624
147758149
757771006131916800
956594334
749469245163970560
749335379162136576
104605164
2806174022
67662352
222628660
3874908323
2171122106
276277395
1928274948
704816605100900352
221770909
204391334
211214648
4030481962
325191251
455988905
90223646
3760435276
1058755148
3778407857
589528543
3729274581
261584283
77342964
3432891502
3252882612
3378997204
289915254
3368617163
3279881221
3366549671
93451636
3218731714
3316779491
3236290662
2649084385
17869774
176467344
329408325
492184438
3079298740
227349712
2871610248
487141886
2967129556
2959520201
330553113
252384697
2894927687
2788278620
220088239
2821998064
235430572
326812134
2766924739
2823778089
451724512
393811355
972554395
2750195944
1352477078
1357815722
2735800570
2668683934
1152626054
1570760594
1107746617
120384185
2605357496
1520769817
2339705285
777414290
2581411447
243684935
2609416367
2189894836
822702330
560408729
17546358
720876992
2254026428
2379434910
205593659
274131632
2428026581
2591040105
2557409180
1703324798
168054937
375910004
2551535535
2572387601
2572398761
2234804550
2568163455
1692342206
306280403
93045756
2522633255
855526453
553818918
2496140577
2291571751
492710343
2428070076
1442464778
2372484642
2363321269
1009388767
2333124130
2301697296
536971556
735111914
486106036
268986856
274067278
1676257938
234074562
1963958923
976817335
203604894
1870408892
282256217
414095031
2159191141
104480696
318584686
318584686
314610068
157680382
2183301248
182004259
239184908
266175069
101807410
370272516
1220427084
466666731
1583583990
618822877
1920224184
1920224184
1223649332
1474889682
1723731697
1739499684
810864836
805863518
1561346869
365220947
62904451
633223526
242465581
106459192
320949967
37571479
1578888714
1286328163
205127744
561392431
705988795
41145851
241274481
348537639
1495057770
266834301
441538192
173873595
520029117
1087261724
240268424
380637544
199157078
550545881
177276942
508102448
293247386
978698689
884509220
322069270
854020081
1035917527
1014549073
1010506741
99857093
992395393
133957633
332848929
747801170
333143178
406035622
290424030
907529959
125561621
896494033
505921991
287851449
865618866
142816723
837783582
810658380
834296220
270150643
248131203
787944170
272170135
234867442
190691853
776096472
776096472
618620290
179171867
579441576
590872498
636708504
192375828
324653246
409585507
720365016
452307531
621470544
448383766
619797442
616484435
86844752
132688560
285802655
163206161
449843782
493769411
449841710
248424593
434973031
574200495
217165124
222215534
101338172
164648329
264020580
404932511
521862177
375832080
120285849
215677463
501311502
499424294
474274748
496838436
495444908
307168126
475930420
474512367
278353207
241393863
256655981
212003118
353797507
203993866
205085303
419542516
181752503
272812938
387316546
299830617
208297666
55463046
199463633
263875202
374037019
178762857
197886042
154912041
319707091
318781380
187301042
188921439
302435739
279301672
199957878
183922575
225121355
256129617
220771943
237263060
275073499
172141011
97476919
