2440760521
245581995
813018022306844672
806128372409626625
799306256737570816
797930680168681473
510750952
784091634577408000
26278608
765638452176154624
757568929254502400
1309161374
353174925
2738790975
724445289516511232
722447246847946754
722066424450195457
702225211190603776
702978125433593858
1398676825
570040927
1097698536
376804470
4813570912
4804113273
633064016
4796858969
4793174146
4573356857
4616649447
4593260002
39593838
128711747
2759377478
4361902756
517704561
438562318
3881415447
3747659775
3740239697
3740328676
3645222215
180545445
1976566590
3402364564
3293916728
2958540621
3054427285
3056705608
3044174754
718560481
3031267580
3041959313
154219057
2997267418
333834821
2968422094
2922212061
2924298535
2887072457
2902442691
2187193254
2884542693
2769543749
2858135415
2859601499
2834685585
2559064806
2837524595
2832585431
298129965
2747385146
507521708
2531602937
191270184
2678247570
161372351
560017492
2503799795
2511192327
161775175
181964989
2197209093
225539466
193011499
2329443713
1397357070
589634736
2294892158
2305406274
1973627887
205760005
1966923061
1651103503
1880000126
635523155
1598739529
472537125
478225202
278158683
1500179558
355938743
879050809
79364350
1368000210
201081379
1352903886
261873152
28199289
87470321
395425595
570330991
1215722082
1182934483
1110259938
278371962
518229513
259831522
1055982019
1059206366
250227837
153839553
404609589
952526119
396316099
229682786
219653166
224131495
636041634
764858832
828113540
820635714
822261480
556361729
374068220
197300103
757121448
614892613
746133422
728984810
435015589
331769687
618713991
561742590
579426394
327494743
573178377
366138324
591277417
84489846
72295835
226547446
398300271
535710526
522658095
529553818
256384664
356558043
233660525
222317560
167430304
432187090
375912043
428637159
156446845
180085884
479710219
129959744
224652908
197298939
453156055
129066711
374216505
172398472
188072671
476509736
119603585
371404652
153493818
463526406
177330680
201520122
266425302
191213435
321024382
344275660
458016769
424109455
305122416
444731647
273116753
436792655
214597877
436872052
233796956
373564433
339464589
94145689
59850056
385115819
197287466
369611259
231562743
88247414
210257112
277584635
116466688
170478196
169605204
217788218
268306262
82179271
203411934
112814525
391723088
63037763
390921620
372864469
90669342
350116713
308738816
149966243
154539587
214078973
171690475
217063125
255581605
250255411
235201570
116869512
86867494
352380901
358489949
289580046
102989536
345541365
316186696
294752810
342495683
230490156
339125954
213738690
332697274
171720011
163442454
163218962
179575035
123903444
197286450
287272877
202161562
265613192
50458789
112517465
278348736
212047606
197151806
82715605
161357006
180182707
178975494
167929093
54594237
272118098
135120246
220134741
230584995
203207355
198317582
102465969
239631529
178756112
256731715
230906633
219256957
201495705
243416859
191572572
