1398361093
1033698390
2816458773
257271003
764838901
794455424351211521
804349748429910019
4803903197
799474433832419328
777886920361840640
788062231313338368
731525592617746432
740324627822481409
18111004
1852048538
491533478
2980500820
3009791232
742125600224206850
502283302
731448406347022336
3053767732
729361022792937473
727534015742398464
726919670972948480
723313800720592896
123964432
172200489
19373940
709376391603757056
1387964696
705394803685650434
4805067628
243514741
831349020
1258246892
2739112909
1730578574
334258037
2291655393
3403694625
221546190
763839565
3335490551
3316102451
3218902661
3038797126
3335403755
238434215
24700154
266214520
2734690703
3188337328
3180391191
74562146
3031835241
3001961538
2888355022
2957540895
2940197944
490462742
540370629
569409379
308757823
2899819720
2175070020
1581649350
2901845936
162958352
2861488557
2841821263
91911969
2817315393
2455053645
2450794052
91743023
2685211476
2785791160
2835428689
1216407186
2790197092
1293031489
2789666673
2790009483
2783705178
2787789166
2780505604
2534377698
2787302169
2834286564
2787689026
1184825048
2827290619
912886040
273134348
2748611129
249741285
2321340769
166024241
2400055938
2667372726
2303423068
2658067037
190911410
116832960
2544796080
2278682754
2317449714
2458877870
1725629611
560242676
1359814094
2362925306
2353482636
167867103
2213151122
251922401
2314504168
107550630
1761133872
429319630
2264760311
2183442849
212330400
208625367
339340904
785585762
1015228164
1087996446
237312388
268928903
235973809
319180602
168169352
255103959
1345646624
989998356
565232316
197857404
188642748
1736161807
1875710388
352477029
162791864
386708453
1723019654
1721204154
1663448419
209655842
14197635
240270051
183411445
1578075066
184889859
332489772
1494648116
335715352
315526716
228288893
272563070
1292524974
213007551
871869175
1097071808
520029117
110665082
556371979
556282219
1247867114
57841869
759985250
1043367373
767000268
514055334
380053805
32456676
608547879
495254167
316063078
361078839
404396669
55281352
819787417
599063465
845145660
138256472
207823148
53163899
251281358
778398944
300555067
44360448
213519741
714001766
715660896
706420596
700558106
627523638
632152114
176688864
388521351
203686159
248658782
87086493
546638616
563225492
214315745
547554578
225091342
132914906
327185414
127688794
93801524
245710725
300617676
24040359
278246647
231410955
488134347
311572266
108814597
434254454
469308129
241367854
427697472
118177151
282002971
127586083
192106557
211016075
432014234
210606305
224280574
416883852
135183468
198688104
198398934
326580949
212702422
391415434
81823099
379321428
324237406
374171887
307057915
138538575
200755344
234232778
201354147
155474014
18109542
290210365
316313398
131987945
170462021
333846075
156857495
197542264
324418989
321055429
239550575
291459521
307040911
305948437
135740497
302409192
105230905
190944043
44819655
93089415
88740252
46673036
135176408
78502675
229289125
242335656
197238494
193746356
125986692
89874961
81461184
257745458
231545728
170035062
66484223
104087348
251471604
79221777
198299244
241766462
246101685
190116909
105027515
241258479
226207097
197092432
128605946
33921560
229168077
122409662
180488466
157105392
148233167
130283824
228445008
63224652
214344818
199011279
174531038
62897465
190129065
208452283
208447870
80114964
144258339
71555724
19173296
194884173
38084432
196415327
54396070
200937184
196778228
165441985
65209322
194759128
194440396
153176533
56492417
164906053
33303933
58361321
104191329
29612991
185928023
187726342
182506774
186296301
88592565
182580853
182937197
182542743
134551473
122877099
106922021
64933815
177485289
165756771
176913094
162974158
102802380
5077751
171736373
43562909
166834263
90273508
65031876
132721159
49071074
86107915
166320451
