810929248550711296
805274398915756032
798725732457480192
803019067661619202
799049086146117632
798282401713635328
798135893521534976
796571615240876032
779149647524888576
795324065963712517
793656645679190017
776113580609536000
776110371321028609
904576658
791112591418556416
790765146197065732
789181548004159488
787375825054236672
787153436039077888
786246334701531136
255357285
768447653239717888
539426806
241747556
781568555473113089
781568506521411584
759744446837645312
718666458079895552
780150810986573824
779176428160086016
2391108064
777248053820551168
777095708973367297
234929502
713542090588819456
776149135565189120
773956397792919552
773005120590245888
3343641088
765333089274978309
763558590980427776
4867376699
762711496686264320
232865923
758766746710990848
756247740120698884
350077495
753294710651977728
747875330354974721
751262142410534912
750311486451482624
744429072642613248
744331882637172736
741377989376638976
724671653242900480
738188249336844288
3340082507
734163937973899265
733140132946149377
378374326
728664334860226561
728605502347853824
312916297
722481173025464320
1733547992
722032445160349696
244344664
721745229959864320
721614484759035904
1203953744
4314375321
363330190
701584302774079489
340047572
4830707967
4559876903
4493153913
4482515715
4386600317
4364055443
4142876147
319168075
4050741443
3722121929
3837708856
3600566783
3450230840
614568400
553077687
3428313160
3389445047
3290401412
3383266769
3366865685
120032494
3370190885
2196463153
3351649533
3346529801
3337990313
860377904
3332115543
163612355
234163366
3325716795
3305175136
3109420228
3076179695
2995097775
2970348407
152443704
2890066870
159635487
2869755327
2691288635
2798282029
2735643881
2482193097
2679881714
1318992170
2582675412
2492074382
143131712
216264612
2551573151
79207364
2507224151
541406111
154589326
2439127673
297552841
605600530
24101779
91682290
541368410
144365843
401775888
392498806
2300588601
285335693
273061446
2269857830
1958875777
275660139
2156026324
1945336813
227720856
172558099
308547660
402132464
190441690
1609422241
493240583
1576726898
218753806
338002167
395664381
618511089
205813341
161408068
1317709404
243286945
103104884
1488921505
248733667
475380667
115464538
266936566
292064517
1376109295
437679763
1397814876
1241668681
182858554
255251433
774557850
391553878
1335700394
1184177520
238206573
298694733
433903530
226959334
1289505506
728808300
146857757
201751332
222703134
1105173847
1110039630
238610314
896028026
1000285850
912726440
115091488
852961712
482996144
768232934
173711844
630293736
289551823
587783758
217904407
289177064
256745571
469531867
384490800
197452913
277174372
220716242
440261039
358571881
454073145
433016841
409779828
402072065
379983080
386238458
196850638
222338290
94333661
315488574
174926865
132178172
153850978
376897470
197236646
236600346
370164408
250354556
329931180
208666918
224439723
172736212
158561355
199872329
303355895
294877512
213086688
233688402
255196289
242142300
236973624
61087859
246067269
127776221
242627215
234009676
133921745
