788429153745928192
784272827323080705
181568674
4047261746
765328951556378625
780057784545120257
760528351
769225612082946049
762769921998721024
232198773
4831605372
127599026
2854043302
751621859590889477
4753187078
183317399
115773312
929593027
1649230123
727517830300606464
726068985230446592
2782527387
717883870901899265
720056140889849856
710228112391319552
714468829422727168
711726694361477121
67341019
1157153462
4636608762
1344878946
4291803733
326994223
3943683974
3654320428
320895109
223708918
291325635
2244267739
1677004902
2747092265
2524230232
3025672157
892459922
3224560801
448293748
3215404487
1408949178
3050761428
2153586209
2838253521
2795831890
343240895
376274065
919708778
1107633806
274695644
2358580562
355969295
51212201
17160495
1289491801
476389353
809159978
912663986
123000836
547255775
369148116
97281186
25333020
83296288
241752216
