164090072
803019067661619202
797902027028303872
776113580609536000
793133921718403072
787375825054236672
785209463074648064
241747556
781568506521411584
234929502
768447653239717888
725663050863403008
866436493
727145349618491392
727125493263306753
714648014602764289
234163366
3209284090
3346960654
618511089
318171836
3111621725
2284226009
2836778073
2781167789
1369955100
2386952877
2850678736
2869860640
203980450
2591883302
2588494596
456174400
241714048
1359834259
700297218
544718887
1240645045
2404927854
1491047258
1325870761
2311160924
1027447454
2274943301
212076400
2203419310
1969193118
1115919750
1145357228
1877868127
376416552
342340581
1717010642
1202804941
900964680
1005393852
625939793
145836052
1350589112
1090591548
1597061058
1587394254
1422258150
334804390
622554851
204466304
537702158
308603698
1137211958
159290396
168584081
1393713396
1367573940
1354582976
1349401951
1348095932
1323487447
221629196
945065330
919751293
1275228733
728808300
322946735
1244358266
420561610
1161575844
968731340
1173883729
1175805288
1146423930
1058510563
179600185
290730322
133921745
23899776
351178896
937187077
562491902
372308930
981040782
235669758
290406924
508818277
908123274
933075103
225998801
254809560
201811339
889764464
772552207
314092634
336922481
762510085
561649370
269783441
786301028
621483694
376015927
760588748
341230087
733342183
227796129
224047407
251310812
633066375
395636438
442169899
514846862
252391600
626765443
565493434
238525191
347640526
184966687
133088403
557363113
302302631
282858458
244545345
293611657
247960138
115687731
547309903
456995804
205404631
535881092
409009085
535816045
426181883
525981949
500971971
108701459
160132880
495590038
221715531
231071744
128450083
198074485
404224170
379109788
357948228
67505860
358696367
126532366
318079143
307699536
345111781
63003858
269777818
183405524
289715708
198007130
209214118
265544650
187727865
214519287
217221626
268957219
253916972
198673919
218240652
244359786
236530689
227440313
131892214
180927333
162798142
34036786
