810167066405859328
810984359138328576
810269448359858176
742877001300709376
808844938720985088
2890146803
202746956
3142366318
807811928307499009
75058353
722771837877403652
803951750394867712
995177216
803365654980132865
753337277225598976
750889776627212289
134933452
796808855992799237
2282360881
795822825697382400
205002679
2560826720
793869178365177856
257767108
767100490110865409
792148935779450886
758702027757195264
722989046666924036
790304737207943168
786958470260088832
786893707425579008
3483107775
2305384483
423574736
785519339432706048
4330367729
4845865793
3743315001
738460952086073344
784159311098421248
776497602762244096
4483690156
783763171211345920
3246788253
3735169463
783009809322958848
80413780
744665735763472385
463260415
225407862
782066450295037952
1258513747
735480776825966592
717702926916067328
780970182701375488
780965150652260352
780906116498726912
779704536457945088
818504918
300656809
526848302
775520160652353540
447319235
278172126
18600757
776259367440089088
775538417195159552
775073830121463813
752601260558352384
108485349
231169854
204839180
774030331435442176
768877585283547136
2579247507
78641983
767137504201957376
770475048436137984
760514199483219968
245435308
769738542184620032
757783796754288640
276778982
1104710857
768307604485529600
4634198655
1180024904
1947489271
197177730
1378525999
3983117313
3095897692
284260926
190389147
764516379521343488
1648239684
2151699667
760134204415967232
3430724470
759156971647934464
759481558965321728
759316059564437504
2744014923
944273268
4397321811
757772836006002688
757001710082617344
1009585687
756077608681496576
755946861215776769
303598391
526796098
350024193
348187085
2347427090
751863394811179008
750760857076899841
728319257038180352
269020398
750166113384820737
750154626566070272
216100670
4229036183
3130150521
2474448121
748038294760525824
748339923619569664
3985560262
733839117717495808
1274268542
746805536071491584
544756735
220920004
4902860609
707775904248930304
732029069274021889
736571882921725952
742157756774387712
3368419625
711092530113187840
739253233017884672
738349239055593472
3479750964
171046060
169134547
2774074876
703061162624217088
726402979163717632
724787788105834496
731532411763339264
809744149
730593180400422912
1054033232
725662663452274688
194983267
170912583
2840833865
722996512209260544
253408988
492288231
1684078914
2786295604
719565544509325312
2473294122
712774968703131650
725903536685350914
2225344532
724462854829686784
301794241
153816299
723733343955759104
3292007248
723330406012035072
723326561353650176
723297610342273024
722508235945680896
722643646437330946
721790785012805636
307057136
3871382331
722130794744033280
722101244861509633
721897729962688513
469771980
2699945114
3218372589
720295164174950400
253660844
717390488748298242
4627937669
715923291001778177
2880255372
712097440246190080
714124414267342848
2768364419
712751639778693121
712328037845618688
1101535964
2485612038
125541198
4168076068
261228758
707385441260015616
248055454
175863618
708341420051079168
776816695
231679740
61827833
174300235
705574373793595394
4122231257
704753390077779968
827574858
2429304171
703776795678646272
1909361473
4291577602
115530362
2860867875
273694843
4916999955
4913771248
94021876
146911536
208515932
4885043122
4874208303
4873300996
343598734
249483353
4100504608
1507384284
961757870
4839185159
4298356108
4825343356
4820494211
4804889235
4807641375
4790685982
791289242
4326615987
2981997629
139819026
1894174188
1337262961
4726355554
4699996966
273738121
4629375916
2904070101
4644817822
4625352394
150497962
4602557901
4601873597
4568524276
497101013
170349873
119758810
4538562136
4595219438
4507498463
567330951
209624975
234120517
4455143535
4455097169
1236970909
4120647377
3905249908
2242450904
423680028
4386883648
4355412316
4344290242
3654110722
3590249597
2695590654
4213651287
4209894105
295857323
4199289135
129016946
3713578756
268478651
4134323368
4128754582
1226454703
239678358
2708080340
3835518933
3976695447
4055179581
262392700
4011061253
3990240923
176153394
3976236977
880946882
202680195
2958848530
297451188
3840233602
3858146007
3573190397
3677195795
3826980016
3732192736
120229468
3586394354
133049115
3631239501
2701812728
1581576109
3218821121
2645712462
3547088836
212101105
3535638735
3459987375
3308836703
3437785863
529588443
1632047707
2618076443
330072708
3435800836
245521923
3409230442
3290611541
1917110150
3393003129
179613454
188805563
3233700747
3390302751
2813145554
3288965190
3382251341
2961507365
2851720222
3378410644
407345220
3372633430
3371129259
3369864849
1557531584
3142432941
3218827202
3351461098
3331386429
3342247072
3313536491
244671508
157723192
3246268220
3072866583
1490729280
1160344580
3308477447
2961237651
421427727
292923410
85365367
3309991413
3234710921
205736917
3307793357
383371378
392487398
3304948181
2407297898
3187639324
3297220588
2632849354
3222527058
3292262469
3112448133
3289434028
2586325250
3232034314
17632282
3253032183
461211987
1242536456
223706382
3226370033
154652233
1372513117
2982738989
263854936
418938615
2557014031
3110693632
3179635695
3174580271
3171149435
221496734
3154733786
140965011
3157510205
932931457
3082776021
3146314827
3122596960
96817284
2388528935
2198341131
243487384
3130667675
3119255838
2984866819
2734641131
572220611
3103287351
3103220133
3092115912
3095651945
3089709434
3093504503
1292229853
3057308261
3091806052
137042317
134230718
3072927376
3080890691
3050761101
2821686669
3082515516
3064518243
3084161620
3089007315
1638525547
3084141172
2779109627
2519144981
149735842
123679206
2732659503
3068189164
178712104
3051329774
465887382
2178684436
2868057964
3063501231
3060544077
3057972976
3056684691
1232512686
217898596
1067329236
2939206312
111323862
174340206
908757775
67316970
3024066064
2730623796
3024997858
3002282529
3025341995
2994828165
3010856063
3020277622
3021717731
286248855
291552288
2423893327
232073301
2975329955
1137453818
1483263889
84224063
2991269993
2980309245
152315024
2978298808
343137845
2961362189
2780995981
2959985524
2959776892
2932506149
2937262779
634093959
2932374921
189589417
2787464411
218546958
1048316442
1873066645
1442637110
2895282923
2909737160
2309868441
2779915305
335063829
2874086446
2890060566
2853456563
2757083058
1365291223
28916498
2870023424
717117448
288228117
2868219512
252692816
813134034
2830464405
2606068909
2830891432
2826848434
447176302
2850850020
2792336933
2789399723
190824905
2453415436
163169744
2760687232
2776330001
2248073347
2736402143
942785167
322652274
154143100
287870889
523436203
2752909935
286943178
1932829394
1290333996
296954068
2751801065
1702335457
113498978
2750790791
2325216562
2526032738
350544881
1650760104
263534409
2750117461
2683126982
2602409619
181250808
1420926740
259093872
2735384622
213970072
226074418
188340013
357213301
226435940
426097612
2297046070
2730266051
424984225
1660321465
99499156
2527104346
2687996683
844708465
2681571158
2720991879
2651291804
346966803
2180411353
2652583308
2160763046
293698319
293680274
360401305
2523735337
225854573
2535657449
290287662
2666696632
2591549299
161384144
1656077905
587991705
2530754654
2196174285
20822578
220498521
60471921
2554930417
48135689
491682719
560812249
252619660
2510784007
69590107
727440949
221883931
140522833
2440579315
148482353
154129276
2535666437
142398882
248076465
142495461
2413743156
204358207
1166671706
2468071406
2166875787
351285532
209782413
539568465
1905935658
2477506090
2436178352
532727576
2413358180
179561662
433884582
1311370213
1441838928
2413145390
452560302
2357327929
2383764347
184965845
2395694843
127412493
1591576657
620350138
1141047308
298607322
1702793790
1551367232
1499702916
337107701
2354937965
991263500
515070362
264553114
616512601
1466213532
322370442
1887962108
218754163
1288937346
69913585
2317354942
581339744
1075417081
377789043
1922141305
374617636
191206636
142842706
2324406943
154689220
2307700298
1472064306
2288193264
2316297440
2275110990
164913946
450677832
2281450873
129948408
2266660946
248886943
223234302
233396861
2247246621
189563220
1732524336
1593555246
251648070
1409141096
217584833
490513844
2215880479
94836934
326325410
2205591432
932487504
287680215
366155125
861634730
400471819
1080419138
178501297
135337910
280066206
1594437320
189037827
261044912
164543825
718053201
1970455195
1942857572
1896118322
357013041
874411268
1261152248
197190870
1717501561
201154280
1707913232
325660751
202447745
824096143
517151381
161116131
1581781920
244603920
1651962458
172495858
280086893
1489304016
351711434
179104465
188974142
29274173
124649784
1390491294
407149557
208715434
325670361
1230758557
865494235
1495990292
562615733
76399861
57755561
1444949377
227161468
432846850
772805316
153957194
315973823
548018265
130738112
826396070
1365308648
237763374
149290458
95138638
303593539
172143226
205559055
830269164
282763305
286852330
440587336
256082864
543009268
751361647
217633225
286789546
233418285
239568792
235665326
117228096
195475237
1137490549
287377727
1220247288
1214086873
179190193
456742540
1187526049
308830016
1146423049
1164236256
322917390
309376784
313717272
54763880
172638935
268075853
488863915
548584656
1101380857
43593475
901182446
617353060
633762920
846803431
172179741
134896029
463092316
183683598
822134828
372399560
198023418
631410526
186923446
848732335
354677789
263980167
233982599
