807032861941501952
799806108453994497
798826314065002496
1482313741
1935240132
795324065963712517
312725866
791264372320534528
790892170303733760
790715925104295938
784133241628463104
2883546341
780573591473524736
779143695052443648
779136183578271747
774409142224183296
770834664349196288
2583180877
764546279376556032
764485212759793664
759895816953704452
759094883219046400
757351216590516224
752334417000013824
368442762
749374477184688128
4860884420
740992175580794886
738780876490874880
738105970686066692
730130916857778176
734798175127605249
727366300775886848
722853715938414592
722503783046070273
722234536357179392
716090710211096578
699959548459773952
4840431490
4824842631
4582333527
2220148610
4484275581
4541483802
2348059684
4150307224
4049443995
3475865661
4026182363
3974136040
3914558668
3718505417
3691761736
3648439401
3507757103
3437561201
164751195
3429239957
3310888252
3376592620
3371374851
3369443362
3295963863
3303125147
519590019
3296175106
625923295
3254953793
3239301353
3189400108
3183204555
2904773044
254638016
3079321902
1099866068
14593060
801438432
2741113800
325909132
703892420
2922382108
175587307
322652274
1126024663
1736439044
628800796
264269398
2465471009
840104389
180940826
2296508893
2176271694
361498780
1649543431
341609945
1626867480
1193045198
56607737
