815032513756282880
851306407
803446583186563072
798701182541856768
754232970
782055399524630528
773655108877946880
770657179326177281
767840030299676672
740372487167463424
708787490736508928
450662213
2938102823
4860402207
205982095
4189527052
236510768
4220804553
169569655
4172511293
200343538
4077878548
3901011075
3809725455
3798596609
2513922485
3739749743
3687974475
110826677
3436172968
3436000463
3373316392
3408524049
3394281718
3387961289
3390436623
3388241577
2883700857
148220566
128363188
189151144
273277723
3296686433
3220391068
3218190736
3217435563
229672156
248390829
3185187363
219135101
3148176561
3095519181
3060525905
3030640892
289753230
2983565026
2296536897
562418846
2778263415
2856796443
898131774
282289678
2196866233
228384843
2810457602
2762407684
1423443583
1004814853
2688006725
2615804760
273034193
176685010
166206092
1385325961
2573090287
172451619
334807115
326814054
242979821
588537312
2497300728
180637507
256482160
1475281554
98469938
373557507
337113955
176579462
2465903416
422254390
149016511
2284351259
312303711
335697013
177423411
1434350532
1433575224
1016185652
267833635
592238446
1872261198
1444609734
308126758
2149755349
1330003464
245387410
1963075254
135257368
312866040
1849121797
1724076744
1050589556
1315692253
285340592
312358750
590365241
359431316
1572235844
1584740802
112265767
917672178
208610463
482244637
1375607089
1220496577
284210551
387689780
111740415
179603801
298722948
1395731376
1373236220
1349799956
1340844048
237835622
304832869
76084531
252744056
413447820
278736229
146601431
203305188
234411861
438045972
324989035
242581478
1000306050
117934157
636414566
520577213
278277636
597287902
628592876
1202944860
727031252
198782531
1005113191
435462011
143216312
385137393
631348112
285074694
105922295
399797763
213766532
238634389
511980974
458794046
1078395031
211226350
136034603
583848637
259367057
198554604
510974906
427430220
381931401
596723877
88795483
581158139
177083075
795580550
180476757
913254944
853083596
788032987
163693400
186996741
883181498
216610210
257503851
210487622
224885432
213463463
180623659
106118875
858891728
352631866
366961240
310294005
509503619
356626940
314632735
805776325
805545252
522863500
378192054
476077305
41167158
278192793
520779885
418116917
626854668
595778573
513060901
199562981
286454910
251415661
359120220
298174098
252851697
191963157
153151984
126986464
144056249
201580354
158583197
76553040
174131370
211236278
193051967
152047997
107823625
