1180466982
132059564
811262304465670149
717104813767524352
1110142027
809169381179740160
263988205
805590006454751232
805580224276660224
751667833826840576
804890055986860037
804884573393944576
804880159815958528
804504303524253702
143828651
803972506239533056
803967939271659520
255771493
803298695177498624
803251867186790400
2539690731
2557570198
1354207704
801267638760513536
896206735
4850611005
800018359106633728
169626746
798926323527929856
364454445
550344494
3290367415
3209994544
792091990213156864
792030276125949952
794592286638215168
554503096
16043337
469767100
777852661538381824
254865316
784521097320525824
68497106
4815585735
202936543
783801974131228672
836636138
780520674502840320
248789724
214512675
712541818177593345
127574825
1965910980
776958158380072960
776918090944802817
353217068
772815332155154432
1477549116
4592091202
234081235
768172465080197120
421300348
340490112
2782152255
2883020866
256503675
761950475075878912
384993429
4698925399
345422639
759736384441638912
408581760
217143998
210671659
2745023356
745421323258691584
4740750976
756091707037511680
99427495
2962103320
2397878112
2779723364
299940866
1090424659
2273043657
300503981
405106159
2284710738
580045674
1055400602
745249609828675584
89022198
826431590
1046579154
4805842582
490392012
346782133
2591533764
175955363
3290278114
3370184217
1853019164
733032204046106624
3418500621
628763660
2980894838
725816030640099328
1468215643
140979510
725503378218954752
135150851
3312685499
493664934
2800821291
711715105
4773221296
428760565
4888114324
346586706
384591756
309061076
4352008529
2339355164
154432387
3130483738
94199994
4832505407
1246418408
3130346007
312326490
488887873
519041181
3254834969
4740670876
600499020
2946734081
231295996
1091034902
217327683
4230953967
292769977
485785736
4049794523
4062149375
4058163855
3181207859
1972982508
165463750
423021115
141063539
1666670300
283296435
3435711287
3418392622
2773668422
3408661732
346645991
1247684204
437145082
3086278510
2507945540
2973252369
260781076
298523157
2396703422
2798865173
1460771070
253694951
453608601
3329951620
360161813
1615897285
717040175
276987472
3313686616
718278840
2406928597
2847298821
2773636729
3083314649
344399386
2913057646
387402173
308716264
1210070245
351808573
478887808
772057856
143536347
307571286
281626239
227372049
823358544
1092468295
2748276687
109987565
109987565
464172110
242375794
2533172269
2923409938
110881733
384959069
2933599803
279203096
66046166
2951693272
1048809746
290176520
127729835
396938035
2799184469
1260283939
2893249049
2798351481
242952329
2666601292
1015416342
2347465590
354574008
477059326
1452520843
207507776
2719060390
348045981
311969586
242891151
733718856
231862133
2458012076
2307326166
304213148
213538447
880806758
345113295
107085076
137755562
160248720
535331078
2328479883
290677380
144194017
1689828008
129358438
155260878
266254717
303455197
494627831
1040917393
332622383
1269777452
1241984930
326344160
206933812
206447512
122447003
940357771
