811069808590594048
800825799788134401
326736935
1463632176
218257371
798525431804727296
797178691310780418
3202075534
723797094306332672
165287880
586334370
3766223253
774606300655255552
245166303
757780074263355392
763571003104559105
1080239983
187762188
1012402638
236965654
365493706
239198429
728402826284675073
726620481881800704
187267080
724265419457085440
2746621077
100533250
1071443994
228948346
711362649280348160
3396341278
710812878320898049
299906966
710517840038731776
1284362178
707791216709144576
2966133851
172860013
702193533575368704
322283878
3149879657
330786161
293285016
4769771121
3942293895
4337324116
214788518
191633705
256331001
4259937729
566711316
308246406
3099782855
118350234
227689653
3319103478
3428345098
3428213361
72077651
3403283055
3386246536
3363566068
3350858135
3348000459
231224406
3327673161
3300455405
319018161
3159973841
935863292
125189414
1668068239
113750944
251614511
251435652
116269374
3000356743
170769726
268418954
2192273416
2990938163
344859278
2939479533
972568310
110693282
2925905201
2925192634
949891952
936222548
512544076
237506269
270206211
621318508
2766793187
1427699659
258598701
1600915664
182996551
288474353
231674810
2676825357
139433551
219492306
452467597
132543495
2350287812
125400509
322706870
222877726
2524102088
2499704233
229572143
759997922
2418882767
188536416
334171540
201568687
519914134
342488936
216565425
312727488
266676623
41296157
2223814237
282243279
401543716
362898622
191301972
2240277170
2240220042
165904268
488647876
1917698989
136529257
162815226
1228435314
503137899
1626079813
270554370
100012617
328126553
48379115
1433472990
1362877891
234192215
1137212334
268669543
218765370
233699790
264584191
1281927230
148782400
191519976
167117112
334836055
342829356
556365056
246858582
198234983
267045411
218716368
424807500
1157227580
624478785
1145797604
230598601
633466711
1138035908
952834525
482080743
1110129252
239936221
99427495
270635170
73006974
1027127156
1011381678
600877086
198299421
222876755
956156040
164480270
251460079
217316844
177763763
295797563
221958345
239464619
213796941
184891722
726512382
371356893
175998972
240746554
893794992
450662213
365267382
199414628
517142222
301691957
156700234
325285436
127664813
170913719
167403465
73161334
319177756
564058614
86879646
757920834
189565988
600281071
511502828
125877140
245821718
141079412
593128967
404133303
628458482
169728169
75193715
127670047
617523560
615074260
347948055
288821661
195588386
139858648
206007096
521024046
485142524
551265134
270157518
58357429
242530351
574334853
379273093
347978509
559277781
488999923
176505409
362566720
277118747
227595522
528906302
130612127
220588873
377591596
251705474
106608248
224087618
475931344
181042212
188434920
197214251
476962324
148453815
411628365
292994706
274663574
277221787
278328141
297069446
294301980
195994998
255651518
280059749
16334218
300924607
143276741
249013360
197312403
442447853
37989694
224804790
49730417
220190744
245856366
38197852
158400355
204327422
424279226
207889727
35825000
148978696
144575031
42451246
95101098
364033137
214353440
184945166
106623088
165083768
52583270
373795549
314719058
309739873
376074693
164422359
70312104
188633180
304622076
220156420
146238705
258936106
153443966
