811219566365970432
805976154389803009
804328015673098240
799714969373712384
791443261680414721
2951740859
786055124288475136
2432502196
742920049674063873
3327773645
755951771252584448
745798270052614148
744601446084186112
4590556055
723395073484853249
721861424092483585
721830094961033216
721738380866883585
707370078254276608
103951814
384307654
4861776059
3069135045
163223825
4301768662
270086882
4264444949
4244215162
4116027688
342865000
4011673139
3932858247
40235314
3693395777
502423866
1683894108
3430669012
3398186163
2991581452
3416593101
3406383053
2663499668
1733227514
1678644205
3293562319
317475103
3345663562
3314803497
3312384273
3298254677
596987891
3228972869
3215282033
3214359285
3176788821
290202268
3063501231
859762368
311044427
3050470391
137770488
382946983
785944178
391619125
163223923
2960319213
2892657274
2918952437
2888235484
271259146
2803449329
258066171
2825429113
2828470027
220238386
2765570789
2799073945
1665078769
2751255126
1079852388
100037905
2726926419
22706507
193414651
275605413
2577930518
207339972
2616747730
590209397
305969557
2584846527
2466245351
1112016470
2554212742
581268489
418311833
137741380
307682166
247121100
232163161
224420541
554017838
284233812
821853853
67079094
908323921
451843143
40265432
