154266463
805585726175924224
717119316290899968
283546397
788359544187609088
67470147
622439621
742879040613191681
742093146696384512
738491266850299904
1961383616
735941067191816193
629417843
139478752
629708600
145864034
187699817
4272040097
701867764697448448
723741509854617600
240733743
3298694678
718723525624885248
4924877033
704760093322158081
4421244257
208160200
517785600
269846771
353500108
4047710896
3749609657
2599716765
3369389368
155326098
2628103488
3432918892
2926142838
192217211
1250124614
541955022
129214566
2994645250
230180841
123270590
129561901
525585479
2479417659
264597571
368271716
2645842620
438497973
2614149271
2602161710
2600173189
2598595711
2598415454
2496864034
700740366
56851484
196349645
2317587072
2317564310
485973327
149935945
234790222
1883059514
1465459531
237751049
185447028
440113656
40945949
150737435
294304726
209634751
132664019
