809154186516590593
808667190127890432
808510919378665472
808508755134582784
805158574133481473
790203018079768577
787488035738910720
786204956126773248
782268481819537408
781490795794890752
776944158091177985
4545003022
2340499334
772628272903548928
771477222897188868
734718889272193026
711743257026367488
752688921738407936
2973732748
764873584426754056
763485837115940864
752294161487892480
748305151719575552
747073343803785217
3234176676
112539833
2354877332
733893639517044736
706569014059900928
724445311599566848
3293756234
709165368003182592
288531989
731776009
3215633878
4870601644
326804183
2279512517
4697243960
386003182
4375975637
4264090107
4226851032
2803689165
3952468815
172488438
1873567404
3361111875
268605174
3432337725
2422718029
401790675
1114854948
1655920286
3291784910
198562276
442056075
3299651099
727318615
3065032037
2905763861
338644122
2155616590
185413164
534899810
1456746722
172200621
1128240584
1635635372
182878735
2490376070
2205916624
550638944
1004647099
307445482
2159855502
210304568
962640997
2513868768
268969692
2632179885
145832840
2209248205
98983828
2291662746
966736843
2568227273
1472947316
246643093
239046312
1503939446
2147760897
287358745
284855792
152530003
1548230022
277461354
1242450457
471320545
291924571
