524544570
791737582115811328
790628498230616064
193561217
569477166
779118255105511424
754290770333536256
286239108
723093705087918080
723093705087918080
3432768743
264254581
220317992
4482793287
4312950915
343809512
3708171501
2275276710
3366831185
2905603685
348769389
174496531
3196625451
2981754701
42516080
231619430
537394727
1602255487
286941321
625142217
238344397
2765854565
2767303134
2738834765
413488017
299396034
2559020813
217901133
2216933191
2241230205
2201973115
302398728
711819994
1596477510
1635653688
1497366085
1489072154
1431460254
944014442
69434252
295278937
606245297
296803445
105584569
1149285974
1099195214
184398857
195415683
396945218
304007289
556295278
496348637
528997984
248781920
240392818
186701269
70884769
168360007
235533458
312088500
544607806
414523008
102985897
211735481
251266123
131661357
278251342
417260588
442890168
177031551
167246839
108423728
310602609
264205901
171343533
281683479
78672307
302417595
264350192
46711005
231453030
193560479
174388669
