815044445259333632
61182738
783806877872300032
815674868276613121
813916331829563392
815301922173362176
749021828929220608
277078531
814865445706747905
360161959
814407036360331264
814718857797636096
179270352
200911326
290264218
404143242
104002012
705255045965676544
2562544031
814638395137859586
2756425179
409467195
334470493
1695089934
587679554
1419148718
2250887377
2866288143
441489737
814159794156269568
814030722155642880
813982099682316288
813835332688998405
166584408
813715621343068160
238422846
813525682580029441
3295967013
2308084930
442838678
317418598
812768344650711040
208054538
309131601
226374778
149576725
1152746947
219353699
2844229073
130154460
805527791324241920
153234130
783806804794937344
214114432
811646080425267200
811602309188845569
264855844
981500970
407202951
4851146301
4152809751
807408936479576068
811305062635020289
3337092292
787698007827423232
799990649311399936
195909760
759814295928438785
810169814195077120
160678616
327444588
2329525339
730455594365235201
3560534656
244250379
809804334565363712
210658169
809223295321198595
808881683789479936
349999066
760937864410595329
637305345
796710805903470592
3399446253
183664187
440153490
805573301435330561
4099091799
98797823
883288435
808690776897155072
808466891199094785
223131326
97898227
182605305
190380172
808408212684898305
720715358865383424
807989186141814784
807618492748926976
807445795704336384
566050989
227376914
934614758
807421043430268928
806543453396041731
805844903947358208
806566872623808514
264602618
3247022584
62360919
4875507491
3798585635
3507325697
241686403
237808606
382148161
299867851
805893108567252992
805908820748857345
790398896891654144
798355972821491712
805561628074868736
231615102
740299936663801856
707747927553417217
401693022
1003874960
993509431
718121641541246976
624950659
295451967
319302923
50128120
786245246862536704
225136983
913389812
804091880103432192
800837696797241345
784925245287301120
2252156183
388813454
606834882
2337621460
545677522
1087978416
127866981
803632413880500225
182385494
44732092
4855819378
2458940463
797566390685302784
506721882
803045106232291329
540790939
802499790189826048
212318634
753352933576732672
853727276
802752446959419392
160674360
3630578773
802526596393566208
946383300
802493943581671425
548663272
786284282817945600
802304658547077122
801522471149195265
802004403540684800
195547135
73301381
795339440864591872
440519141
257182543
111316809
801493843057246213
801764487636324352
798494213969182721
144296909
801515236536840192
801179000911622146
771041693357510656
800881521355681796
378010156
782267310
800740326365274112
734944787288182784
714825536288268293
230847076
800105517536264192
98693847
629748242
428460918
702939921284259840
26811810
3418925298
3329554919
243451918
202957732
1420740331
230258533
1727191652
818552534
341159970
2168984667
392114717
269059864
177635112
178076919
2444485616
799625926770364416
799513486380400640
794951224013574144
351063219
799350433584136192
1665401054
798173081340678144
799090597164449792
710674517480316928
175179742
3234130763
2871770119
792770843969552384
798672673224228864
798646136680673282
4449845609
878945528
761001905728421888
168955716
4893504683
797120067762786305
456001383
199795189
798373631696977925
784248037568876544
795824557110231040
797924267350519808
1478280128
797864843797823489
797515896172511238
323670780
228387316
797573395437256704
797535912322367488
708330496980361216
517785600
126370905
794330829333872640
348477862
844344956
1661655404
791632730358513664
202012370
280359466
766089772515352576
3351939887
796771095500193792
914533015
4146165045
271236627
796553302523703297
722895859
794570733657747456
796340879254581248
791672210989678592
115246376
257529314
238716047
1158247255
170093053
1411512636
230949453
795410765339619328
3381945197
723352187607375872
198754253
549676968
773366827015700480
1529236778
790322238453055488
1338294314
3213878087
246512747
794236853624963073
1359385957
283713197
1187876048
781973888121069569
731243851424366592
175130261
2413424346
793661409372598272
264522080
785569929584148481
2326083355
784499161936891904
336352960
775053162
496699720
793232425841225728
3581548636
140089850
202077672
3050564634
284600383
791793921198350336
704431981975773184
774812419906473984
2218959788
200266116
791812092072517632
111354961
2171328791
3113700773
570852341
47626496
3341888422
4820511351
2192984960
790714557060747265
218968734
225049180
962291984
783249625474035713
1375578566
2599892196
114131633
209062373
722156070265884672
164557220
790267068226699264
543911287
788942714683490304
228004582
2901641471
1373140904
428373370
195762231
268139737
770450076934307840
790989599715758080
86934723
288422147
259123970
207261253
189346136
750064047643561985
164843710
790650536727044096
216758540
62527636
1049174132
533856958
309408279
209226664
158853795
790266258860244992
790253033460527104
204905129
736269093695807489
196276943
757333028591067137
3902213056
311516465
745643335688269825
256607018
768797552699375616
377544870
177374701
2589842699
783852626521784320
300602218
476365237
740749424318664704
2466833473
3654700155
729858576253079552
787749347777798145
297916219
786631567758110720
331288275
786333368023678976
759539152128008192
71648043
784393419644952576
785510279912316928
785487481835847680
3004695430
3335982982
323917378
701870952
241231570
136168638
374292342
744993127103094784
781311332788367361
87540457
725863150147522561
164457330
765238277750267904
150566390
539273291
704856004979257344
219899710
503079895
300991505
236432530
2248288114
220807742
254384555
1121831839
700826772
783693984371712000
309531593
762451116650926081
3899843927
271429053
258045841
729485728770609153
3296108848
253198883
778646021240918020
278732399
589371015
119116712
2216466877
247854300
713429822639378432
2950427931
265431663
997952552
1682425711
172186552
3327631264
771731406212964352
457905565
781140743138205696
714557239365922816
765252513809494017
781147750540963840
735848541285928960
288391367
256169185
959681066
4020724401
1421858917
778716529202335745
780443667651817474
211629438
777355892471758848
197207701
294903591
769186201958055936
752613614218076161
139889803
235033222
215040739
1253004588
223652980
190781163
2949392945
3399346527
730874167847993344
718900961285185536
1466228695
2614804314
4719628575
1620296606
778978121647267841
2974961032
52058671
704660763579965440
777152508988882944
572029180
778599493285580800
161704081
3404519740
2267445235
498269209
2161005486
772466617565544448
384155849
737747180337934340
61237808
610496703
716299321956769793
776922745280065540
245331014
428327801
457148221
197132375
714926145372884993
2537670137
206939679
207848440
754061041357709313
374199408
3372259523
765919365376176128
209766531
775078271474135040
758814997921210376
759787626916229121
775200244229439488
775169091300720640
775073830121463813
773247847110246400
765742204291837952
764627381562839043
518873536
630477224
4334205737
768234412756570112
719186751013695491
773713389487030272
348794115
772794809455153152
359638255
279179539
2214658121
848249768
383319854
2297249851
1239635587
29102164
712064038243606529
4804684007
2641940235
271134225
356593823
762753464598458368
1036069824
83897674
771883146392535040
452768325
753069847479738369
217260003
2786781161
217458879
3001424439
3933059357
181707365
224055357
422979790
743209496655331328
758640413938950144
213822705
334820008
242871620
1732525764
2208874725
722226587962355712
175437816
770601575714873344
11509422
2578849235
767784638756552704
769935612010983425
269579338
368644778
526796098
733420959831609344
4911530427
749729156733214720
769311052676890624
769187310252490752
516824465
768945111766106112
2872962652
482604882
768857820888432640
768649887470747649
768597597674242049
759092943059820544
4364505377
2238221570
747522133761339393
766337005097721856
108087864
765734127547117568
767030158335377408
766432848656162816
766471026242949124
4698687356
766353228090966016
221047043
766319732857405441
389309099
713348671371345920
821529612
400841835
763193122268610560
2766348019
631617895
433627219
387404266
86552977
520744785
763514068103786497
228210549
924999708
292402920
96431103
763022714969915392
1447750681
762797901072437248
759936916515094532
194331189
762328619205136384
762102673688686593
707624334802755584
183759138
257684148
780306428
761604949658759168
761519436809506817
2234685878
533340110
213720520
761268681456353280
1669724736
229311028
315981493
203114061
2440148281
4303402227
1060311301
1601392794
181612562
323651470
2545926655
132248779
755137297448898560
4411470635
747957414444544001
592327346
4735737736
3401757621
190023924
710335426251202560
747896972590329856
758759782027239424
589591692
746033170903109632
755908256242032640
2392675136
147274791
748338296560975873
841084999
121138893
758150256739622912
4633580787
758097167353581568
725134864287145984
229789515
189386235
4885970589
1260752149
282677429
725782434885832705
741845694
757333887806763009
752622276055535616
1140749683
718913922976333832
167212984
2735731948
198952491
707318239316066305
706162755296952320
2596555220
3666243496
718136442900385793
2248754169
741219581990166529
3242715209
755583380834488321
706602822758846466
278684791
176595370
755140663293972481
524919534
591429738
267891018
370869977
755385458754850816
220052190
185699129
446791232
1033627729
1268453624
478677156
737463925734772740
190934993
3929506456
701077959839502336
236504920
753414901738172419
723523288929017856
754405247779532800
3682902795
4603393095
752934841767919616
706842514758701056
826552213
752290446844493824
751414641188823040
753589636950294528
250452001
748259280525135877
363461891
753294233444945920
721812094547582978
2740077413
722758584908541952
752673678253559809
706304195800993793
741727914052472832
3289932644
2451364918
741848393736146944
751855874021462016
736626072956067840
4568112552
750130516800798720
961487876
408927501
1060799558
251286167
747430589381357568
284260926
751003964225753088
222936534
2267762794
162445250
435350621
56779199
749455939535798272
219525397
750114992800890911
263420156
749111853880532992
818526768
748729856968433664
749803026492317696
749728354287423488
1651222141
191209641
4833251055
712007306880241670
748889686064726016
1173206610
748692510537547776
1477370833
739168384655491072
733839117717495808
735568362680504321
747199166540054528
747970845524500481
2871499635
129918452
747523040259489792
2533199372
730843559985827841
746808960280330240
212348841
223714701
746088692071174145
1281981608
1305561822
443751019
531644387
745676722134257664
742098664471072772
733137381365272576
2952505213
745349717236776960
4861859115
1641018932
276961644
745306725524312064
744989014063714308
744982017624915977
724091313990316032
735506004687900673
703060898676645893
1338144066
742400214724673536
741699804284235776
743903000431853568
743811487089713152
166859639
1713216505
740723412176412672
743312926002470913
743601823592943616
3437179432
2246872942
1137815712
743360840791916544
740609260355256320
742556723475558400
313487739
743047445580513280
2857090773
738803414088470528
1347266653
742770294377590784
4289374554
739145158726430720
408437212
720717031193059328
330166792
295888511
742048761917100033
741989514420355072
3659976981
240310247
737107640241803264
3378336347
4166858123
740904949287157760
243933536
1043510485
