814117114541985792
2155668536
789671606809427968
3126818771
783346500877357056
782047247286558720
3838465101
780517689433419776
371765896
248322227
779047299758555144
381852290
469830489
773915394734170117
767918120195461121
234929502
766371307999096832
763852875751645184
289142028
760669922510905344
292413672
756589443272900608
755852343715954688
733014839820492800
264415323
2655378313
752327785318842368
752539691438727168
2747531205
750863477594550272
3333837172
745224502691377152
738189304950886404
2526331613
700680079731392513
728413490122244096
1347455155
275710037
722275186050011136
722209765259153408
722028921152225281
721532996864643072
719228750794240000
530834924
2588314588
291014424
4827988289
228227152
239048887
108055661
354931378
221975789
4017275373
3980143109
1554526410
3234583989
3621719602
567384034
3430789773
242863114
3319548868
271958237
267559001
236142355
2767414955
1568972786
237532636
56771544
2528049638
2564396122
2550384761
2483148685
210121066
221461300
233557846
250381877
1278984072
158541111
2253614839
842014512
586119722
182884123
119604073
228157402
1727523536
53713434
184245131
308134807
813539888
308535726
68251980
161037281
1240576724
426794734
749647837
75949633
123368817
209236735
143296190
1004046247
573945820
128133149
158394011
251756700
856461259
872540646
250302724
810386755
259957324
431942236
158804202
193373178
276810420
124599492
168753622
172845289
277515096
230729827
158608639
