275379712
779404689054072833
787095033371627520
785547771130552320
785532790653775872
785535628012294144
787101209073188864
785546882286256128
240318056
4225451113
766683615790936064
204381933
724414594735857664
228716224
3938759080
207171094
443288487
2826900363
3429290127
3365080659
3323635007
474748020
211915856
3288782872
282410244
224241814
153492074
2735484196
110826677
635054275
18210449
1312593049
465168972
2320218342
529692111
2373990060
188094836
94022441
911070948
178148832
1354882736
1858606080
1124029759
750247068
921554947
592108670
1421201755
1442583378
1409304116
830225545
1410987229
391044256
318029052
203961839
288972461
289611512
1338909145
1315088436
1242864397
394357432
350263017
236168929
731972676
571350932
349042602
178968404
337500075
127919408
198302349
874999458
230888005
134842011
434982299
380018928
150525934
338793644
752636582
577378708
439304900
174491526
528543289
251348036
234030396
603174959
601888360
288929684
216686395
42907388
136379699
130208521
65102547
225672836
224392085
276302841
216247838
