758322492830314496
1666226630
739196497607155712
2342272887
958650277
806598586293223428
803770705326260224
800798438564589569
800422653546725376
799755852425084928
4745441493
278676950
756448902249930752
796130333578108928
745654858448048128
793914131418144769
235445609
792138696397029376
792042639206088704
791438972568408065
791036835963207680
789687756431716352
855466136
4322542635
431786681
367550980
786379624083296256
270125372
282890793
2674464716
237432691
784058979479654401
783760800838287360
778353031742185473
2170337355
782632756324864000
750002640357101568
545505833
780453709033639936
751948219576451072
779524117632606209
758645500795088896
778440892432551942
778448645372858368
1131820117
778303356079054849
775740272206548992
392861380
766425138128617472
3301201151
3303008871
749083162555351040
502379277
4174124836
771547600658980865
770408756974907393
770416985452806144
707408603641200640
1447781118
768654779371364352
768524104026755073
2190692593
169395027
750519542644781056
2968007224
385279132
765293499654737920
4104912149
762654527417974784
2718832115
758766062771007488
307933607
2181483997
756723579107041280
755796032152297473
545272794
745408780997787653
2751316789
3437378591
2571384824
3413135728
246383410
203136568
139254637
258843323
745457709768671232
741757913958612993
1099859348
578583391
2751116165
4927496457
734052330199515136
729103517412151296
723202025803132929
722120423379451904
1148510316
706133963211988992
705601992710873088
364556176
4907245432
3302993344
4872948196
695838461119590400
4860429091
4847656516
4865144242
4828051938
4835545702
4808616580
3961569135
4702527500
368743567
4605404069
4596216807
4561093721
322685711
3825344115
3329547255
797280720
4066716257
123285761
261433570
3207392159
3399499167
3623663835
231244874
3351156711
1571370289
3365315518
475322975
2451711012
3209994544
124512170
394966309
2870776605
1667775979
282192016
2775969245
3095294295
3131413510
3312839512
2735487940
1057936458
3302388375
3222548419
217379019
3234271762
3297106078
2299205613
3294183220
3040773887
3199276071
714830701
2740754638
151227133
165475361
378839848
1275580748
3106017268
3109650412
3017670323
2763700037
865472455
288019087
2527161208
326947741
239512213
259110791
636474658
280349452
1942490887
3035712347
3024515663
2287923665
56771544
257804880
269215662
259496113
2961317842
2808983559
2948426547
455777169
2926999714
199815836
247967710
2896298343
326315538
2677619683
158390374
807454674
2880377152
1521193160
2861752203
2855764503
280232236
222596726
269464708
2821107097
220645944
321160113
336269387
2717733763
422928218
2750159452
2763408572
2745269430
576628805
242120678
568480508
261463125
2585477531
2526508778
1372352502
139058645
125933012
2474453514
2513081609
2370608780
2397517641
221428238
177384721
2355119339
2331081678
1666332109
161463529
2291628224
2262753717
2198601099
2236897418
2207689551
141719409
271647428
2179970336
2153512254
154916942
1927707210
244178745
634906323
1883702850
1732003050
1693521648
1604649020
80000976
1613157781
146215794
171737708
1604960480
1594880376
288764406
230577036
1586282436
321847824
1040794940
266928997
307728493
1557140322
418453632
612617397
364002414
104008060
1519743907
1511828492
252411434
246602161
158250806
376925464
70492101
537561446
1455899977
243058910
244173253
1406154931
1420920680
137479479
167991550
266214314
136687483
291990886
276295612
86811329
306925227
1327062560
57207043
84944725
911750514
1320764616
1315550268
568675370
443074286
146530370
605718593
287905224
243826126
1180572097
303620612
195032383
840823760
1024618022
1158771546
192395489
829597628
84374390
991768687
108729979
22025680
849433843
396959471
186495009
1049015064
262441785
714977894
209089954
171275525
313681117
254700016
389855616
517142222
385088512
386770759
989045845
336095026
175241951
211750853
894340832
194318087
52541178
875109320
240897537
216133385
301851325
234829806
185223366
231525626
549758069
313571042
115518362
140562239
132935844
30134851
48774118
842622973
309822558
378351130
827592013
199046433
621367563
337945312
176617294
197311415
199022942
713480406
198382566
371049606
231446912
174959562
188928861
357556980
254559161
168959241
395757737
171965801
138464607
211262607
373189342
446408297
240991747
219809490
194705343
148104005
267161826
314048327
175157387
220016229
238817757
301845899
157817292
213107441
176965697
