808635706725765121
761311837287804928
278665315
270098601
88856742
741526786840760320
992418636
723638711183917056
723163563666358272
709509035045818368
735520777
704025855530561536
47027599
4622607453
3847321217
247332697
189384949
514486573
3407415646
3360725325
1283955590
3333833950
126684976
213927068
156838396
3199702726
3153228573
3111883587
311826600
216060292
2941054810
472531402
1015248769
357936821
240618293
2480205056
312039083
556165210
129561901
2470397409
2421505743
187182085
2253160137
2351809763
231297446
302753429
947022882
365112624
1437349902
1122625364
12569362
970844088
1183743198
994259472
197496397
264400394
40661906
841901395
198254605
63250815
396664914
271947316
376356408
141825707
138140138
