1694364757
815712741805748224
264403098
814925747936706564
304791498
284176282
1129978543
1711377084
813848220409491457
782803770690371585
3032839618
813041417182412800
813009030067134464
812627296368656384
812466408604975104
275224788
236839363
811694513471115264
811602309188845569
116544280
4572495148
2753067580
810992717127880704
2436356700
810901931325587459
559949905
722853644
448400047
810142366090854400
3068008631
809804334565363712
809756196710285312
305170560
803388107307581440
1415800292
797166236568322053
809149045650423813
140224904
808788390795759618
2737377935
432881425
808035103133892608
246607801
400237554
237298661
195874159
203925953
700457353397858305
212447656
807388647393792000
528847441
731243851424366592
807436078194036736
804841531
806959994251919360
786309813462597633
806669531166937088
806346819055665152
780435402171752450
806316630133325824
175911351
802228251217301504
806221674362368004
202287372
238647786
356322203
805949441526157313
805888033522327552
805780366900465664
796814927205953536
805545285556596736
805577198426066944
2956982615
605616690
804758450613944320
804649858967736321
790021855956656128
804110069948366851
803672277149741056
803662242160017408
4719218176
3073409872
305889806
803423885496647680
802982555049926656
803162422513172480
802672443961712640
1083559212
3344517999
801567528589938690
2674050416
2961174443
2892694703
801517743145160704
801269931237146624
801264974911963136
801243791550283776
259505630
1663264801
798879561505239040
776836471
800568857345728512
740979220097208321
31586776
1963445851
4561361652
786758290399174657
800058894781448192
2428074754
798763407507791872
799456992641347584
762133307349934081
2901188992
2252519803
216968051
798603841889599493
798718990428336128
142954876
798566712123813888
295504427
608689211
233776944
2424721330
213161838
798337095542534145
72658133
798315443811479552
797931805550710784
798244763199750144
778679405140779008
744173913018667008
798043194244136964
255588985
904253694
773341162732216320
1137480404
797637662651846657
3349552701
2200604653
766821161049133056
400371746
574663684
716852061099393024
288818376
1382768845
904236912
797054066299994112
764649939431481344
1395968334
796600108620140544
796582031807442944
204975744
721503713425235968
487094021
163660396
749653338900299776
721675736088715264
891799536
796121186803523585
1945473048
1383176623
3837279557
792781932887150593
3408829175
153986436
287408392
1228003466
757428290
771107662423613440
298124590
2497208489
874290182
794963798553718785
856622515
210241460
436093906
787353517040275456
3148000090
794013184000688129
793960703191379968
56816314
793677262335930368
785221067258359808
793136234755395584
271205416
1188003889
2721868710
3198479068
780119939466354690
792419302192349184
792207548363448320
792114322235207680
792105885279608833
791439748866998272
2465279308
714951795781595141
180798331
191706338
721340793
191484129
4190602162
2451813114
705562063259697152
790345617721659392
212247369
3199217554
320783811
1669196700
303467223
285778565
256183441
590243577
2745841615
781262443775393792
789422434558603269
789286347097927680
789182862339678208
1049174132
1328279905
2334367092
251398803
191262228
3807920794
4223333247
4594366457
1673754980
3257096709
771698333144510464
788233454152331264
761716741001113600
788092591686422528
788070637789122561
3087897573
29633293
243474973
787531704340733952
4065085695
820887554
786747105226424320
236399167
786675426513084416
587050629
283655852
785318948644524032
1849568532
786266534234714112
234001903
762313836162580480
1383284371
1446410299
782348987353489409
1639455704
3363396285
711961091740315648
785903262415384577
3379108977
2804987063
784129406180683776
91756625
3418773382
785596852771000321
1631325925
812090678
4400540355
783745583139913728
4797028757
3033894199
268006408
2483084331
4594660815
784244754036817920
587892447
765738620930105344
771037373031473152
1111899444
770751379379982336
3064259152
783849999696265216
222652055
778275668182372352
782731956756897792
783693984371712000
1597520426
2865559864
2742362077
783247078831099904
203722280
180226026
921845804
782012675769430016
780948860868915200
244745621
206506293
781301645149896704
2783317085
1245233952
764223129627557892
752335690650746880
753682073475543040
269049786
768576405575766017
1022776802
3115355063
245947255
188370311
256780355
170093053
779054285728382976
603168922
176260945
721910463840264192
778760561676972033
1372948717
270109821
778635541499772928
778471096316141568
166009633
1279496420
778343844056211456
946892719
725074231357235201
240906869
777578583011098624
777382221607014400
776932907587960836
2335697550
777046151262461953
366315653
776865729727651840
776940354998329344
1836145112
1239985554
337823971
452454068
1157948394
776189029729599488
1613581140
244309229
3374589971
2979181061
775868518722113536
775847736050458624
344768104
2346060766
883497860
504774253
195485929
318064249
773540785723768836
904887860
521526568
1083553290
773243007051112448
775140594196815872
775115015108096000
768267238239526912
773238915662770177
103630214
774805989086392320
2254501536
772878110400339969
1442386171
774398402549260288
235229120
4175529477
223510808
620157473
773894135271006208
773854168851288064
773713316552273920
760902616893255680
2750090493
737358889516163073
773280288642326528
773345842220699648
769369222656983040
81929789
772969779611205632
370777739
702865397738033152
290520026
772481329317318657
772278925544267777
2532078267
3373311347
771822869915590656
756508552550809604
2439540283
2243117552
766702081508044800
950604008
3429340078
621919247
760121450279923713
2849895040
770075083683532800
219144395
737687132056223744
722257293392392192
2599209613
770386578900418560
767532318542168064
769592956789456896
750331873692377088
769267247722426369
733415124778749956
165263798
768993255568580608
487975401
768846613611679744
768256762327818240
197141234
493540171
701915529158770690
395571407
768243128268718080
307068532
291476787
768056441701818368
767949079523561472
765717480618754052
1087645176
288896886
767483680004698112
767125069009125376
767119356237062144
3077514873
766737301393158144
766301509541851138
264981767
766403476310163456
765948147675832320
284631601
479785938
722808758972366848
3241345708
311093703
716023667587682304
728030262173564928
752764552488579072
168545816
718598034121236482
765519227965104131
765280015416168450
765280681291284480
764871404634316800
764683390473891840
2337212803
764288302153342976
760550790272524288
223882541
323334122
764092870659870720
763946036125507585
763903338463260672
2294667704
2823854416
763761922525257729
757376331902545920
763600036307410945
763520814914338816
715404665
3751095209
548794907
763283411322728448
3077929167
3866901497
2310994278
2374678805
2458579431
284827956
1102695421
169735457
721687258055753728
1127030197
3291723164
1244937073
4915042119
3405924807
762152702235201536
738196062662451200
762011280852922368
761947929418539010
761749863331659776
759837349706604544
748708718200680448
2616012013
703756325872930816
735960955205648384
704319778245230592
761298284514271232
721725272010145792
752484355054956544
309689269
536576194
761074145308217344
1359660582
4152156441
1242256057
760852936008269824
741838056156696576
758350722085847042
558734147
464395129
760613093944594432
760556010972983297
3590548823
3125098497
463399617
99811934
760350625276256257
882734203
736654624447463424
735230581206843394
3462993012
232865923
759972596523737088
759935763878383616
759895816953704452
198626754
759832334317129734
759801375496679424
759801114963251200
226692237
783169950
759478702073847809
759444646661677056
177665779
749515367911948289
2472892289
2165255570
2289025104
755220772529004544
232857313
2242757343
487032085
758529988622553089
758494603079258112
711315123697274880
756308747857891328
3416472017
750190038210707456
758124200724795392
4462694433
182210215
368478912
748004720715902977
756057770865074176
1058404596
4892027945
182874015
2960742417
391544927
747459737160159233
757752399796645888
757732968446078976
757676069159858176
757602360134922240
757519015623397376
417157387
576174988
2735666555
755789626388975616
757059610356375552
756858821746778112
756945059258433536
705418925845053441
4012845263
735478557359648770
756647092261707776
742739988509495296
756376228903411712
753249166411894784
179360231
752405225697320960
752542250052227073
4153471893
278312185
4143663441
755773086624915461
153159796
755608485996265472
755558893816647681
2233214244
3964762043
755471739618856961
3050729861
4874880298
721866311882641411
2793478739
1640891539
738011247547977728
722627797961859072
3288434368
743578905051828225
572292329
718976911716806656
2957768975
1642952521
2793329884
4870778523
1908274993
733839117717495808
730931556664127488
536385514
754411163748864000
1184247685
3119916388
754166042121732097
599297624
159226096
3316359730
223582944
373022761
305814179
739321717101826048
753633572125376512
3337742464
1378163377
119279028
299861510
721765896813965312
4417095321
216413970
2743246318
706948085587513344
2926213955
930122383
384902628
753055895903494144
737999049807237120
752980076287791104
222866558
1433398855
989496002
745129100071731202
751841557079285761
752840148191150080
752681530628136961
752714939773648896
148341456
752635506714869760
752342082874904576
752540763557330944
752194910091091968
752325136209018880
752179945821077504
726091232326328321
751982583169167361
370796433
308143143
751402006649208833
18316665
722960013363388416
901903621
840887749
722176998324486144
722144503109394432
1256026123
1253221464
3362664947
750798960789446656
750788626187972608
750372037357629440
349796222
342892916
556294270
2774008709
3331404814
750212445092937728
750205400427925504
1556185302
742170738065604609
2339113100
750042761844420608
4151624230
1409101610
749762150898425856
696076117313265664
558366626
749571699679567872
713025994232360960
721838764763447296
1325607445
229657691
737035661996400640
273665338
1710921067
2287074787
1167750576
4122558256
2874014670
748534187104305152
748343560420851713
335521838
714932182805032962
748283567730397188
223446201
747975596957966336
717778415475097600
2266012978
3303823731
1263480534
742141480123392000
138554920
2422342118
162959542
747554326902603776
404966996
721423170998288384
746730620865306624
3301318150
739307630951305216
746476784112238596
746046603417522176
746402461439639552
741396060015366144
271622788
745877567639519233
717930373708189696
746108170129440768
568661299
1662805693
745988686106476545
736973618886889472
745866797916782592
296575156
745781364310474752
352783103
745369365021765634
745349011834552320
742810061194596353
802846165
2790505942
722483149918375936
