390999125
816149824290619392
157801957
736289223498727425
815958367541805056
1319001781
815785278111617024
815731687191625729
815728814034743296
2508266934
815571224914956288
36894575
815339971183837184
811336312863227906
4612767083
804047691567235072
814932009118212096
814865445706747905
814646076040945664
814645307644542976
814612651934420997
796901200419586049
159209710
444389892
112438860
748202936119988225
814290227812515840
775714948303454208
809171118363963393
814120687237529600
813998247429763072
812496217280221184
347516829
771156105393307648
813766090287415296
189154170
813735439983112192
783694179872436224
783718686989422593
813588240305364993
813585828043702272
808018083570970624
813467989655908353
813183315226279936
813148142833123329
773183600787423232
813105310902734849
297646315
812413526820225024
812326563022798848
812313115656388608
864886478
811957148376858624
811935776716034049
811758454452973568
811692447814316032
154298839
3436905892
1547194886
811595370073563136
2615897905
762872191876603904
862250798
811314395611623428
811311134070505473
772474555164004352
811296405671346176
2975668187
732930077692952576
811022805701685248
810990444419158016
810938510563741699
810899020180836352
810821347442126848
134613607
95952748
810746871295737856
810650031057502208
366345132
810579446642180096
810615043071082497
810576637083480064
808131139487592448
810419163395223554
503868676
810240224970338304
2497437008
810144505278169089
787401388934520832
3437000596
809909957957189633
809819153410490368
809736361972563968
809609172182507520
930260910
802716474376941573
809557039286550528
3485549487
809512228802199552
79640655
805080138115416064
806888524351938563
809424380472229888
109111442
809375036083761152
153080709
809249525185519617
809242778404356096
809243907217297408
799305349715165184
809207127634038786
809205268068372480
809182340907991045
809182056236326912
28495280
186651681
1089820831
2999820589
809036714907930624
53463972
809023102374051840
240501678
808981070788042752
303447341
178017310
798546545306140672
257655935
808819563567742976
808747463788072960
808776829070876672
808679625123627008
808508237301563393
808435197687562240
808408212684898305
808405714272190464
808132023760125953
808130920108687366
804167424241242112
792523124596170752
807762030765740032
807705383565410304
807643297867038720
807601236522442752
807483802121621504
763145666696708097
807414132542566400
807408395456315393
807367634857721857
804858587164065792
807343865564983300
806610889235464192
805890278406180864
765962294681632768
807217699684253696
807074924024176641
807042385989537793
138944925
2363385694
109456412
806960176695832585
806945962295984128
3025037554
806631128803188736
806819974933258240
3620583809
806728914831712256
725874958430273536
806668393461989378
806662497004556289
806629265617932288
806474860058775554
806337453774794756
806334395590316032
806321776842174464
806303087413653504
806226458448424960
806215725652254720
805952916729298944
805871914560450560
784145404095041537
805639606641246208
788123250769342464
805608577272598532
805598754166476800
1664178541
805575311459053568
803353944747450368
398098299
805530012539559936
3096416289
805260451399532544
188811870
721539236671983616
135146355
789174965224427521
805111506241277954
845620489
2353071473
805025102924566528
336678454
198332094
180236959
197248834
204187840
293881605
913389812
1149198577
256096636
3702921621
274340416
1424672334
804377810580148224
803499014616416256
1518020790
4865425948
804333688553086977
3545880435
702524234082476033
804006626629976064
803795242231201792
803782356939186176
803773401244569600
803732204895531008
803625578838552576
777451641855442944
803396486507724800
241596015
995177216
803369656400617472
766618669413724160
803081461901520896
803079063799758848
783887813381091328
803046846650351620
578543331
798752076255805440
721081194578894848
799221977370214400
3336858395
802644856657027076
802590056175337472
915525212
3071394803
802462406349885440
802295466717224960
801986635600658432
801184826959261697
802159099433648133
801979012549640192
801930100824477696
801910980775186433
801888719515033600
2828944086
253310148
569170689
801374378424434688
801244923546763264
284690125
2828137790
718057829547032576
801094394099204096
797609515965353984
800891250576674816
800833906278862849
800828352357666816
149259073
298216777
4470755116
156793115
3363277587
788864393924734976
173673676
800398370812542977
793163711095660545
84939155
800359075800154112
776636702
800088529300664320
83897674
800136427551920128
176176778
435139263
800074215399399424
799870843505541120
267394456
545605375
799664310129598464
174763151
799425668039802880
799320782073696256
799278160575692800
798389200622067712
799124156923150336
787172929956093952
757341966816387072
798668317007482880
234547470
182682863
789906602132443136
552254183
2546572724
2290752206
711906884438134785
798922810852802562
731391005719728128
191174742
321678515
529752050
515664529
299149271
798617619515457536
798613785678323712
766086482771705859
798531847110139904
798446390544334848
781559552378540032
4322580443
798146523909541888
796548266552946689
798007154917670912
797980526862798848
797911123571769344
797856685406699520
3326851282
772125288008445952
797604180852674560
797439513819758592
797288130168705024
797262649646059520
4836059113
796244300526997504
198601676
799901306
796831692493307905
796806167343362048
3582371061
783775844028284928
793630019138494465
794688799687274498
174030767
796482182369918976
732290710557339648
327691663
129952225
966736543
282211457
202355003
796443496639037441
788816339276337152
279247125
796040663288737796
752614771942428672
1167652411
720677265038831616
783334495441289216
218316395
237788031
794187811993882624
795366055803842560
1107114294
2716750467
763942166951440385
795105725395664896
795028060185759744
794780891293814785
794909752920834048
794848651013222400
794700873792421888
784526603716009984
781293458153766917
722073601529245696
794554317449687043
794540070577512448
132760332
722895315272122368
794231073391738881
794183254119157760
794173693018640384
310339843
212035977
793589958426652672
788359544187609088
739937382074580996
793286388632391680
2495771789
99706125
357147241
792846271392391168
792831309232087040
534769005
2350538915
788944967637016576
792390481040793600
792186907895750656
792107600766697472
792089658633101313
792075647078305792
791873221637398529
791811138249977856
2447534815
791672238277885957
141693165
791448515515936768
791449773857529856
791365460222734336
184912780
791254652218204161
783508788766801921
145416941
791002000464941056
790949176007884801
751816972229312512
3356036061
605630146
790321769873833984
1383244982
787101988089626624
782964268954247168
786945923410714625
283996038
271485178
1060903549
774663136834183173
789309611719483392
70037507
95306091
789122678724632577
759490530434842624
360242080
957607448
785672039298375680
788410265905790976
315619360
788565199703900160
611980399
788170357328994305
42714902
176548132
734781306169634817
106598193
2897533355
788167280765112320
788164996400381952
782787090916315136
205272430
123469091
768305119158951937
788002033748107264
787944337573314560
271785590
2305817006
2581344181
3003817035
237765452
231483093
216416690
212320131
165623139
179228266
195987243
1284944965
784808424
3229835470
787836562222579712
3100487716
1868663288
37429916
779869848453074945
3330708003
787367918749220865
787041017614757888
786877968090013696
786696313647796224
718611593328730112
786441237075197952
786424741238280196
786390579085185024
786371772631293957
324636727
600325927
755406557450473472
331122653
803523962
755619519184433156
775148318619996161
212706307
4115113648
774676003
202824188
1610762936
1551383245
731493221428252672
785536228523438080
1631179088
764895915048067072
204905129
785207222959824896
787996386
756318477665828864
784891627525529604
784851070262599681
181679056
784790755944587264
784769330181447680
237097052
726266317519642624
784181262944702464
1894768784
300984863
871559774
768176400520077312
783904155362623488
165479617
783494240970108928
534668711
748914713547960320
783137591063379969
782955507740995584
266346629
621297369
774334846575452160
750663365702344704
2876606981
782960151351463936
782909468560547840
782754044230135808
782694418234998784
782638903706517505
18545520
723501029686431744
2884584327
767938758679429120
337873328
2845162848
781573463194624000
781545552513273856
739815621777575936
763227567495217152
135374192
780812108988420096
87946703
780475723731591168
777216229899702272
780225433254133760
322847441
139889803
780126918238728192
779785338277466113
130262448
776857637812076544
753305040824176640
1112025998
779054285728382976
779362785008443392
771421834315198465
2267580824
778471096316141568
4525097001
753271308281085952
303573460
778117932291334144
777622884093132801
777897361184006144
1545895490
777549258211942400
2307365654
406545486
57016398
769241217389518848
776272663547355136
99832444
776088049633595392
775612280000184320
235577695
2374137156
775882088771940352
775816501924401152
775699939896729600
2569617576
2172841264
2903836337
775387840888893442
775384370433630208
768830347312107521
2446486254
774769561715474436
774661660774690816
724379673149452288
2732186364
368504236
185239683
734610539544973312
2156026698
773974304639844352
4866562487
773912682856640513
331444515
4827828535
952991576
371328137
402803632
1898612671
773499854874181632
3020863727
767197776413425665
709805556194791424
397681936
749792445513293825
773150293748047872
160695025
191105805
3573057263
773346414218907648
2166983032
770314422128607232
157419144
236965654
2825649688
769010895175421953
772593032688467968
3362852513
772509444798283776
2823228929
772536761755004928
740124342319779840
273723177
758322447112429568
771819781649489920
769794977438326784
2573567587
2198362201
771496958846504964
771430704202846209
236571694
764063245292412928
765995562235785216
266349062
766702081508044800
732241223336005632
289387761
770610420600172548
768558490126159872
770408440485253120
466199266
770354415928766464
770349502284824578
729129708219187200
2341875358
764350489924280320
768592887193989120
767910305930186752
765018739871997953
769989855069794306
759540718713073664
967399975
328469949
750524978290954240
3199349581
767724704228528128
769200520196157441
1287162229
769113188277321729
762700732038537216
2449703494
768291602821283842
768634278158733313
724051874
1268682632
365168716
704286253039161346
767901133478264832
767817841722744832
745090178226790400
350332894
767581474962939905
767579612188647424
767545403201953793
332496277
767358549735436288
767120472202936320
710952921442209793
280779577
213409603
501353969
709053001730793473
766696035334909952
754481755437068289
2819701229
766469240371179520
765942901528461312
747234375415246848
757616902403420160
765901267919052800
516230713
765239574981378048
3372962231
241526212
765337441549029380
748725105862279174
765185517008916480
43126713
764943890470301700
241137019
764796001085513728
2391772508
229145430
764547339474313216
764177870143062016
757602360134922240
254699963
764097273131311105
763806034314063872
762357374455783424
722583075016810496
748312676338663424
763522819904921600
189546926
234595645
550678544
2880056574
724171069
763367410372075521
763001174878552064
762985835931328512
762869812217323520
761026311540178944
762734252693872640
762433054342205441
762401674916929536
3149078084
212729310
761916348867944448
2291421254
3302679621
357129116
1092912480
761364468945346560
719580954591961088
2294568743
761170341402185728
829826341
342201866
249198719
2759659953
226774172
2639262761
221782572
2148018403
2440191543
725753769267482624
760924404134113280
760889623186903040
243002169
757062140712849408
505892551
4819416748
760105365291827201
759991831585255424
4862368677
747819357158387712
759487077402673152
2889930657
759204011924946945
751994731878617089
759072347521478656
721868436515733505
1643820378
4202552061
758768923005386752
739662205080227840
738721898
1315679138
755474241852760064
458898521
758481066235691009
796252014
758435398687285249
758371629059670016
206920303
52073129
758136327598641152
308636537
757996902826774528
715949122428211200
757950741814312960
3122912133
2647492918
150126328
547304011
748364950062641152
739262668498972672
757780199203274752
214858041
956594334
757637083624341504
755521394750939137
535178157
188112511
65602930
1516613912
744904140082585600
4540223722
598745308
1329135966
742084951911239681
138042172
233740342
200297727
757533532688297984
186228631
290086224
4911841733
4438179916
207178497
3302282205
223840023
176951067
376381938
277460541
115743636
157752081
3296289152
68067574
4364505377
745362952451145728
301235728
756293636698935296
714580777611210757
756132892842061824
1539364334
191670205
122496395
755962504728182785
2947161485
124197531
716695256834711552
338546848
2755807972
132451095
488117313
187369104
46636905
283798180
187787473
702453987879067649
755594255444353025
755510456165470214
752924599596228608
4830869590
3403520625
87339789
753937430533771264
924999708
754860027614228480
725796100582547458
414383148
754724361492393985
754539251568615424
2847429580
754383999003492352
2743029338
194404407
449411446
753717045326413824
135323343
34153785
826552213
753760919956643841
752335486513979392
290060382
753427293775785984
753414901738172419
313641482
1857719618
372516605
753265288485928960
3158348367
3185269829
142368054
3351175667
753041015305564160
2451809335
353915065
752954456652783617
752944301718511616
554661932
727578922213363712
751271896302252032
710904827631575041
301156956
752507996983427073
746164733594734593
1631024924
1631814788
751275227934449664
750923008961830917
1639384159
306799634
752341879660941312
200560688
208662296
752335620891082752
515636171
298866512
587064149
1039827012
1290796159
63357858
2433719129
752324495797526528
266973143
752178836821991424
748889098362978304
742020265014636544
2249754374
751946597488025600
157475017
258427931
3514367062
911725970
991667245
747459737160159233
751262142410534912
158804202
751220784983576576
750915639443910656
750419923218890752
3380525691
750553862440882176
750507783410376709
4872782733
140900562
750448941146202113
160230878
750172183016660993
1694792641
750050894771658752
140118228
2545416834
749784533256527872
749653338900299776
209242422
717184781222612992
749316695987224576
706225752451239936
729123151188271104
3048238624
2806684774
748898425152868352
738372473918459904
748608910702022656
2821405565
308240259
719499042452074497
179119642
375848612
715644282812633089
747987630890041344
747957581558194178
4924406543
3346058625
91231396
2398352517
747455064453877760
121995238
747280506228596736
2508388145
747205566678827008
747178257250947072
182062291
196748671
960726816
746840053477945345
60716977
746524497801535488
736684796169093120
18811660
746461492590022656
1611835064
1604687725
455413331
746387205720051713
1461286555
1415864294
745837101384601600
745805398532317184
745798351501824000
744937226157625346
1288947302
745635233953873921
734504283538874368
745387808160890884
745497394012270592
745422410933993472
1395890827
269076707
745308265962143744
745104438591782912
725435707179814912
300858481
744971287492169731
743170907762352129
744868024411357184
739498769021042688
744665735763472385
615464544
303775600
146131403
239283538
744320371176935426
792766645
799421737
743997388151488513
2865170843
743957125781667840
743987238241996801
743617099147411457
743415476022353920
2866232933
3843604455
154410396
742473703863246848
739272595556737024
714543289664475136
3174197960
3087517307
743080210564812800
1651689794
2505285051
716319442200866816
2500134246
3051152799
742911890611900416
742765166849331200
742760557988700164
742714800497692672
742707821502976000
212330730
2880255372
4444071375
742454230443790338
742413373623685120
741471102342422529
742139596050468864
742132336674930688
742051245507153920
4855769043
725837104052359168
978956767
771046560
741556576440483840
741477011273715713
739101474224001024
4824010989
741115960258637824
275857249
1667958998
193500237
339125954
728241061768904704
3362331795
1979333780
741033918456008706
711606884374069248
1117533811
740988980955615240
301763124
4064915897
721490413127917568
732741251381010432
599320042
740487855659700224
609516725
740087926302887936
52631527
4925508017
234161597
4725953957
739829184172851200
243847556
739597299714789376
314084712
739269751747252224
153946788
739312546272927744
739292005558308865
739253972557533184
729716645015474176
738966701212110848
731309910055604224
733293072260435968
738164764572930049
738574138411876353
738188249336844288
735655601263546368
4833872770
729990783181393920
738363179743469568
738358931848896513
240067877
85828350
738016092719853568
202179809
737841187017662465
737832884971638784
737820364231827456
737793131089911808
2624485209
721159603271176192
3431053991
3297354027
341902257
161372351
363090268
732245215763935233
725520290000809984
736731296010010624
149883558
735587922179657729
790141160
736342009875734528
722509887515836416
736223363585212416
728809507120414721
734918766887329793
1398676825
735536762425094146
726475873466077185
4166770707
732533423185797120
730885537498861573
364583634
31964955
734832415118663681
734795401707048961
3120698290
734388321850380288
1016018148
707343273686384640
731960529737109504
734128358896881664
1158508980
734116793854394369
734097798056935425
490641419
556261895
599814197
733853462698561537
864743420
2848357055
733736144819617792
733521822713413633
733494221848608770
732928066364772352
283062267
733367114095038464
732967478511423492
4353844937
2410182196
733158432740626432
184204069
733112787719835648
4153605555
733107086834425856
66000464
279179539
3359420745
733020327459102720
387654534
733004990009204739
732992329032867840
2750579584
2526741946
340695334
328789090
478329799
732976952173285376
2258370469
1030791032
166689883
4729035676
119975471
2767632075
3418143219
174132173
739259118
220541430
3451884676
2776756366
186539035
62440289
293170452
238316420
241658395
3897512427
721701116719861760
732853047743938560
3427202081
145089450
1619340114
2822429106
418291744
3040895025
111390952
309767276
732692638906916868
134236532
700473411160551426
2527772850
722186231010955265
214341127
732275901937803264
731872493888212992
732249958309625856
2674536781
732061164901961728
728665249340137472
732034794670968832
4880392863
731504536477667328
731901022751363072
731844498897145857
728683559754567681
724091382550433792
730597784534065152
550106093
725523781326917634
731377252395585537
724684078843342848
731295531646001153
107157364
1058310830
179800922
730887587372650497
727148588665425920
729724714906755072
262197737
1277145980
186238236
726843803668115456
809301127
229502027
731086713351749632
4122356182
2376033356
2873948637
3422034759
730257017567318020
730529086280478720
730798271736729600
730772330666954753
296954011
211704594
246042952
2743560423
721773695967051776
730464609220608000
730267519286710272
730262227350134785
728263402720776192
728322933811249153
1093280029
377541687
4736049797
333765246
729662680601088002
729632665062809600
729539070582521856
729520671005528064
322844415
729455380741378048
729442247910019076
724934345597788160
704337637801377792
726767158349455360
4182339419
729062123515592705
838046905
728926623169400833
728806808148688896
728660357699534853
4852068569
728610341534507008
728387734906245120
720829487877718016
721059216119767041
728267516695461888
725500869962248192
164155066
728000381712773120
723232464483708929
727970118618230784
1635166152
1488253376
726200258993217536
134255998
65213360
2236537357
289180152
440409522
725770296939151360
727272484576317442
242514439
172770347
727207842449600513
2869726304
727174858845655040
4875581135
4497228073
724664284760944640
726886106755641344
725772821633232897
1641340782
722202964815912960
726602264585101314
2593447366
726586284030976000
726580857646006272
726573052511793152
720670449609416704
726241036830412800
725748963777761280
720032068982452226
946413828
753919586
725891053476282368
725789179150479360
725020081860796416
484050879
2508225460
725536563459969025
725446476051173377
2450323626
530792679
721147483619999745
509734317
725140987736145924
725123241254248449
722178534920163329
724741489557905408
724776887575257089
162900782
724770183873699841
388020350
718694527637274624
339902228
208866059
724306170517835778
724637793826250752
724581346836922368
279431443
151239623
358934456
724413914352607237
3377931286
151577563
4920359158
716658861340495872
192578887
722446010614681601
3252762449
721822626671431680
981483086
1508462095
382685429
40076370
2307591697
4852438035
4831308585
1342983780
537330862
723635309779533824
723545464411439104
723618595037655040
723527621674414081
723512315979636736
723523453110894593
243838538
1180485638
964327230
723483698352521216
867264684
611633208
723275737470525441
723346962297294849
723352101494112256
46948735
701891227394957312
603817661
715458563
4843565651
2400473531
327773954
570336667
2466152087
721509483621576704
723253051100938240
251214831
4861842953
722073929922252800
2327436608
131650875
449472513
722993244464930816
342249518
150511359
2413045050
698690152730914816
575965448
222605432
197467964
1651222141
41447736
170912583
223997378
722919791418335233
1403356608
2825907393
2936092409
798899316
415827377
722845778289561603
593905790
709923934649622528
722811548704616448
583680845
722211543803408385
280183507
296871250
216320669
721853617586749440
538673296
2549468945
2771865011
273167984
155779647
3057714028
722619201001807872
1393646497
152489985
525851067
711928169767550977
3203410606
415982713
148857721
2413378832
720259460631900162
694680613777989637
356558043
722267740694831104
1321203822
722233401542066176
212838754
720763845896192000
229856433
246624831
722137477130100736
722129071816249346
2947828073
457043437
454268518
722092877690597376
3087534982
722073624455352320
722054087513108480
722047720375107587
2726984214
4288386629
300249746
719624199
3146436862
721900856052969473
721179390458077184
3194687362
703326654500892672
721883839736496130
3416441608
345420610
282411084
721846028773822464
2284558447
721822734926393345
721809237261869056
721820485919617024
718239269739958274
3315828293
721758832502902785
560838371
718087636393574401
721739097107210242
295772036
1609706605
721728649414750208
309822558
4871888099
2923628379
263475049
721718008708640768
1925855592
721523412322095104
721706433461555200
721705183701557248
4396931019
721686892723441664
721612786103672832
721571927136079872
140179216
721511831106424832
2679365302
721506532341518336
721501014453534720
721499622628265984
3134242977
3357917422
721482703825199105
1411521002
721100551778340864
150113074
2963377990
721010455125303296
720862206351441920
215871186
3298704886
720630107623333888
147630079
235286928
718541404646019072
2205675838
720270921869623296
427771194
719971878635507715
719959672799801344
3022793470
719638204798935040
719575392022097920
3198479068
718155129917214720
163723018
352802022
4430883262
719029749243342852
3404900825
719051761202409472
439959343
718652726306021376
718515420563709953
631682623
718241150428127232
2358559723
1390684280
169980946
718121641541246976
196406246
3312437187
711565475126382593
426820164
717719396060372992
1391875855
228171226
717551864984809475
717459429420097536
335074806
715372936815910914
716817277417553921
717150283957211136
717189665829359617
237757256
416450163
706163887645859841
409732540
762819932
3225700461
716993268463112192
704635910701387777
751418912
31151874
3882229420
119591744
716666621608255492
3092062344
716411957746745344
370465467
716299188003336192
953634745
213703196
210962273
716074717262843905
353778935
305211720
716020008598519809
378335079
1036150266
715798042146955264
74175695
715711045940064256
715702761439031296
715693752103407616
361233412
972768212
715546743220412416
1535702773
184601455
4871024033
714712392031141888
4900237198
185941929
376469059
3435576826
714253225650565121
265521899
714162769457754116
210538986
376784216
545178712
2478783787
3438517258
2957924848
1463640870
713220595786391552
713205150341419008
708138338864205824
713083344649654272
709346510232797184
177852719
712300846411677697
504692049
712736293004976130
230547480
712668810994704386
3084834035
712317073280598016
712161502149668864
3350883639
712000834402279424
245927251
181232005
711924996994691073
4427948897
425390587
137700108
197052134
710632661686030336
2855612404
246533925
4086401956
192641785
1092939422
156010515
789981386
588736097
710575068728922112
3468562887
1378376708
338116361
2480334980
202654948
710529842937253888
437786472
488084414
271510857
709917340960428032
201143919
697827551109128192
3373366677
797244631
1450284536
2690442710
339797297
704780613400850434
703200396613824513
4778206233
141291114
371836589
616800153
202867002
709757171924377601
2191083960
249750855
3198032474
1646675646
1131499375
709611186824867840
1686621452
709414528933564416
709224456670081026
704117562225856512
709157552676872193
2604141672
704145207172923393
779057588
708862004832894976
118821743
28144517
3641364803
211218895
234044185
4061587870
708145542333898752
14641893
83218279
707352079828918272
4928078735
282683481
700740107888820225
190360332
312757089
1059088184
1055184914
2563710015
701230294586806272
382810697
4720436116
189252687
457034741
707640476384501761
1468713218
707426108153712640
702258703395897345
2737377935
706851836024774657
1344507968
705262048247226368
2802952642
215758044
706200762939019265
613037601
326000160
4639277421
338429533
899942629
302177934
705874015089467392
705062393404137473
1891990772
2361458530
120209236
362215344
705752571856691201
1117978999
1639562077
210845610
3122763471
705071851417034753
705045561758638081
704982060344221697
704879165078708226
274718598
704804787171237888
3089067538
704776452202471424
704459481518891008
175774637
704514470433955840
704469697513787392
704465138095628293
319406823
704054740309692416
162198126
703753404561149952
701248451519115264
703334659279687682
271105511
3351248944
4266306124
279309615
524923702
3431792357
818751218
4483244548
720438463
702178619079188481
702145063036579840
402487130
2974964200
699013229759111171
2946541976
2370843823
701927051402596352
701853689124884481
701812138684317698
4891711797
701536127484895232
118379063
701181740623204352
4915677935
222198602
700770913109803008
4871842367
4888929792
386208372
700354576424292353
4928181659
4899243232
726762043
4924846505
1421109164
3177767867
265002406
335067685
131065605
2348639245
116882424
182838252
4876692525
4919923432
3377998355
4914552094
4885452171
4914702239
3682495636
618752672
154287706
3921431169
3550597935
3053767732
4004579656
4907298801
4907291356
201379265
4906041623
2446546326
4896488716
4826632416
242732995
231561044
4827688724
1116867068
158927467
4899988439
1956535214
4895706976
570970238
4831394379
3427042811
4886574995
4591818449
408976724
4889854528
255493153
4690802359
4878033693
4884630586
518867299
424696950
382760514
4882732402
4872004397
3082068834
4879376363
4878809559
4878024621
4862420822
4836137379
4861720279
2218714519
3290394557
59041235
182572333
3912492323
4835710282
4874276871
1710521929
359457128
3520005743
4872820019
4869606911
3108356037
353931460
238729315
1529109984
1260146882
263315101
4870640669
2828817980
384307654
2305170373
4863874805
4244774727
4867248621
4867224375
2307362850
4712223256
1102405236
4866763852
387379412
4848042983
2778974160
937088166
4397487887
4820040232
4734713632
186597930
274286111
3386820514
31878918
53128293
85827072
744067812
4138254525
308001479
217650051
2399043932
242807558
3164758053
237004864
4830194139
4845936723
2690866791
4740595102
395896797
551293243
123596610
942352231
63195082
360716949
4765325301
4851112209
149667830
4848921399
2782468545
598719915
4843391703
142448728
353473771
4529346317
197295646
4516175015
210138662
192995524
4844504273
4817044407
522220455
3373482934
3367680881
4843931885
53080750
2391734763
2891561295
555084836
4835883713
4839081447
3295794487
1653472086
430010794
2448554461
4835634989
4835309333
567782699
761612304
176628552
2201973980
2815775350
295945142
4833150527
632266997
4831436931
4831236611
237462106
900663404
1321440416
4828790363
2566802100
4829898863
2950706374
4829242029
188510295
4828222335
4675639100
2479417659
4824097415
4766933935
4418618295
209184896
2731859595
283298640
185451434
167681536
300369647
4824011907
4824163324
4806242319
4823859881
149337894
337530046
1465637082
3242328603
4760410875
4821278829
4821699495
4766477923
2960861769
220567933
312229231
248485241
4101824422
2979000942
4765832240
4505898076
4552426216
3078928531
2617756956
4769251223
2727740643
2620107625
4814860563
4105824449
2840840417
4559961629
227886267
571829887
171322566
3026483213
62306025
4720982661
150765604
4805067628
716571265
4800760517
4799475131
791289242
3192836596
3037158521
558426366
602807612
3354070024
4311604228
3245983979
1149197156
4158182727
4716394708
4144504317
4770522321
206275129
790323752
1042977668
2843639542
4737100721
580200373
184556805
286757267
935483522
217528703
4593341855
305346488
2843870283
452969623
194820689
3429069316
4745817983
4770800662
339341586
197931640
2359705555
84168019
2516238676
4770467416
1922310642
4280933849
979302566
199928926
1426788530
788410333
1059274681
4750148541
4746014247
1706245212
2615606936
3363316295
860252700
553971883
211550261
2959429359
552197432
4728967043
4723935378
4735818556
1613181344
3383392330
282465763
4733964502
236882701
2231360829
2784063191
355076751
4730993542
374332431
483293367
4715401092
395665157
4728627687
251488623
1636225574
275262349
4384834282
3007017986
2948585915
2431382616
277237999
603599323
420440115
4710033441
612139060
305197491
4563612808
4707504635
4580835753
619345691
449134059
4705312825
4704431610
4705227950
775069334
375906174
429527241
4689895880
164086638
3411564388
4259904934
834418303
148239496
4697251939
2740429535
4697403170
4693934660
2453749492
4692070213
4364769269
378876676
4691259997
1205305693
4684806702
4644308956
858892356
4657739663
4656295415
968370668
4529189728
4105806382
2453364240
4646424317
304214655
4646949604
822492829
188121947
296906809
4632558503
4629297017
1022601138
4612666154
4281197117
115245673
4617152428
158987853
2463642282
337882610
4606252221
209812462
4575200715
1403751745
4547232507
3128144280
4605976173
32994539
247457276
4212384874
492764863
4600239496
4459847241
200678713
247993114
4588630648
239176980
4585331381
4584849495
4634844013
4582397679
4485004877
3904601661
4580491281
4580201482
4419370227
4019097928
3323268186
3008221683
4570711095
4213973483
189552044
3392094851
198372295
342413518
3933072813
4016367792
835803457
2807943725
3070293358
4563085155
4559224593
348481327
123361483
202254638
388167993
4415741505
3886404922
254629137
4147818374
202658048
2838779867
252235651
1594876668
3074889053
228806430
563083020
4520329516
1972926547
447499683
370468811
2364010827
177266884
218535935
239449678
3887399673
2722915049
3287942213
325822558
316581904
3430890267
1031375779
42666900
233612337
229342259
835797174
4439655797
4006652061
2495220558
1561414777
4461356741
499495565
4399439206
4421860103
170470085
3773777483
75354737
930586968
2267719239
977527405
364955992
512601596
3106541392
614409377
4209707361
121797273
4526873537
227191681
4527429081
3366419499
3309940491
294290982
182569365
2570924462
4516900042
4441423295
223262378
4313722697
2747215068
1489224384
136141771
254543642
256769589
219346370
318766066
179250202
163290584
2437868741
216774166
2828753730
4361355142
3177563518
2922342467
4496893815
4494517697
3328450433
96978526
4484110883
515868497
4477658423
283364055
4476607697
966738674
194367858
4366330157
248781740
2583349616
4454546962
557464618
164660147
4472147261
290593146
919558826
473258131
182178939
4395590421
1161517424
157561418
825891295
1382868037
1220201628
1594343431
64899472
4308285202
4223497335
4269631943
539684483
181367547
146673202
4444051342
4455738802
221263089
1940456635
4410319942
4451813668
4451783957
4443082637
4431985647
2183990823
2979595667
3006013402
2936778136
2954225993
2936731773
2986914946
2867853821
2956609691
2762565142
2938304853
2939372075
2986274379
4406978723
4440558257
4400903598
4152483677
4433512894
950411124
3604278015
4429223739
993744384
4354928116
3226906118
4422059302
203116704
4425576017
4378758862
343387883
890249599
4422871887
1169153016
4421548757
4421047936
4343673466
4419711736
1544457739
594166093
3919723126
4355435955
408031300
4412912607
225690965
4409023227
1859234155
4410895396
188845979
4371870563
452163251
434679750
4406718795
4404851595
862509462
1491726222
249208377
200915537
4265551299
4398467319
4354577715
4261303881
2467433386
129098743
313758370
263849088
4394379142
2787955193
129042189
150031074
304750371
175576202
4379155037
142746244
2636572367
171763360
4242750083
4375198095
3257300675
1327931144
4221964301
4320283936
103968467
1676680236
2983477287
4367871616
2288403786
539696475
312360640
154259381
3084892151
591537622
3074146372
2742121981
2336813267
401665692
184671945
228083902
4355596515
4355574255
406474742
4354680077
2800609698
1888108082
4349662467
200415016
3394375293
1558344494
4343523088
2900568573
3291446528
2617538052
4340829567
1254974010
573306517
4334901693
792547952
4124220869
4333752555
4267218567
4332074417
850215126
3923929457
4329124108
175566194
902519508
16124820
4299482302
172580980
1954936699
4313461875
3708780553
176914399
2722917253
2610489544
152708584
4309593503
4387507220
4303014256
212089619
4270239322
4301630609
4301218335
243473504
189620718
4298642320
270018926
4296648143
3912641710
234935372
4287834159
4286417235
2316590569
4280947455
2429454003
4279239988
4279063523
1641431383
4275270856
4275005835
1557421520
1657092565
4270657276
236565796
3537537375
9677852
3233952528
4266301059
4265589435
4252080419
85753792
440470444
378891881
1532619896
4254577882
268445159
402812116
118883570
4254168629
3173549380
3335933175
276578383
3226066383
4326904393
4237933185
4251688870
3610851143
45679899
4250535555
4247069957
3422880525
4244018416
4238484351
4305769754
4237504180
4236074393
3214203623
4234852593
234370907
4230775287
188596805
2988936076
801894564
54549228
217572250
2315217685
2585496435
4220570063
814020150
2624526347
377223583
2970138400
117180951
419229134
4223206036
4222747078
4222580417
4221937216
546373001
4220891027
4187099165
259306184
4213905388
3649192633
4010949268
4207135395
4210985135
174350331
2526262999
4206930142
2657118729
4201724127
4197339268
3513301695
1286710057
254392055
165730309
714771755
4175852680
2562631905
4196664035
865095080
3004328367
4195029832
428390433
197202440
4152594125
4189482082
3407543777
4188008199
4236549074
4186606715
3259237534
4172787747
4229741678
4174638651
4112283742
4225020854
4179053501
354575982
4063539323
4146792736
284560955
4174424889
4174409057
4173453952
1616251256
4102145608
2170524739
1250002213
4163904435
305361569
309089788
2351006087
860046134
463510136
214556571
4159110317
186121390
4157269660
749596201
3932425517
3846813435
228736214
496514287
4151033728
4150156516
604907508
4142529941
748188116
102654580
4061435037
4142460809
3474902255
4145374521
4169092514
4139693422
3384782056
4101102563
4136600739
220378072
4132410375
3428354547
4131975208
4108095797
37817794
605152770
3429923003
607775442
3000321062
163207612
226020805
4129680983
133257763
4150941014
547121943
289049935
4075866827
4127324027
3432191932
4121889473
4121920409
3226247639
4120452089
4120662329
4119192737
3730199662
4117048468
4116846370
4116027688
4115223748
4114264641
4112852056
4035280817
465346942
206948325
4108274614
4104729436
3416711116
726527191
4107014837
4105825852
4102533982
60972606
2274260517
2221672062
4101469714
519756729
3739770675
430908291
258903074
3003401549
3299994352
3392384373
4086724634
550681252
132866922
4072812856
4077820521
3399029632
138260214
287445488
3932237475
420820505
980655372
4069796663
4068891604
4050014542
2277209319
190920928
3388654612
4065779789
2911200409
485136640
172478739
902450214
3497677755
351227046
4063942336
433805471
1432016564
2279600957
3306054796
2324829716
168303725
117494630
3407603001
4060988367
3167223795
2451657254
2722691963
4057624642
196692519
4028336613
4050094703
201880820
3240502510
4054462575
129017156
554419045
179814917
4050270987
4050180077
4018065597
3680555777
4047515974
3686055917
2741278197
4024380858
2833068518
185098233
4042997182
3365078009
405951959
233312956
3793173989
3853138756
3459377963
224795764
3615615563
4035213461
3707793077
3289128665
3025932065
1102831092
50430444
533233489
334741460
4029485500
4028441794
2941630263
3518864835
470608646
1538589000
2743762782
4027015523
3894647553
195986486
3588407417
3588678976
1339525849
1321137534
1313388326
144649316
2511538920
3761311402
3999658695
2717313958
3347267435
99829615
4011882376
4011675761
4011617140
365048653
720513024
3908258354
4011077321
4011008729
3938759080
357041914
31627359
1928864887
206254974
65377112
190705291
4004493447
3296853846
4006415913
889559510
738553250
3644439735
3969026915
4005112767
2696670920
2601178030
3997315943
266766500
3242672109
3035928881
2998249132
335667917
1297577342
238204176
3836616022
3645081737
837963282
3994859583
3991355057
3577589308
2771368785
3992122642
243868839
2844613541
175490296
476287933
3937128433
3858486982
3984606983
1468712172
2456428005
3023335263
3980551473
3980512703
1638426068
3977280136
3979476790
204998743
3919438753
3918563472
1250209742
581601228
3656489177
3656394255
3973136302
3855683235
85484364
3961095796
495189468
196354015
3895239137
591446024
41865152
198727174
1250171857
3896935633
3319878028
3959529809
2499891328
3665546841
3958383849
3958200017
3863300837
3320131853
3952359401
3951926069
3577902803
134282026
1096878620
340682083
148451478
3949587868
3949491778
3949441930
2442738808
247590977
605847338
176933515
513490239
3946994295
3348026782
409479955
263754773
152707621
354876617
597486770
379892905
3937370542
3932906085
3932858247
517611631
3930015377
416487680
3473034209
3924887657
3919870414
3922195455
3921199587
3754477577
1281650918
296017574
3913500316
2925007197
3911773473
1883614076
3430154975
5164891
150748503
3908768481
203256893
83933504
242005458
3904492649
3902588302
491490523
3904253249
532786575
3903693617
3903439336
3902823495
3896348415
383314016
3754528653
2358913506
565250106
209400976
314310998
3579321677
3896409617
627960604
106186782
175955363
840440586
236017011
3894416801
3703270397
3103586248
3893178321
1658082936
212281153
3892052590
68552098
351104898
263778432
3877173142
3610469657
3887274976
457148221
3601425375
3885848537
3037528095
3884708656
3884114056
319858024
3805683972
3344238635
704221218
3831797901
161506317
2334572057
936978967
2786893446
3366272847
187738216
107611000
184691142
237446846
2531940287
194387596
3866837901
3646391716
3864291737
3864351514
3863847077
3863851697
337226472
3862149455
3859613427
3859253843
160392414
108429548
2758839623
40672734
3477485895
1130825196
68187257
3717732323
204562818
2825002018
3844564037
3848162913
3331246863
1873300393
2792129376
2906804902
3829848742
1648888316
333862728
3828199774
3827143709
186289380
232894775
198775723
3645257237
3825134541
477111947
528620185
3657554723
16798575
68472690
2638908297
1636218674
3816215721
2751040923
1273375950
3756550037
3808906941
3806738175
3806726597
3365062912
2423452205
3802866015
273173800
3638261417
3711022993
1005693613
301500756
186692198
2978079027
508993772
3794742977
3700521084
2201190029
262236968
281594728
140337067
3772743081
2443041204
2962781087
3759746602
336102926
278366445
3763010235
3298961617
14520624
2766818743
329933497
3055759390
1898983770
3102590884
217170306
2524900227
188821010
373016334
3753546976
3504158356
3708744201
3751788736
2860803063
3750538517
3433479861
3750356355
1081473414
3729415216
3744223588
1667909982
238873942
3729274581
2385810013
3649181666
3731035828
1705897688
3735208103
382950269
3733718007
2276645654
3722597007
3721968675
3721777461
182968027
618181324
2515764697
3617871974
3702139456
3634289656
3699324208
3699104777
1969634251
1707661765
3697222216
3601413385
3692324783
3691568549
297500241
3598965319
3527244094
3623900662
2690779263
399091806
3685909816
3469280416
3649020869
78138624
3679640655
3678939136
376314138
260398316
339792554
375163288
493538258
3375796709
3670499716
2923463307
440641315
1099811100
3574964120
1219880222
590183951
1599221940
3666743489
1209538717
3100203228
3219818128
1026782384
3557671817
142397580
3508193835
3125514105
197073690
3642582016
3637649122
3637566141
3636284835
167808710
487804407
3634254681
3634141523
3394176160
3592215561
3439464849
3626103377
3625274189
3613845028
3593742616
3621719602
1385385540
3613564042
376214253
3615089837
625724631
3614220863
155659359
3611603296
2908624642
3517021812
3580215856
3605341943
3528453496
263197156
935068974
3602302714
3601830989
560395120
3409436392
3599875823
3390892475
61336551
2331864784
2444353219
3427387269
3544550721
3314835290
3594033676
3592837521
3438546225
3592703236
3588522916
3515583267
3146134624
3488882472
3583431616
3582364281
3578474597
3580542382
3477750863
588800161
3579111555
285842707
377174756
1702209907
65642403
507543719
3345093112
3535461797
906259476
3562198096
893935021
65093250
3064693726
3187639324
3550087847
2645712462
2297543513
3548030662
3540198257
133318192
3540231495
3539546781
1319231364
3054096255
3534938357
3304107393
3529210157
2828557369
3422110994
3245851216
3516124457
2300401621
404587936
3419070385
3121717783
880951183
3515964862
2746899932
3022607967
555226770
3337225943
3504589223
3509678476
3507061641
3506676797
3506270247
3294191132
566542855
3498924388
2992293797
191114052
3501586216
3497284396
275628829
3048252989
229121250
256286017
3351298036
3486510617
3416826677
339349447
2670211803
3409196158
2995192665
3472810397
3472903402
3302768949
615476913
57093118
3004555007
3463904781
3365404334
3459060443
3378453525
3458233168
199490726
3457907723
3457330815
3453296116
3452282663
413156399
413156399
3449741733
3449104095
536971556
75917000
176880049
3448003276
210152183
3420617116
3441554356
3401536505
3440498483
172789948
3439161261
3438683373
294834644
294834644
3187377211
3438765539
369905154
3438441719
3329554758
3394490158
180561609
2988955516
2151974763
1528177686
1123128234
3069756520
3434851888
282392339
1499996845
2928938597
1150916358
3435654579
3435896003
3435844265
3435532691
357182237
3434998025
2367902093
2176558838
263345433
2546323369
3304329666
3407669434
282225489
3321852162
452772198
368743567
829893835
370777739
491640120
3400844915
3422776823
62527410
1498323072
3432304431
3418127123
208813744
376946340
278741724
3242546366
357106559
3429970469
3255014361
3430946854
2765106047
179558091
3430534533
3430504967
35782050
236453243
2614867877
3429091306
3428969914
2743344063
3428310124
2327819762
3427228767
319957832
108124549
313688721
3373261553
3427119856
3427052878
3426956717
3317225497
3426787000
3376133153
3354220000
154007171
3425778827
204815059
2878443803
350325223
3423470572
3425065805
2988961870
2218652571
306710001
2711134713
3423452999
3035518691
1279745028
3381137925
58650518
503138020
3423088954
2796307116
2558990522
3291281194
1219423944
3421374905
1075318723
3420759843
539531244
3420266746
72156566
2797064746
264037272
3404840908
1717310857
2319679062
3122544609
3108822613
269476600
3415601925
3418020627
3308781527
3416904275
359523550
3329520555
3416171537
3415936618
3415842208
739320420
599484119
3413900751
3414013480
2850342162
3413150577
3412727182
2727691479
3411639915
293085651
610956167
3411481798
2432538812
272956751
3283726178
3409546721
3409342869
3408163373
3408062889
78716408
238687704
3080796489
595004286
3407410402
197520052
794583714
3401670407
3406479791
3401985413
361634166
551063981
296358501
2763318029
3307277742
3404976011
3404805863
3394708882
3306583596
708536528
2292088344
3403105601
3381235048
3389691946
1705350019
3402039395
75567276
2987859369
1588116242
3400882679
3023691081
3400678606
2767988790
3383771711
968521052
3345502179
3400244626
290122845
3397987121
3399135861
304484191
3398787172
3398676009
2952410517
754332295
3386103929
1219407697
3397208195
3387980770
3397063786
3396516891
3396319377
3396100553
3395773360
133848824
3394965155
3394752946
2756326187
2162126043
449199746
3394227561
3387859799
402927276
3019808357
3393925048
3295297333
200422086
3393174952
131975783
611196498
275276849
538704373
3392330585
3392400874
3392393260
3299609106
3392272888
2575144753
2603665749
3174281387
266403825
3298538234
1862424145
3376047185
2225585408
3293852112
3297567062
3296664433
3371664622
3307471127
3344553861
3295108460
100252040
3294202639
2460607651
197570514
3292573950
3292546226
3291810504
757428290
3198401724
771810709
157387070
3291083472
3291126014
3290544391
3290032434
172493183
3390926199
3390884986
3390149812
3119750692
3389364615
1905794664
598689164
2874552944
3312709841
292455273
749671921
22081461
288296476
417195650
3351486981
561717609
401448337
3385000864
3386618105
3387726969
3387728685
751361647
2744825133
2780734263
1535352349
3387621796
497250468
174446418
2872962652
3386645531
2921964520
3386774194
207550037
256837227
268986834
793132261
276547890
3384576495
3374334269
3385413633
3384368259
3120618502
3353381969
3384862217
2968334554
214908483
171304187
3384029356
268595703
3358714096
3359818367
110048953
3383266769
3213556056
731637330
219190787
214986621
3381888243
2721220497
3381173723
3381053500
376792833
3243631797
3361380513
3379711325
3379297065
62672514
216207971
3378894725
438009140
3353730934
2482655762
2525713184
2578106837
3374493611
293873656
3375961661
3011594451
3375003418
3374102896
3346697595
3278528522
3350869479
241679277
3326050121
353204741
131043523
561733506
172154858
116244918
402354626
3236289452
3370925548
3339338338
2898558052
3350116539
3370245497
3370049691
1670939426
2842665208
3369501687
3369387766
3369463354
290068438
3365234697
3368644337
3368521455
3368617163
3365171637
265660720
3257500347
577663268
2257441594
3364185495
164050067
37717733
53962374
3367637163
216959609
276110564
3210829389
599456411
148075703
1693761336
3366670613
3366657755
3339331013
871958065
2976977051
3321662128
3365400059
3365274862
3365188137
3365177267
3307272815
3364614023
2193313551
494669885
185278738
183419621
2622207143
3363771352
84889169
3362534163
3347972529
185428561
3363190355
1181135402
43043641
3270363332
3040935279
3234698461
3353419643
3361520146
3361429883
3361330097
3303707805
248019516
3359616401
3359616401
3352669601
2737132263
3359396649
3358751326
3359189511
1117199599
3345942269
545320768
174118874
3327560596
268539198
3296943453
3357075970
2953143633
3356147038
1579230968
2366048912
1172046397
2619108353
3355696979
3355699672
3355210583
3353518294
966391422
3354534568
513651002
1676216252
3349081059
1631852634
3353894997
393778420
3248762290
178035735
3353218127
1021430144
3260475854
3261379686
3352363793
3303174832
217863914
3351541271
3351509566
3351377056
3351198424
3350981481
3351030201
3318390862
3350230311
136399210
3344068449
1249810861
216245876
3349069089
838053996
3349355212
332330303
3258783229
3348271161
3348208005
3258193604
303168517
46182879
19258537
287296970
230531752
3072181273
3292128495
3222822127
3255973484
3257112648
3346930805
3346577711
3346427519
3345677699
3346224657
240029221
133053483
1618822380
190481558
197290222
263918871
3345475353
1268434819
3344552913
1149642552
2959149311
3344550898
3291170339
3341979615
3344133243
3128132864
3307211505
3157574830
3343587009
3343481483
1892357263
3330663437
3343110969
3342817133
3332770545
3342383428
3342106049
3325925002
3330075279
2629133833
3066065357
3341761785
2879517767
235651563
151163086
3331273295
418176070
2882164029
205543856
3339177831
3192915880
2876797347
3337822773
304169108
3335408373
3333967503
2948391891
3238972690
3333344165
3333389056
51589660
109655688
57687683
3314474993
2783644637
249945159
3332141260
3332012769
176931538
1633725908
18569395
282062213
257271003
970866780
3328317148
3329645313
3329437851
214253313
3296135566
2725669822
2737787363
2388253357
187287948
344858504
3289024295
173689175
71157497
314188190
2928668105
3324958113
68019078
2759004735
3323955574
2529622127
3244469852
433738236
3322017928
3235598395
70380276
185411579
239945116
3322314160
3322299742
3322175493
2345341733
216753968
67991808
150342019
3319917441
3319934561
389574373
139591733
3207491849
3318490510
228278045
629802803
3318403810
166403630
134142401
214999984
3318382834
229561811
264356624
113943975
41610626
2582404793
629815052
542630186
167173911
185810957
369274772
92414202
3066095639
355053202
145538919
887758238
193800268
187181122
462403336
89610575
3315641770
322702153
114753985
2360047859
382469423
77370477
46269333
101600115
1554102068
236343004
192605434
364338334
562421118
240095435
2734178295
281240240
243868427
206060202
3313815958
278103205
2549335614
3312465659
307622444
3311919633
3311928519
499878257
2869986747
3311352929
2321337133
3309940043
2883104259
482969224
3309496475
3308628887
135244317
129112809
3238974454
2836399080
3264597767
3199712639
3290142615
3308780675
3308721845
380039731
3040326292
351714495
3308510109
172403935
98276726
3307655595
3252384508
3307270990
3307426384
3207905685
3234112688
3306120730
9006872
3301995125
630407669
1163080393
3306225665
3305322753
1540979226
2382193795
2506987895
2902364680
220496662
798679628
26299101
2733895726
3302529557
3303361475
3246523727
3106370896
634242563
275865897
3302479804
3299863547
3302227491
3302086918
3302079525
375106377
314006391
2529021344
612975434
217252734
115148911
171143454
2633047610
2974909397
3299751645
1961008698
320959024
77239268
2826629157
3300089422
55470495
2588398241
3299830781
3299698229
219760740
258511151
1266091928
1909477682
395002147
3299221719
3299250088
3298746231
3298829980
1554550304
280019448
3226601700
3298394529
3298346896
3298150049
3223223468
263360464
3297345941
3297292691
3297117807
3297063143
3296599989
3296180705
3287377491
396914740
2995366160
3294786635
3294532455
3294479433
3294475961
279568533
3294206001
2994604565
3293520177
275681018
3293628568
2923506375
3293338313
231797500
2218479552
3293201333
565680591
287494889
2963801826
3291768011
3241975617
3291281429
381789349
3290079155
3290505651
3290596672
296500834
2770508240
909552170
3290491756
237035653
316248959
3289538991
3289560286
3289242351
3219629250
2576520568
1365891583
195221030
242151818
3214590437
1112383466
3134520340
3260492446
2713316731
2440181292
3258736467
3254837944
2505072379
2918058789
156420222
2811462115
1228003466
939654163
131852210
3255242663
167291222
372823894
328890352
3254525543
371971679
3253219444
3253097141
2401112659
3237997139
3252917866
1319470524
1315410602
457003944
182632059
1299881520
3249531405
3247164093
2710781779
3247706409
3247535927
161918540
3241393564
491475663
67661281
3245019999
847114988
3244363943
374644171
3242267271
315935622
257057988
3243026848
3189377875
357322141
3033555541
832559808
3242187760
3170124773
3241465595
238619305
218753750
1433781926
3241216672
449971537
317783903
211230015
3077596802
3240316239
95305886
3240316138
212667715
587718421
362618619
3239345128
333091292
54667583
3238914328
228173604
3236944858
3223290653
3236801865
2363274470
729296845
470244118
229470214
3234880270
3229692641
3234414147
3234274414
3234083265
3233270194
247075290
118126812
3001311353
3222397756
3231446494
2948987104
308229198
3229552786
3100744323
3228942357
3219348165
3228731308
3227459009
201291403
3087546856
2546819833
3222406235
2513918279
1454605507
139177664
2854689814
3100510973
3093397212
3145965604
3225542200
2149663956
3136628725
3224793191
166154973
2867458925
402259995
3175094087
3141376510
3222442835
216898358
1013754482
3179682301
3222142547
634577487
247348896
3217791039
963312012
197131131
3108965494
596487241
3220338537
3220080741
2462944641
160720058
3213947500
3219461002
3196300606
3154675537
1166368393
1631345114
3218012086
3217786089
168344648
1241270150
2960270434
165594529
215124371
3214109278
2339809319
3213301421
3206132619
389545046
3212865381
3212678747
197249679
230290498
756377714
993609552
3192379119
947018154
464910389
287928031
3134618633
3201446577
3207796804
2977486480
3138900399
1281449821
3207498712
3207455812
3206516914
235739810
234635616
3203680930
3203517994
3202916595
3202400249
3171360241
262435544
635055524
435770873
358862360
3199770465
2236310924
165475361
3195191129
933304752
1010235818
326282286
3068102813
3185049771
3196652746
245220717
3196415685
3174648411
1410731749
102159141
2932755614
2947191880
2713705951
3195455356
3190967680
3171906748
3024143925
2944961295
3181432187
3192841239
946483328
240318954
117158279
3191874827
3191734204
710725771
3189302175
409454753
3188856557
3188546993
133045697
2406928597
3009164554
239873062
3183185020
3183086279
252790473
3102388323
3178659346
3181304056
2182764263
2305319959
2995316229
3079709285
3173825662
324676766
69328040
3178411821
3178190213
3178087078
3177677758
3177838192
2939132717
3148549385
3063895899
3161216348
3100597484
2979095069
2599979740
266820429
3128900761
3174360875
3132192941
2377760975
77341497
3127946345
3105440777
2631844355
3171628601
3158154186
3171066479
3170584432
2468135736
2975213392
3146064675
3167223365
2386729048
3154552838
1388745625
3153573595
2939373849
3162092620
2908112513
3165343253
133045929
3164650738
2904006928
834543109
352555782
3164325605
2277637507
3161890168
209077341
3161423452
164856025
3160651869
2299712731
2949392945
3158187899
104515060
3156910991
938095369
3020202885
3155502317
3066117172
236942202
3155082849
3154901273
3148609302
3154552917
3154349049
192702511
209243966
3153062147
3145038715
1077521605
3153018171
3152915565
368737390
2812103430
2863806824
3096596242
1849397954
3049840863
833706697
581027033
3097830255
131596819
2610445980
3050648825
521759462
184268164
3148029395
3059739742
1450520466
483165158
1038515172
260446855
3143688916
52524761
291287860
486660676
3142211513
35315587
484204995
3027446311
2987214413
3140615607
63855884
1623119990
282332264
3138715821
3110534385
3138685371
1397365393
197553666
893813131
3135614225
3135560691
3073602251
174787661
441364781
3135149332
221217453
306814651
505320539
3137467597
597764900
2971482507
1503306368
311629351
3122572494
3099374279
550458701
2836440340
260516930
274147760
3062274411
598344326
148472734
3029050083
3130981816
225561501
3122225154
3050235905
3006342821
259741646
2433439809
161057565
133414867
3119030611
238277085
914626158
256845610
3129605134
1323368180
3127274151
3048696463
3093692980
3129079504
146520802
1202754366
308598174
917817151
3127321689
596024945
2263064895
409501532
389710923
167546778
102755215
207323268
235171898
3127688465
2968186769
3125455895
3125232604
3126726119
785723515
3125104173
3125526165
112183918
218624355
3125203918
3104310716
197304803
3107726397
2975429176
748038000
1325535840
3106433056
3122875408
1913010606
126442257
2947969865
2535632766
2197927523
3107948708
2999991916
3121326035
3117609363
3120590295
474167292
2769154566
260430828
2567398185
3021026380
187013842
750149450
157058453
268039889
136042770
368604919
1660438015
349192035
286397351
3119166723
148794025
2168322767
3118578257
3084533685
3117488188
457013050
2749444234
772539446
330129295
175922201
779038009
291965973
2618857636
3115586224
2948508045
227892833
2560579102
2765100059
3114986951
3090217776
844502396
2584980555
1049225695
86666871
274287630
3101908984
3110628051
3110494427
3089301420
422266241
1262475997
2508296623
3082341011
718969395
1184318809
3050217695
3106414319
3106090343
3103501090
3104746198
3103578399
377718683
3044670335
155428769
1260752149
559710716
2967674235
165215352
2998472914
3098902119
18918203
360265202
3100715591
3100071423
2597148265
2469230948
3098356575
1616696880
203517453
3098125077
3098055915
1228267016
2764874589
3097881683
3097767239
157725873
3097692791
3097567612
2986144635
3096945045
3085605573
173692089
3076052229
2605995123
3027522837
3095730341
166312900
3096784711
2950424212
224285740
3095445135
3095349779
3093405647
234197842
362705414
3094410537
3092443997
333813780
3087246701
376198088
3093605307
3093244606
3091190389
167016878
3092836006
2549495567
625331958
1976286710
2539117371
586589450
136466955
3091398348
105002812
2947181765
1431811736
2982468245
2981890774
889541664
2147994818
169476155
316846230
586708286
313596007
1086908221
1261188368
1067000576
3044517887
2928176932
3085530881
3089752498
2926999714
225233996
3069456117
45679590
374292253
3092217321
3001353095
368536882
1402434654
410061882
3085290247
163387871
3080710164
3091775776
3047866525
3082680176
2731729377
3078146120
284836875
2820557140
3089685251
801727700
384155849
3041485377
305409903
1358300748
3090784924
3051997445
187182085
165193176
3064724362
35768355
2902723673
3081848081
3083324889
181180260
39016653
3088958261
3089776275
570569524
3087296459
2742227844
3088948834
36517406
3087715029
248338483
194222632
3087597869
277549343
3086748021
3087454971
3085015030
170901689
3087296039
276559423
3084771611
256722521
3081586475
114876001
3067840479
3084764560
3043441851
3085410107
1423191774
2840261615
3083854211
3085034373
3019291018
245664286
569409379
2428228418
3025680814
2573209483
3070119197
2799171287
2318303421
340431871
348286347
3082608598
261513951
25516236
361499041
2779109627
989164856
346064173
810061243
3081739126
2314351832
3080992881
1132029158
485351647
81338880
187942055
2925946851
3058125040
3035901406
1700348810
301791034
1063797326
77873600
3078508581
3079681133
241643856
2317132234
3079298740
3079394932
2250959025
3078634030
200142042
3078166605
2389730223
3078147407
3078198064
1474680331
3056181546
3077790165
2835259336
103600302
3045581645
444783009
2813789227
3075651035
3072555004
145475909
592317482
2915558877
3074946375
3047577227
3054453663
860381478
3073972445
282396349
372105628
3057100178
1668256262
3072703528
3071501493
2764321143
3068944551
3067849571
328117633
944070943
1109361386
2644313349
3069184276
2769547239
2874627815
3054153061
3068423975
152301533
3067266118
578691108
2987362907
2975885596
3066049607
3056893111
579438304
3065058473
1324944338
2946835720
3053104176
202861091
168297008
3051501176
3031845622
3050945100
181750399
3064727860
3004391159
1652664230
3001031249
527813473
3045250554
3060141915
1476463892
2928965374
2730494238
3064039463
3043562786
3042521689
3001833820
462551940
194380963
102866481
3063081040
372073560
447327712
50733276
541999830
3061302885
3061000827
2725139818
3060749463
199064169
3057497422
244696983
131646145
3040233008
3060130564
2887482334
3055959309
1308946489
2685506369
3035894236
3056493184
214883511
130533816
76390438
191279147
2989551909
274712870
361514937
1064306282
1102375094
3031985204
3044680528
3044914493
3046206970
2369161506
479539630
3031594914
378797862
2620251991
329922769
145826445
523665684
2969794373
327977864
572935960
132682108
212023371
1253181720
963670315
357063291
766988726
279282079
3043670932
2381308598
93123687
148461699
260852167
507263284
287241466
208730660
2920826686
195428778
310398246
3039824740
3039512877
822200478
2875704927
1263320479
3038085760
712913396
1262160318
3035414902
2922118911
2268039816
3035410235
3034972900
3033798309
1431025333
3033676241
2711643693
2984957229
2722392531
3031792618
3027263368
2174161962
3031289405
232069857
2896928867
403668129
944089646
3024271287
3030584097
249637945
402338181
3021482320
2764052332
3029718172
3024430330
3024541846
232029302
3029236295
264580432
946782068
2890066870
2950507745
3027411501
3020857588
539164475
2887891083
3009066663
195975082
2938482339
2957767702
3006493265
3023993945
210176733
3022237599
3017738633
202792687
304091347
2996904758
2949700971
3014749487
3019138348
2893449641
3002362931
3018393401
2950556308
3018001479
2970918592
188369045
715582330
303997214
435276980
3013763422
1549008356
3012759118
2818201541
3012426465
3011504231
543686169
3010739537
2997268258
476140979
808273916
3008270145
3008038395
309159467
165662358
2607868174
2999736762
3003916953
2994557986
3001355834
2995097775
3000030638
2983319495
2834381499
366286445
3002695613
3002669735
2288952993
311553032
2872003378
347483741
2969155805
209188529
2999794379
2894325754
2999135907
2793612071
2996847017
2996653647
2996450296
2996546524
2982116050
203803309
2995235170
2994708742
2993904187
2994645250
2332485986
2983347807
239925375
2993396843
1733263266
2993349676
2362924025
1148795089
2992185527
2992052031
256031126
2991561214
166744421
2450827808
2988614115
2990463574
1544554568
2988249845
602811049
142466820
2417761951
2484559945
161855037
2967098667
2864332402
298302818
2986664909
2884772080
2986127242
2986074375
2985993401
324560975
1163093059
137853474
2851110944
2760001775
2983377705
2981644625
2970672958
2982849183
2982594579
1973241686
349336403
2981973225
2981499923
2981715275
2960427557
2981357675
2981258069
2632460123
358987033
2334424601
2787295131
195456280
2939826383
2978487760
2978353810
2977920460
2977557190
193563524
381378254
207617229
2975592659
2975635936
266290777
2698576843
1059385879
2804717877
2938309815
2917066903
2949669177
2971799619
2965972336
234579489
1129087614
2955810951
2972518862
299093663
213719784
2970958289
2970799504
134643136
2802405095
2962370175
2932210979
323529004
70312104
2895992927
562295152
1014078104
2969096896
27908307
342372162
2968635472
2968644621
1533553873
2532226161
336134996
2593323895
286849345
2658572682
2947833903
358854748
217324318
2960803264
2963068198
623182762
566920613
2195250354
2967129556
179632083
1581345548
204242197
2469589084
349348824
2962263639
2962123643
2966593983
2962773777
576797372
2963775281
2257102666
2854241381
1153471886
2956743953
2917470801
341152835
69173980
2953678336
2964331863
132410683
2629494369
1015133742
2963540879
1087665794
2748084726
2334451161
623398121
819945132
2874684934
2963112551
276936798
2961555250
576499536
2961538642
2869052961
102543942
2935988015
2873104637
2864466220
30562487
218358370
173491130
2958546551
323336294
2962137406
1362293630
284309825
500439814
2940855850
2961579136
2961557002
357654757
2961348189
199114551
2958541246
190651806
144669430
2890680737
618338295
2961124108
205526426
2944869219
420400407
2952017309
1260412783
2960940166
2960805825
2960139153
2960771919
2369371148
2960758379
2750532053
270552827
2960527017
2761644099
2691326955
275476882
255790995
1978507489
2937839260
2632831653
2960320113
2280959484
2960213519
2734629886
2959983603
257186146
2959750007
2959776892
2939062870
127121683
2351715273
2934388331
2504816467
2944586952
2953421651
1522008758
1666539450
583398853
2957445309
350921587
913689062
2751831335
2956530064
339491104
944895462
2955491728
2954218041
2953663672
2911199303
134983685
382943315
391163610
2951510133
2950581952
2950322944
2952123231
1437043826
1465889532
336961138
1918681195
2902630486
337056966
2951161228
2896557047
282809362
2929019908
2808252876
2951033311
1322840820
287536532
592102170
2949482469
433316971
253883580
2948458654
529783643
296311033
103100585
2885105372
2946780510
2944750199
769809102
2773464400
2879067899
246934660
2945403784
928954178
1651372238
940160310
2944868457
1276664395
2869652758
2818941783
372497557
2943821915
2943761849
2936085693
125318258
188843133
840493891
1317293976
1158883142
634234148
2525900819
100259525
2877538715
241116103
2942165769
1499368608
2941351169
2942277586
2940855087
1232363227
2883724792
2872671803
2941492319
2715792965
300075927
2232653243
308824282
2837278493
581463090
488882590
211729738
2165627086
236528684
516450250
1949767921
378315391
2749031676
2940011075
157329953
2896456019
2592510055
1099172180
465014517
125386560
440301398
705439627
2898040085
893575093
781169292
347308186
1908092358
838318116
2875568453
2879067441
148784549
101504970
191625077
2938134123
2938013621
2915557078
2924451679
2420850043
332552549
390153110
2936384573
254089569
2937356164
2798157005
234918146
2937281392
2917611309
2535598227
2469505625
333637960
402767163
2875671746
220770861
1616713459
309792350
2815372576
174294914
2865866429
1052700572
774009734
2853827728
2920030282
180242581
2595067289
2931806589
2342230101
1689159361
2917237617
612160954
1083615187
2936440545
26811810
719106685
2859270736
2522431745
905211949
847837044
236457969
2339383716
821410280
1098978284
1372136910
2752056460
88862730
403520851
397612886
2895010966
268020886
2832904755
2590611635
86656272
60693447
221867795
37715737
794808572
1646355361
178956769
506257758
2930464517
205843636
281077054
2935932537
115252313
267409370
170060211
615921774
2757590361
2920797627
172515882
322178834
223639010
179167765
297136398
1697705162
123959392
1597211941
469698540
563407419
2431805355
395610316
227031868
428669615
2936038499
2896782388
2612199054
1880212106
102693313
618581296
2935469476
280660006
2928623896
2927105307
2934774525
2869586055
2928473087
2934278225
2901759617
2386852297
2910811366
2199721287
849233287
2869614154
261013970
299917924
183527684
2907237783
2540003734
2932163021
474985783
235610897
197183393
1525329542
282293940
2763957538
243366728
2930606993
429553675
2225755795
259452511
2194793390
332640948
272565535
2188179910
2934374330
1368906163
2736287442
1645734806
571126748
197918295
542854525
407936423
889772419
265047139
2926252067
616790553
874551282
2713308551
2927827173
619662940
30918363
200089718
160779388
1697768694
2826557169
935250925
2925632878
601461307
220458914
312048888
839959441
268359402
2915938332
2899232409
2922768820
2278312201
184154259
2922370378
2922165117
707558510
2921741242
2757334926
2921034021
2920728603
2290487738
164406680
2909255327
2469701882
2917840455
1306321206
2917728765
393489862
320219426
2916861617
2818103600
103358013
2826513320
2915473197
2895406504
362549318
1525247390
229492541
186537897
2911966774
2911704322
196605060
2924563086
2913055240
2881309235
128572705
2925298790
2925194690
2924706474
2904645065
2912147405
2900956193
2865006874
592427699
2911723461
2831712820
1898390713
2818225582
297995342
289757258
2910032074
2893541493
84865579
928616964
210344946
264195616
2908799177
2908543269
2908571343
2908394379
128693632
2161430364
1015647913
834270348
2891670216
1327628150
334929650
130009278
2906528404
290044925
106611375
2876618616
206746774
1063978614
2189350189
2905223273
2883616726
2890097097
240304280
2904719097
2904593039
2904558435
2904479709
2901615226
2904421769
2904335596
1037370816
2904204189
2874113350
255766011
254296150
2826535091
2903930122
2903813633
2902796741
175076672
2903317329
729315600
2724548524
2844698474
2894274406
2354800776
259495577
2901643373
2885433271
292064517
2337025473
2768373461
2901253199
166294176
952474387
2900533899
2900226233
2900118527
1377765775
2899998105
351998150
265378702
2864200943
266940217
2729789187
2311037372
2897673298
2894198410
2896259164
2895801033
2892058949
219482580
281836115
2895189442
2891385513
608230844
2894665533
2869930107
455635837
2889929579
52881587
2887377141
220597523
2893290363
2893067158
611211841
2892792959
2887044909
2864090943
1251706141
1358190091
2891450409
2892052719
2888324596
2549829635
142451085
249330407
556286200
2891678866
133883276
366665609
2890856962
2890358009
2788492949
2510440644
2889981603
153203924
538397646
2889434806
191787292
1591994113
2880351664
569660555
143518022
259879566
171055833
2888146215
2870117539
2887985956
2907114680
2577065174
240851617
2827328732
2885788935
196264697
569728512
2246721124
225658447
2886263763
797176711
2886017860
2885255733
2845038924
2885201877
169756451
2885127533
1857637490
2884999263
2203682315
2585779881
636209957
2265162571
2610746864
2858034611
2883695247
2866010583
2878192815
361551115
1006411916
2882064509
2882971205
949959768
303295455
2562035523
2824221813
2774113306
2574396886
579454915
131657563
2881720955
2881640873
2880840611
168371562
243131627
232944853
1074662167
316294449
601606729
613863296
2901897458
2901809994
2588568030
2901039536
2862764133
2705357871
2870647007
2877503260
105017967
2877537483
101897382
423085298
774884874
2899726452
2470701472
2855701169
1694857021
2444524496
2899584600
2876673148
2876576679
2818443616
848657624
158114778
2854042889
2875779623
2676715403
2873396783
190764077
626627778
2874603653
2873259387
2874322949
2874086446
2874144647
423749497
2854265403
1499431220
2531981591
235678825
365605828
2851798145
1864391900
1240166508
2872407641
2871789047
132314495
2871828358
2862715248
2871593074
2871362890
2871232432
260353039
2322215739
542926090
347554157
146966883
78185516
45210696
627748131
1327493730
2891356802
526901958
2868244841
1069453411
282011780
875875225
2611081739
2867237848
122386822
964517887
121789788
581348175
457693478
1576047576
211695255
2864009140
2814372321
71292820
2826907565
2606833492
2240834459
2855607875
483116412
584667478
1433884602
2874401892
129878832
2748673353
2724600884
868077324
2857596299
192990682
426787191
779309269
2861843110
358273708
2882676530
298777004
1370467669
2850190035
542139556
2859752338
417627923
2513416185
2859598577
240410763
2858980696
248021485
2787190275
1359686947
362053830
620531790
2888071224
2858160850
2857848327
2857994471
2855875983
403705518
1441362468
2344012671
2887089818
2616532476
2856132232
206890162
731736624
2459268696
2871109357
2855830966
2854233147
1311472753
2854178249
2854221034
266777613
2555104627
1908636193
2853475755
2751376737
2885366455
2885215292
349157477
582104594
2654008525
331633759
2849919165
94467317
2852338540
2883835476
1115448368
265461762
2850818151
2578180221
1105131145
383014289
2550511889
2809382903
202478770
2840322743
500468678
2845314719
2732583041
2427258198
2718248325
2799285869
146067856
2848429630
2827647893
739262484
2396457788
2865483410
2494240945
2847183375
2841147351
1636053650
2874601416
1400181553
2744101869
2555943042
2846073532
343775017
2844128584
190074010
2845599707
404914609
501478724
2834774566
2878566043
2777186152
2157816892
2844470963
2827572377
212245101
2842688285
333144219
2186885552
109376367
2843224199
307085727
2843154137
293311593
2842618467
2842389628
2673755476
1736643152
2426628469
567262007
2874080809
2874009889
2523926588
2840752300
77791511
2616210807
222489328
2873230760
2820714658
201360815
2829789323
2485915902
2375629314
2841381825
2615951175
273012145
1446835776
2870046812
2870126605
2870023424
2684935995
2840863408
260827525
1409210431
2840645885
2720618886
2840663698
143611515
2867797099
2839904169
2839281190
2839170671
172359884
2559064806
1396292653
755329518
2838193648
208567414
2377074846
167234229
1051761144
137398097
2818738454
1332958448
1143859458
2835580565
2834589797
2860722109
2860654532
71378776
2772990416
2797709895
1362774996
286445306
105515651
546304463
2858547685
2858366484
78077699
906442190
2584048230
2395318343
2225324970
235453908
424575955
2832032980
2831084489
989969011
2830934693
2827681527
266648620
237352314
197466936
2828684295
2854896991
287232176
2828160257
435045407
2744893367
1894311679
304716860
260887696
2826725963
2285761123
192919935
293564389
2825199665
2752478267
1858097030
2823032242
1146531326
2822223485
2803731374
2718348635
2823187725
2592846461
252291560
448210515
211741650
2732953913
198538869
367137494
503404209
1268821886
2820560211
2816918589
2778481874
2819147009
73437173
2818441192
344847854
2845177711
2768227551
2800273475
2845226606
2816409315
2552734786
276623718
2814806158
2771684734
167509322
2845376581
2845280664
2845270268
2845211990
218478977
2844831325
2844326534
2844186624
2172753078
2515612167
2812416441
1867152144
2809551627
1639381832
2312195453
428334514
2811972365
2801510673
2811418222
251917772
2803202008
1506744451
1091755393
2801900074
174512205
2720082974
711623953
527097608
2809379807
143079178
1722539059
374246576
216200495
1723007528
201480306
1725612834
467818714
275598191
2787981340
1395157740
305805872
2730279922
2781989829
994250570
452755263
168421709
2706311313
249317019
2759957867
2807117615
143960438
213847099
16588686
2806670848
2338422628
2798129319
1849134714
213794629
983387840
1426925552
368104674
1010432910
2803421315
2803421315
2775801359
387380442
2802410872
1406915942
2619747453
1569098456
2738449363
2801113612
153232742
2297308512
2737269028
2800620388
2799926297
502506497
1548245430
2750801932
1265961840
216812565
229606889
135542039
782107200
318561610
234491867
265570205
2769517913
2789516836
2799177887
2798797587
2362839811
370775259
310051303
241360451
2720222901
2783351397
134572788
2730103724
199471982
146376127
2754687303
2153579207
2817010122
2670017232
2792119870
2782517085
1486198800
2427861931
2790742822
2778541241
273999673
1649048826
2765136779
2790229497
2691063808
2722676896
2735591579
2789792847
272678066
587805562
1281436334
431100028
244225226
348853173
1478710722
2396918002
540838124
1455653785
207295874
2787306574
2771344491
2776015451
2758909725
983490060
1362950816
418836471
2614385246
2786289485
2786227563
2786257438
166378502
217807159
2292731330
130994050
2785703633
2785550409
2762152444
2784349847
2784509373
1249211394
243048103
1241956464
2773912941
2783308947
2613613184
2830562599
2828885486
2830390260
493689629
2830130580
1857511056
2681656061
2733018622
246844027
314932262
2779875255
2748613239
2445495897
958108051
2828283319
2817183248
214707308
1347687637
305963600
2604222069
2780632600
2151226742
2776296275
2780564289
2746182469
2386952877
381049135
635606512
489605459
2528864234
2825444749
2826662808
2826662808
2767354054
2780390122
260833289
2767645239
172958839
1435882340
1636112684
2715080423
2779430524
614675991
2763679613
2823547423
2773965491
2472199551
2771869708
2150720763
332979397
52565287
2777283082
2777210332
179719132
2717761035
1429437114
334472338
2729941304
2765964496
2688471372
225071705
225071705
2815234410
2417859550
2753195546
2818149524
2566557011
1101745789
2774447355
967130496
479991330
279669762
209397777
2749406509
2773826177
2385901170
2814129120
76523872
2567357242
283328020
2813767184
2318864594
134593858
180998298
2263232634
291509603
945166501
815949086
304110721
2771468187
207814089
2770705871
2579183911
2811878694
282410761
2598234172
2771402075
2771387290
1897700384
1622014362
2633025923
316689490
2801847246
161697826
712658387
346060245
2763142371
1382830022
634699236
2499895382
2808035191
1406445056
2773871612
572998292
2767662965
2767641214
309129324
2765153224
206014666
567757689
200928095
998438022
2734367903
343856576
769781576
2801804892
2766081316
2560368199
348042982
1241547962
2765997179
626896444
137496506
594668907
125490566
506814851
456371599
275366790
344218506
275379712
1673453706
2798675994
257579875
2746035406
54407309
161877618
135612692
1201674644
360229857
1184201270
2742483113
317599337
2753056437
2795376108
946481276
318869299
2762082261
170970906
2263911718
2749984775
2766638762
2763478480
229927507
2794756855
1668430764
455334004
166994385
250474277
2724624038
415243587
603776945
2792269370
346758317
2761877117
2761868189
2791017494
593179136
2238046560
705197234
131732233
2764879872
2729788363
122618241
1451455122
1276641379
2743694272
244218747
2757839685
2760949119
2485729161
2579156163
182103167
360009405
2594823835
2760628877
2760620609
2788483380
2739565168
2750555243
2225904265
326182800
318171836
344188498
2566360324
2760034612
2759840992
974676074
396192953
2786433522
2749840453
2786005746
143233053
886901755
772667485
353810997
275692829
2740178279
296850189
275336733
41188468
64278590
166385039
453341624
2781777596
148586191
2781505398
465459801
1603785144
2164746847
2755450835
575680264
711933161
2305585261
2540433678
222161822
2754791099
2188929290
2700103269
2753683564
372495625
2752948877
213385727
2777103127
2777027660
1949982662
2776418520
413196041
204195317
2753027169
2693386986
2775446785
168202400
401839715
1568287309
2369115106
2752723871
2755872871
2583105522
385633559
1399739762
2564414367
2745488859
515486687
323568390
138777631
456677212
203297273
282343984
2423134840
228426283
278652066
255813777
2750403406
1297112490
2608548887
2482954217
2763049134
255114322
2750739790
2747083582
2750515906
2346016711
2476658962
373095116
307493109
2725205162
2732181147
1067263700
180320642
2744446972
2575507139
258812672
2749976962
1697307337
260862406
188813098
2722916481
473080252
2752388568
198944844
634852038
328584633
2748364546
460188599
2730160459
162232484
53989163
2748267314
111794759
1301109252
603988989
1692114636
221853454
2256584642
491724913
2743092487
2741187154
2289001065
2697507497
1022773327
533397169
2746479617
268500674
2740899884
92889581
2745564323
2743139763
190040747
2745552754
2744860253
2744860253
182654895
2745182739
188471619
90478283
88315286
227467444
428580060
2340200684
271642534
189143216
153151331
618610746
2724489083
2734379544
2254376732
567822040
2500692196
234084421
2652029017
516923877
1161468451
432803367
2602352998
215867037
1105018387
2742377572
2730784994
507486606
2712215996
173562813
304658411
2342298197
197170711
1203203844
394055564
297121832
2741694863
1189905709
2304357845
474572650
2727847327
701235055
2651225736
100566323
851778026
178878947
1950117919
195331895
2620439493
2690030425
1663661077
271701929
206269490
2544383256
427022519
285250323
555434116
2739585448
2738757875
1003117843
2739292029
2503322368
368616395
328651150
2632308623
2720389274
2592179652
2652783487
2736394456
202501318
210112756
278081574
558717942
558717942
245404125
265677393
2736734973
2518379476
2515791856
1532600516
2712941454
2356009522
2708096264
211891310
2619850090
2556234911
556049076
2733540047
198611757
2700777190
129956184
2710511588
99549778
84332562
2707003628
1650584378
341818442
2733940835
274287468
2704895803
300526478
2716736165
2479000230
2298232892
316117833
240334219
2706426954
115108132
2732953330
2705532408
189167985
1924197054
264480894
143140607
1079045858
2509730523
2434703704
2725591949
1449673525
1278552260
158576165
2701875817
156482025
22960705
254081452
2174777948
405130101
2699161148
2704535224
2661280170
1702849530
2547960765
2613681876
2382600093
2277655441
122521531
2729951799
348688836
1122853855
349758166
2730077152
2693238979
2667646250
2728799021
175205407
802994366
2691217502
1416606828
191466397
43214242
2692808359
2362101284
2362101284
2690985781
2690633144
623076375
2650201423
2722661068
571336177
2724101841
2479747803
190616994
2683349275
847644816
570287309
271258073
98617847
500124923
187966586
2688023383
2727381897
333036607
846395989
2727381251
463429440
343490111
306278966
190908486
172956202
2685723060
2607718951
329113139
19300798
1093913954
224480590
224480590
228884362
2436117700
598744236
2583022716
332917158
1246377168
2725454381
1637745098
2724432976
2680660038
2228574882
572890821
242576902
2678321768
2717247832
2240930520
305086025
2723391214
2672768261
2677065492
523536623
2276727655
1317120842
2553370108
2674932134
268557965
2254304384
283790939
2674358898
2719889434
480768300
605517279
2575441689
2667030571
417329977
2607760291
2669932286
2670205692
2669757746
191255714
2684420163
270193903
262408662
2720322317
2654090190
881475918
2667710923
2720234315
2177599378
2609068666
7159072
312759206
924688088
89497394
188889555
2256688774
219001043
2584957512
1961520866
1951987003
175863618
238841164
404220198
2677271727
101383948
2384052528
138574332
2645691269
703794325
190506575
2624355491
153596039
246456871
237867143
2654121373
2413185763
2205901181
1532538840
2715285657
356439740
2471500393
100055233
224507512
2402561059
2652299196
466820695
486812440
1009634341
2614595834
259356086
242333548
1359608418
2649164172
991276140
238994461
2577229328
2648520522
2648411754
2559464284
2646772590
50156303
153507099
373425081
2372162812
2533179450
2645932130
299618418
2616660188
2679387586
367143052
1160540672
189531649
2707675311
1395604182
577706111
1606227073
2596372209
2588061773
938322704
2508147320
1367604908
2590579731
2620985234
2344198800
2594060334
157818710
2551400413
2617430077
2598970615
2697798023
276301106
2616726457
325731830
1202839010
596539559
719296045
2616187662
715269147
2499337164
158414620
2614781400
2693413109
357577157
2483763894
2490122424
2492480487
2689465007
2612798630
195195527
2612383676
2314343983
2595747852
2685597856
2555112588
2473799404
2471067709
2364531440
281133032
2610178699
240725650
270531187
1539800004
1078602564
276132402
2377387687
196335445
2606594130
2607890461
177205323
26028723
1522142574
2607533196
2606515334
429248415
2425629966
355601312
549727426
2447651723
625274416
2188840873
2233613808
2603518483
2623398621
1058777203
143168404
2579485794
2297231418
2665802938
101549004
280742172
1093745268
2600164489
2658019667
61897817
2495132383
178056950
1315413626
2658683685
2493788433
904923871
2657911535
2540922033
841713798
856451636
151241773
472657672
1979407554
2595923162
2655128349
2167176104
2572853372
290479999
161862792
129832582
2328548729
200176358
204965348
1852019995
901055917
2474702712
220574252
1275429534
322002351
2647742380
2647021737
2591647832
107271638
546984150
164120465
965319044
287887717
1063886107
177804721
2590029853
365195699
391000559
2588604618
2360244355
185897393
2624048464
2566076222
1568847144
2586335161
2575278046
2554091577
285781896
928317716
2638024557
2408558987
2586034452
499413051
2585956248
271063572
2636368259
881527238
840691428
2577768505
752107410
256492170
2282379403
316033434
2584415648
108821413
145037126
2620285235
2612909661
285927577
90084298
2616097329
1002296287
405186272
2626246978
2629200934
307302476
198585444
983054868
2627443539
216038664
19680076
2579200314
2559478288
166608334
2577527148
2624479403
2577882547
2624393339
2577809540
2575594560
279262810
360119194
2576904762
389481056
2609416367
774862873
2421420978
2149900698
2575510064
298459486
191938945
2621118424
2567565589
152365267
2620402725
821938472
2573864834
2573820727
2618598513
2569470877
568458160
2499409052
261211978
420388558
2573000401
139853569
989289770
2572148431
2600040297
2368890082
2586131157
129869935
247893427
492403188
1363125734
2565834804
145010957
2601514041
2607267232
475176854
334700710
494090272
868940736
2556256015
1132640402
2612888685
1724407118
2571080285
231250875
292751275
2612619413
131951751
2612146211
555809472
171774200
130209450
2568284016
2567833452
2567167338
2567715326
2567380008
1358213713
1552863804
2567566903
2273094485
1668295230
1588694467
382208332
125507354
236235438
2554333373
188836165
320771858
2447579869
218814622
2565412226
172620535
292118749
2262636717
235228308
2603689635
189629033
375103127
2605155855
2605058783
250789504
309288426
1452485047
307489852
2557227330
156735455
2469395750
866774118
2602160565
614671586
2588498585
227322588
2362586629
1327825801
2559523165
2561275873
804816264
726918668
180182707
2388293629
245605009
182439717
217474622
419561602
931066765
94193124
2436005269
2474479376
2582360223
2544900554
317244505
230472151
130961770
188409587
2554969255
235117028
2552742181
182174699
151158567
2553899018
2591042218
335002861
1008160387
1440597392
2544081101
2589344057
2546498255
2275006505
2587852251
2587657060
2550619291
2548473402
1082765834
761581616
2435523254
2242864549
2548571204
2524529469
2585498055
2460325910
2547257329
507680957
1929032869
1357994042
2565514185
2574800242
2547238706
973906765
534437539
108758265
2583301456
2424655394
368910109
275226108
1634433086
2577859013
2378804616
139574052
2427790796
2424697970
2544578683
2544404676
2577981077
2270992468
2581072935
635793343
2543669504
2233744572
297916219
137815325
314347429
133556790
185514906
1935670843
2578450373
273770433
2217782740
313065764
2576342272
2538399436
550607445
2575806891
1324756489
627866921
2539668612
1263455766
2489211444
2574669778
2538381536
2503215783
2411882796
2564352724
