797822722290155520
796000783422603264
796849203020496896
454979007
795061713041231872
1482313741
394872630
2710521499
759107633316032512
703357432567881729
1362074887
471791319
744923531851481088
745428372986138624
238679526
739154837879857157
3210387779
727330438495277056
724750430476050433
117727542
716615909880766464
716385707808436224
104241043
1521527809
182624492
4546852156
3019453231
3023397060
4193882541
4228459579
134164952
308850562
3524901137
3307707819
384910028
3766979657
636513043
1347274010
3404840908
3376969672
3235928776
2291843050
378876676
3372580053
3351902609
230922851
311842265
1173477954
315377253
282393575
269468705
958925203
317427424
963749984
173908762
2171295479
335531305
1332394255
236283115
151627417
62475493
223909657
266746643
593011746
147233469
362322152
46947811
625008683
1011209970
341278901
430675280
517229346
257684252
24899575
356806752
51873272
175564347
544677177
156828134
163330344
391335236
487069376
203972204
415643232
263353783
273782601
236502198
131733498
112814525
180350297
177814797
159350746
102819439
47479741
