3379871992
226009677
770469848
352737197
133880286
318590188
2910041701
3196292541
780963450591862785
133681320
262951508
3606845595
151235368
221956649
3327652505
532757467
330235698
333639860
736189011421736961
2256862022
2600685019
86340663
16430583
2301747600
16586802
103277193
4070844979
171242564
16832387
27807595
44664763
101790576
614675811
16420263
708181266
29552191
14082692
461974257
436628301
34977473
1151198198
386420143
199354750
106017042
131858405
56937708
165569246
196386908
180990597
626846767
136417879
944488297
253257005
215999817
59454940
41412970
85608375
9876752
153686381
318046862
204968081
309252516
98249012
205822561
278065615
39203045
126672013
129934771
276719644
160411784
38458321
109387470
161734463
