811739729540550657
2287707304
3389365204
726429435621203968
39658286
35751024
917780881
4748612777
809750448
331204007
143057515
198266709
100731315
74547723
159971108
3094355121
753086247455842304
3996596713
771371458723516416
781341284950798336
46475424
2411310000
1354997485
631241090
3161564275
2305481131
4786294347
465478461
3333089686
3357548713
3424206789
724581480593240065
186471345
2337130332
2819985285
346691348
1482655968
80960438
479884507
27062677
2233933032
1172168773
377744909
18853875
61036853
999989893
1543278854
168535423
4727090195
1395741517
3278158477
632679216
1044254148
2448779142
503398194
1652119122
1478044712
2225674318
1654449182
3130744725
556942410
776910906
1562218213
175101373
15112070
4377601047
4372487908
1564444328
2944437138
452194375
592018940
300665703
105186569
563460411
87531731
2187193254
116351908
948468678
3032826521
254426702
3128858445
3196629625
390446146
1347781333
1229344369
139934982
153493818
2722891660
2479877101
98496098
173127410
2885817622
3128539910
272106447
323243704
315377387
155994979
499595369
299424153
2809339546
86102967
243459394
858046417
525286105
204116549
2391289248
121086706
141244210
52983794
54725586
259844988
72589436
195299395
187848834
413500978
439437081
3048706807
958405969
1066436246
2814976098
2693445744
361343242
301084643
3169785371
2456786108
122219820
229189419
307697304
727258134
106332752
3044914493
1259466895
2454386744
2538316141
3064076597
479809444
26264020
318926118
316389142
42479903
2350317571
366425921
25234311
18181076
26816594
2328293677
733489501
474402731
354076699
744869204
2411338496
1690137476
2234677434
437636228
2895747717
240712581
2182214834
1268146368
2882660063
145399752
1465296708
227466451
2784147198
132547612
385103735
382254928
2892595893
2818359223
420411613
2497968638
2590334636
2391534404
2357702933
135982374
19313563
14800418
2257859113
233487747
291860022
64238143
1877196134
2453239532
28195099
15773675
56484472
125302045
2562756069
26259480
17244973
14562016
131183454
25341996
23990483
470365227
20255162
110797234
14840869
43192807
21904217
3291841
20727819
318650539
15687962
36947388
227356262
853023602
23560015
14497313
157205699
203162990
26257166
449138842
15291335
88559972
476034615
805670130
251887080
563350368
267271723
900744192
269004439
50579061
323022597
62573615
2374895976
1246582488
245503605
358844013
374707917
1728686011
105887842
2571791250
445446807
23884517
149103331
201961976
28148876
30252697
20541338
52441072
250700324
524167164
16212952
86422542
18156714
376399519
20699502
1955437676
746022104
98962229
390160058
11155602
100535265
325061859
1577662069
1665250459
175479505
262820132
16212685
25317426
14220705
171930002
2264712829
1977027042
286130821
309188647
1428096691
384807683
92321129
473997030
162837579
71429309
119477661
149416500
40270815
31239833
34212469
543305826
92344718
50443145
117493913
1905275708
258069537
45969112
2788843020
20778497
164277759
34689582
45522363
57067327
1154026039
61157221
552739737
133248846
82097571
195693187
351538186
829171495
136671372
17208056
21363447
409288421
82632603
122855280
331031215
38949480
93695183
501836993
607281049
111428431
41562632
14082692
825370843
2847628697
840068354
803020706
2979744610
2791342945
569458183
49889940
1024132645
309154691
403461713
401500641
301148535
67921495
127090956
448521197
598889458
111955325
16406372
53607057
53745737
2366438412
2816119311
1459387938
730400376
272299227
319364810
572088993
774631806
1733650339
2614596584
248951046
2556430915
545416010
135218598
300293558
364977737
291800261
2400526196
358020200
108935006
1327349545
1647306608
377081919
1706847769
869456185
2886896315
2896218695
243818423
18847632
17126774
17230018
79293791
52817665
47288005
152997567
330235698
116362700
20322929
19426551
23083404
2776015451
124846825
2557521
144889418
95711439
253628616
196447088
65205231
342964836
1072626240
137034509
214977276
28492159
2409683900
728472848
20154994
68609111
15648827
165111862
107336971
1635947816
947957610
2833255036
333086510
1267787288
172871879
1151912796
2319611659
145746622
246112803
236848889
109134393
175825033
1194464185
58845538
70878776
17131042
28454994
380957466
1072125714
197517721
1352673612
317783903
493505870
158523014
2787308684
70355222
1693729448
1250075179
256747696
2557664366
4101221
53488398
48410093
432210288
453525937
177478931
286485599
410203574
2294984150
128256856
2410116909
264217627
2321276563
297725186
259567558
2374611631
2374611631
2390785574
49133906
632156439
131301812
64283128
456044243
2204920100
421201335
2154589189
527877737
930217548
1444575242
258484748
17208949
424885586
231180864
571881964
206222055
904506355
1626126240
463199486
1292885401
99876291
11255122
208645314
306439596
144628556
195523438
130613344
318967677
48459607
45843783
525208028
82322622
90636188
224201809
108247668
26235265
69008563
24871896
116757352
23440052
213969309
1263630488
1275655243
370964129
825887292
135368352
80576214
312169738
198401145
2360341806
214118561
183066996
795549236
1897613244
440108680
1647379393
1648496953
2282578963
371478620
2197344075
1197410580
99164748
27986309
3023861
51581070
69610339
268414482
176627249
62634838
759251
56502954
15336827
225804554
631314202
46700541
7428362
413091006
410163657
7996082
201162979
126760901
269862460
1959327044
100220864
239223388
2197631276
1194441283
78767466
217493607
214740111
1578291984
2226827863
410837933
129231140
974034787
1048704758
1500529508
435315395
635042867
153139530
36330304
253394858
87522825
26442007
36836693
21490545
70842829
22481973
71922851
19571447
22566706
30073357
51199921
59227424
31486783
17167104
32116654
33732317
14429414
100684909
5500542
20425155
52483243
8236062
365445243
107544554
54999357
20117923
20172395
28206360
29459918
15429316
21271656
15732001
307690179
17243213
19661294
26604704
29374598
14583400
14465084
89158522
6761682
178882886
17842661
21449197
288205018
44496963
807608628
50372842
40293333
223189644
497820977
245997405
184252033
1161056299
567376106
1483944205
25634901
195358926
373112400
15882140
349230384
939953419
179987182
1528404912
455187603
96187825
315793606
78021221
72568426
85772748
26777736
44084633
19183910
28897926
30279060
18395177
115819975
30782495
61353269
24741517
24725413
262881419
41673710
109705251
61452308
210938747
74705029
30836874
69413371
169572927
25482356
29036076
277180205
139388858
65186457
166549341
30412016
105640257
34746971
40445356
36928426
146985042
46130880
60727070
28641033
101928415
23613479
236699098
157140968
23617610
6017542
18559380
2097571
742143
51241574
28785486
7309052
19380829
20536157
6375322
1586962819
1071733386
9938852
334134186
1217806010
999926552
12925072
743593404
1470505376
358954167
14192876
35726888
15762560
304153345
794644592
265616808
44984488
261503168
87403396
177810989
1322980364
294586889
43283406
28201743
33549858
20563871
18124756
317373303
47404677
19191229
24963961
49333809
133860889
27035798
44527648
18470558
21120246
28818684
60797208
20448733
80684541
104589769
54502344
48504743
177329899
82782150
19564489
108361327
45707366
21313881
45316175
60765383
23023236
354563190
55033682
19404587
1178395218
55010030
25434201
247314828
67995848
24243022
403991138
101894425
68412310
301672010
42690723
25255841
27758112
43969852
36370563
127315301
199349169
53717630
18057465
85259796
17450410
28195724
15006351
52437361
14550477
12803352
121630627
35865024
124631720
41885153
19934262
413364940
257234051
262673613
21437949
19418103
17445555
49636798
90045373
20470037
57999996
32570695
19312311
153679803
195174641
40009551
25625690
30390178
106828724
178038358
32828599
20544901
127664378
275918243
19013887
78391198
19397785
563940069
14780915
92367751
23239521
500002068
458925217
44730484
102570694
25060650
372905321
75361610
44164244
23908002
39604436
190364901
132341780
32668921
67686246
43383705
21664573
59412175
114883965
156014748
74789657
62387884
1737401
356486086
172049453
243337157
23559586
15901190
27911944
143084813
110509537
50476895
21584475
108382988
140699869
59158298
85401970
18396706
94611379
174593833
43128684
26540417
559808578
43969388
116589491
82714804
78644388
606264558
138643214
40139016
57778499
118483749
41305464
18307793
31408654
236956880
39887890
21163600
21188490
29546364
19114743
22720074
14401698
34955691
241747585
833490186
197117628
22549812
95956928
19081001
27760317
629261606
57928919
22667853
22832029
12449542
95955871
180821354
1126867837
98765275
74712538
25743813
54387680
217518231
14575014
42927636
208296689
245871948
57893062
203306729
25760828
1373590885
1581168649
212970555
872354108
1595329195
78355722
24748345
214757909
115471142
21717347
23704179
48135911
46972177
445077766
184175177
1308405188
32573359
9734612
167046571
394762576
1764621127
1393623950
43919852
620889225
20615625
561634278
45820120
761696928
80390185
149666233
900648691
555264023
195245034
1576678284
263726990
17620216
92122402
38490002
17772295
50322409
32031426
20525769
17076391
21946704
16348455
44557999
78013965
22894572
112776055
226087776
90662986
60648906
26787673
18139619
115044590
17540485
942433854
246618596
62325140
195468650
117299815
386420143
240002071
1643181697
1206648380
1431360224
210244791
1616144750
353427284
1041050454
162856754
101018032
1416961578
481670330
951769878
1489594616
1374754842
358762803
47736553
56521114
85788068
1071624907
308842322
27909036
59283983
281577461
246507155
348379865
236983585
454132312
292480409
142296675
1205875579
282776039
412053714
1382919572
528747984
1019448026
1455757220
225169184
1408906003
936204042
1408083906
286498125
26887938
604818047
155549968
532624008
224490187
149383579
311867995
470175134
63253045
196657759
64646438
192945606
26007726
428333
335410379
25410548
19691643
1056729385
303941159
258970849
154605679
233751575
64839766
46452468
242730842
751644254
134671641
17813487
515869169
119588510
50725573
243370737
26589987
169998643
202239101
485511296
344634424
14803917
126348890
23689478
347344077
72340754
234934342
110783844
18804479
376602924
807095
175437503
324583392
240859258
271933511
239938002
50013632
143147539
582185202
189628123
272248140
16529238
77694285
400945696
191913797
181828884
587150495
856928641
938261762
535999646
1402138560
289748094
261885550
283723289
320154166
19963197
90462386
193786667
226693140
571761248
419930881
242857268
171716620
17553813
321196468
18700441
10122292
116107801
273559908
254855223
153113398
24719760
15604245
827971856
25635170
115148583
69619216
16870853
88387186
325554207
244246623
239471147
67693913
192378571
112760608
16930215
17471979
58835677
76727519
16228699
72325179
163492455
574050673
302510445
128062293
2425151
783214
53153263
184910040
169627734
54389843
356487368
553151035
197190176
299949818
772578613
905308326
345659997
100383650
283304973
233780315
799047062
246367437
597031777
315286684
89741770
176833261
112832214
364608264
834222696
726237288
367881448
231809405
274153204
128222212
393032576
421526470
139209875
62967694
141071972
209793369
610326915
928058330
123609923
958761145
846744314
348657226
220418355
1332812210
14656696
14313890
253102258
480556437
142831178
213886353
339977705
334656026
216929085
270545868
25383000
84613584
66395780
1280821590
960837168
24961728
389736855
259780884
18462157
199397722
86105375
998899315
73200694
234916423
282754474
378253705
250729244
270563992
246372950
718578462
305005228
198595684
197041714
142482558
199788212
161775175
263805295
58535652
187272155
198666634
524531680
107125043
74042781
186557332
196586872
56039780
72344805
161054768
81526308
204840311
23690344
123681659
128937967
184457107
111416958
198554964
156545066
267433110
65432405
17549677
49573859
23976386
26565946
31239408
17919972
28706024
75016467
33645850
28165910
127613373
140922305
201295531
119159695
173925293
73550680
66403013
789856765
237468867
142295586
12221852
36472130
15676492
6753242
134123412
91195372
89183429
3060631
16665516
66408053
95930552
309066576
192981351
43430484
159162810
14219877
10850192
48497136
224359740
27650674
161824863
125492611
87180778
182393857
16080510
23783201
102323621
600952864
87984807
323319539
107122128
57016932
15290441
72946493
71876190
68818413
39797433
19058681
62513246
166739404
40981798
43003845
163978358
35075352
290928874
73992972
19373710
257965632
18863815
35058064
185837232
34442404
2803191
360682978
1073159618
156490003
1117414848
247026381
41305937
48872070
1072016671
124061018
33884545
244730854
215439713
238807707
58970005
52558480
268353241
41851448
842539802
93249521
556389862
260852470
51239308
60716977
235599881
330021348
281659266
1338421772
61714691
560361922
1097975233
570201455
295887340
212380599
771955592
326513866
884556398
140960194
141202258
106412640
278065615
761932782
15815700
222231985
174521858
897959652
801059898
154668993
1126369292
768799920
36451558
106102596
267892784
441129326
20434358
20348431
300114634
61312712
590094140
74234779
444913649
125615593
337726224
98533811
466807381
5885732
17351972
415859364
407904917
155659213
69101907
370929905
189124591
844045346
167391967
180505807
60865434
327504937
18222378
166250764
1208631440
456216017
54472138
288372417
713469062
544991457
22940219
198951064
262860125
584451546
81289637
166234909
14230524
2367911
30907612
390999125
731098105
109701869
108702208
968526482
879191323
356087630
1058830777
212375376
223312703
65059398
15752968
15814838
28353028
382484857
530923183
550441530
189534066
177176161
7517222
35787166
21447363
1220160180
52840479
868720003
947217853
300390462
259612451
123917226
216807756
76038813
624717765
1131267302
29545492
362924238
365644912
284107691
197701373
531168954
239843614
304461644
1061638699
390871419
370699543
349928687
69099918
364420074
309894107
442775226
309171867
236401550
128242439
66436490
51254405
119383183
801736166
247290681
467974315
814157395
152080288
489157812
146058953
470966767
427761405
503409764
40744725
584162460
739122186
736947122
115421004
506509121
525264466
164364269
144927419
377039530
527714746
716130319
842297094
395429154
213040597
441161630
8235292
14894721
637043821
38038211
182379105
24776620
22142090
251454347
73935457
111157576
151046032
257045330
343205483
614638534
413690813
52484614
189629902
203144854
210660336
633120493
209780362
215996236
221442560
198723699
15907720
204406337
326344160
334299056
473347939
299128257
385621677
15359514
382268603
296370343
156298761
68068053
74928060
575642752
462970392
579359322
140816194
301453374
540927499
313054133
250686937
10754752
185658756
122801765
204292679
47491330
704813220
747533821
214887254
818465977
144296678
77220519
248286872
304922413
804760705
366247054
204267998
582438178
552323704
365555357
451463394
10786382
613103711
604931062
42947923
286885693
118085429
144866342
46527223
58601997
206939637
170895870
164715111
109387470
47612389
16983240
12416472
85426644
19248106
14117843
68726905
36712332
213747735
43469093
297047872
27150723
14874125
15155074
490612143
128883909
23006794
6207392
22709360
28136539
23670204
26661354
369154727
456066070
86335294
122425203
51445016
95715393
46192526
47038754
25212888
233585182
575011904
72789973
134761203
266845994
285866736
82515416
132691179
402813668
587600195
262038186
98955572
297169759
80688967
268439864
26842030
3004231
25594518
314792669
24886570
238475531
235723504
26895879
24775528
110783489
595222537
89303321
15588657
97513349
55033131
82985256
310997719
201899125
599710068
425313276
93080377
102607443
142471218
10228272
423158212
243711677
118800631
226316223
61645096
54676545
154592201
382987792
62536844
426925257
31241437
267480971
335720286
192492575
204518386
286133307
110799221
82794341
236563510
369897187
515682464
51149213
142532674
135018406
54185345
184664175
269889808
134619073
540233434
202282454
156515446
336186680
73134924
328775738
46919513
227233892
522301527
108739096
20923775
103171573
294417881
257693499
31927467
197932909
300983788
117879409
126388327
36751350
77848109
45580261
367505762
121779106
47498127
95217117
96039232
248877722
193668762
187357347
234053160
312195198
226694737
114232614
46365884
149159465
226700607
187589619
54651823
15212604
347617077
106876550
51137100
174825461
216456847
358298529
267147288
119819323
216446493
182516479
180371334
130538289
358795737
189950459
247465781
256561098
101895924
11740782
67078807
8225692
142467129
220117965
233410972
14333756
231128821
5520952
23605048
813286
41221076
35094637
305085584
47384568
263714662
306268639
100091868
20609518
85603854
219419386
245883021
104974333
38871237
8273632
43152482
44409004
36483808
36307418
197076389
133822755
