773818086520721408
245800268
15476665
802429362486198272
3357904607
786202397655707649
807454993406107649
722826330732015616
1473962766
89563373
294408338
2896140083
775812411513110528
988137691
3123606177
1364285426
753565459
763018637355589632
76966092
934842270
3109954699
793548454127624193
366307530
297205101
2494884030
3021657621
602104505
789990218103414788
152418835
323252457
1697613619
784064209646673920
740279879636242432
2998134915
769601983024132100
787864091041918976
2825529559
4915000144
782035113827786752
109501386
4417274075
115577966
3693164357
195568395
2301779335
2382192552
285240964
3356753879
3065831253
535706349
248409578
760110357838901248
3663243620
866384570
2977535999
225764935
145768453
3417016899
16272172
110896720
809005484
3130731453
726935189423808512
3236474694
3303923249
331945464
772603943218216960
752150061103087616
52111391
3682801574
1926431491
196763585
1435615752
4082863582
62309912
3091188443
1149340585
4544480348
988383698
629627343
1127304200
1473587414
2222671980
1613744526
2836012481
166501881
1175350268
2463286946
738340185780391937
3130764539
3300330087
2593729142
2409351462
217257028
3023697236
109919014
1695169465
2678768918
969707772
769871526132711424
416383737
3360247293
1453836450
742780994680324096
736122695914422272
4213143081
3482103073
732388116183580672
46161430
7288532
1717511852
735855804386004993
3040600513
4231302053
3012142788
705088053052895233
272529841
3034398428
860405408
4680258896
767428582318759936
755672612542550016
1544113243
712114772205031424
302987288
3298441007
766846163198685184
2870703991
131239417
768472280267681792
82408973
1159170258
2972321662
1609195692
716723988177756162
107153835
747652773324402689
59111213
3229957341
614033323
3385350263
121958103
408719029
112724844
232342189
4252194531
2809216807
3040759597
2348765192
4850506624
2725869916
3330443435
1849076544
987739472
3895058475
21844926
25959064
3690117142
1902341978
724733966721384449
760000650
176996044
499594146
716037167466823680
1908467546
187057086
2675623945
129022614
3298087861
604040012
2435816108
3452852116
4315606103
1727217722
758724190073679873
747647810862985216
41233126
2251934764
1266170672
149393226
3292821662
1361033910
3149051289
709459654372233216
2971707736
2853355905
295881505
270585745
759671263807676416
4594167080
402852524
188970040
740536530133995520
462423902
260576511
201390290
4902962301
727801221692674048
152468842
735874735079202816
1352294174
192725273
626425535
739146201547702273
21845492
4836607179
766080568480165888
371802836
3167301599
760707922938781696
536073260
3145774173
4180775297
111738356
962805590
2495373224
720806275311931392
589669441
1921449002
1485543510
188582122
4840928308
1086620792
2753858193
49658852
752668606597595136
727794142563188736
1648105472
4224382756
2167617877
3198660119
801551616
3302211297
2738923016
2524514532
726947699346538497
2195050014
3400880231
2194641691
1155120696
1674885524
713542437625573378
3409691411
2777657538
2750586630
750456650381856768
748958797545213952
744215399277993984
4582788657
736979885223215105
733780103008821249
733779280707125248
729437948203143169
469038546
894529580
707953423539376128
707779589674831872
706974394724302849
706837655821144065
706116925286436864
706115866505703426
4611431116
4600365316
4593884535
544994394
2934442029
1479085034
726040239886766080
2570994598
1521197947
708651075239333888
4808992965
4411608263
1382983542
1099546686
2716784883
4690177855
718821135723470849
220983975
172025898
3193967852
3914391934
3386640693
66378652
1695296107
85192516
1056561690
758378975479664641
763382452115169280
1415978227
2932733658
479809444
182548948
763394756537966592
103550181
3078624399
2523694440
2970274845
787811407
2998248416
127206869
4864607110
2327222533
4720961054
2909804893
3435084317
4865784111
2584794325
4737114934
1033974236
3921315982
934403136
2503268373
3765199579
4595994798
2954059520
3098446340
3195877951
122116491
130257083
335378792
1170058272
2389888278
3315347322
4699171368
617623113
3378872699
558486062
84778025
3045648752
221958540
568583301
164715111
1610285629
3321927851
165204698
737055196736540672
74293265
3611492356
3335918692
924128768
128380995
167911979
50871388
223633622
80657284
3273892892
264904132
2358412224
129346101
100540784
322032247
2511362082
208852924
712601616
46527223
94900238
516130090
3081606435
234001268
85906588
151046032
140513962
112757144
1612152548
37130184
3332718557
4690718605
240638785
64839766
221442560
202282454
525264466
58813551
715040910631895040
243672811
445743209
289672943
706993131020017665
701759219
709642453
472134842
1307625410
599063345
29479000
182069663
604856220
176218849
1473417523
878918731
3015327305
2790700827
62584370
214807647
2673318342
162449540
279105297
258468841
224898965
182852488
177639025
203232201
327658894
298027535
812333808
471620470
86867494
92617808
437871287
2402484338
924139424
188965922
869161357
2830453579
2468103864
22952132
164305582
2471501880
193862553
279019812
194479277
259612451
1143180445
300390462
205069784
110031486
32745368
839886384
2610783334
244246623
2929736050
503781893
369971826
41806931
43499310
180558214
92670884
3177045518
3418861992
2245173721
2210883218
288031880
3345313924
3145187349
1589871427
486169106
331242688
2230682851
224138251
2827067029
239911883
340360210
97513349
167178940
161792834
261022029
128242439
175437503
79218920
63369209
175923047
182225130
264492552
2826923126
121886851
813286
97344200
131779869
