764543214594486272
767932240995184641
2957751767
1104687876
629978874
4352640928
563350368
719313248240185344
720020972221415424
1597798237
737468036060418048
303941159
269862460
186471345
4903544709
701569615508410369
708131873931845633
2204920100
3059427298
1334903724
572088993
176473636
316113388
266177820
265491969
215973672
154292069
479690736
158568846
3906316220
152734803
90970106
258567344
3787291523
2913953494
995012413
161444518
144259800
215683752
2750088771
89021007
247311467
144668120
448902958
110298089
3348545128
4859236277
4531361495
3230681835
946462376
3797461893
1131131988
423677387
3519551475
155372052
3402236926
179998960
3377332372
487531343
2434703704
239938002
291556192
188069913
204406337
2330588750
2482525621
941807624
173994688
154312158
376027648
209361727
1071624907
3241783728
262968397
993238760
619201332
139527061
3052602938
2970702765
215109557
3232661277
2542105679
3301010181
2354877332
2778628800
280701704
627673190
184844831
586671909
1372245378
155051881
1004311669
2530159076
2728849674
2548923620
2198551755
776752434
1608698131
62691693
336851123
932812454
213409603
67078807
36483808
37718134
14872237
2207349499
866604931
99831005
17813487
724235414
65530336
251887080
271991491
42719953
256627221
39940842
1413770556
936355586
1733746064
182103541
248877722
1831689930
169627734
215996236
259612451
332330162
46205856
2743039817
246112803
143860873
281247761
18200452
197574938
188613649
214977276
209801388
182664817
158265407
404074569
182664817
404074569
234473435
209429199
2882245420
168130533
1619569820
1037626016
127571154
437955373
168919607
2205471402
2666868936
199910955
161551713
573311448
284700876
74316816
364865210
169990223
2334304561
169990223
186557332
401015777
1921091748
199950158
856679815
575355410
196250537
1206648380
85159790
252746303
47119254
1225829000
241194999
264175086
1272825691
178953137
255769129
2823064981
263393738
201766115
166626286
224898965
62538377
2721326020
64546872
205822170
23415676
56140006
464457268
251884006
315585961
254114111
304526698
2227565858
168530002
334033605
198249621
254275716
797055510
2861718988
2831791158
348725063
172233940
234834111
159580315
1023000984
119782246
50883209
227503142
338746271
239145475
625051853
900165571
2510735946
214723843
288520222
246132884
162404224
2474493507
54254411
143708305
189173224
175114792
2233456834
57333011
112757144
216973456
143933445
1154688030
140960194
223537733
282231216
1979290140
142295586
1002053275
231128821
151046032
144889418
378253705
312148756
435882815
2285622972
327499066
96039232
217847294
711482160
84033646
529461028
2253795734
199475965
1933721378
143585839
408655758
313757021
381144338
231637184
159547415
177305931
355214021
466966076
603899153
628517767
113048168
178204132
42479903
231463914
32573359
106412640
358844013
256747696
800997024
155549968
194327389
37717733
195048109
137034509
189534066
102236961
372160501
68068053
570268476
1518381354
437017179
801736166
195927644
211374036
150529252
57181563
599525093
114876001
518084213
133722323
1201497194
1195038402
301722036
370155176
240049715
1377950167
1289760698
191114228
180505807
329184597
216422955
128600115
297169759
1354879448
541373577
1426508580
374703467
209780362
23976386
51149213
407804583
766702412
121596469
243028874
809789262
364046336
239949163
22959589
368696346
101895924
300392950
108781466
224114283
570514334
202737545
245059664
197875739
219554552
114928756
147001023
146615805
536556795
74343272
255792303
199080460
249961516
277762151
168012638
119835221
82314942
240822490
385602301
383812942
419972550
33905807
67127683
71303860
114570540
18144514
50648847
16930215
41673723
40115494
53173905
16585310
60363820
17874544
130649891
158079127
6253282
88723966
109184306
54226675
85426644
