84778025
85426644
272541588
369218735
2973397360
1265871618
1880694614
599438903
210116667
24776620
133681320
410203574
180505807
174525996
466966076
161867734
2338819141
319296983
138955158
327499066
175114792
56410814
1862253944
2167119395
52585854
1692526249
1348319696
152114644
2211747895
133051204
16877611
140960194
1613095693
2557521
486242810
2167125405
266809697
155549968
254237461
201271300
726891716
304673143
436361456
409675388
716130319
1564718208
1610285629
884556398
1205875579
231637184
87531731
381144338
390220919
1493335818
138433095
121917029
165446646
251538489
22324918
250305054
608747166
178118588
211955125
183917709
402220465
255730471
436070616
826084735
517164085
236851546
242113074
735615270
829916485
362088773
172743806
111217763
1406801023
516701436
142809222
613931698
366043183
324555558
902531593
490897828
250380199
285332860
500422531
14872237
544688574
543941996
510927413
541067161
234975171
501949587
486699429
358718932
259944430
308199016
354610028
360728060
472638651
493646906
271608334
366746152
182225130
291262430
381333150
121543201
274259338
204415570
214807647
95217117
137906569
8225692
224223563
90836187
232212010
287960323
36490059
39203045
209780362
31927467
67665104
112757144
279304060
299960373
223537733
23605048
257965632
33884545
250831586
22832029
10228272
155927976
59714229
57333011
239471147
112764971
136007061
96951800
44409004
30040682
235625906
198195800
34613288
19583545
114570540
18863815
95119477
167178940
220793233
106742844
245463832
136725986
248892031
248392566
144298092
156712136
70162012
175437503
92670884
147020852
15815700
47288005
43152482
203093566
204840311
97513349
23375688
60865434
222344995
