484151983
144056249
2655378313
580258249
238253234
371765896
2897664046
1089070135
3045177392
275572185
3350807332
398517353
116651344
768431764704485376
134937118
189173224
59714229
191464871
1960912682
2427615825
152383199
95217117
35047698
57333011
214123335
186226278
237898175
760563588197146624
760558002596380672
2868267098
211185877
3230985509
268446237
133051204
162086273
355809231
3020405271
144747402
3156147538
24748345
9734612
2911586964
292559728
2401782659
381144338
409348864
726317941
2740077413
288510815
252818761
2337261008
238050837
613821587
148759764
133841331
242156145
555264023
1635947816
178368467
2543311976
216896971
1439371070
2567486258
1152395118
1407014888
199526223
1064528635
295418042
118133515
175267576
143164466
525264466
62662233
1357183052
810912102
2286741105
56410814
509410199
1184654803
598772357
258522827
360962683
149576174
239463618
36483808
43888858
200955793
635061946
401174171
198198195
156898680
1706009898
264999528
228700861
353473771
480063218
199475478
1090180394
494663219
18481795
390220919
87531731
237440982
858621074
1262831526
2273465173
2217175224
714806989
333498071
93884635
195245034
263866627
1353240355
2236736977
1395044347
718462116
568736930
164762522
469492013
214638121
881356148
565594830
1712769492
285741969
383434786
364189311
2336873136
604988212
113500621
260905035
1048704758
559946552
333086510
1558611049
428646619
604244497
248819268
884556398
1092496831
133681320
269453227
184302471
194739605
1648385894
67665104
1025390095
2207349499
126667787
69661769
209780362
253715777
514778193
14369839
1327557542
241596900
274100923
153290643
24776620
105253618
240742365
219377071
198217684
468058616
223380559
174379033
1003023973
501177312
182670722
1046240430
146118567
1682076620
790822794
144299961
277288741
294931346
105291937
527582748
519983684
278761571
480966523
180505807
552110608
260379000
1635419460
146610192
581497120
592817891
295477951
1614133992
195455442
1576082911
300486691
349970505
83463822
1552129838
251237462
153627442
156137281
32754370
115423154
234854865
97271639
492412104
249410735
1258919166
973217474
62740747
197614754
142763050
188947308
271753088
432785709
839016313
231836900
1526345527
254220956
274638533
159175408
157182701
188948557
188948557
1517820236
280774573
532919388
271267011
292116610
274274886
249923746
1094049062
341729060
593153012
204564587
195884657
125487087
144229651
386205028
625996034
158487331
231590479
1000085286
186443862
891041766
555438504
379903680
254187968
524015228
500354822
487565493
257209121
254754211
107505741
172985147
302071418
200974725
113817670
210878789
171559401
62346487
93217266
229559541
982913828
141603840
758497316
384554747
543873017
488100053
977435569
556466444
217173234
237592252
408037510
280739559
136755280
181006905
1071188893
280764796
199919231
345534479
124095157
406744818
366152245
246141599
268565099
227779429
231325077
239071245
744294456
212453086
79402172
30602247
159605293
268037632
356456948
258992657
346156697
415114518
515628248
1344356984
87745765
308859338
282817602
219807531
169048746
144678135
478346209
350531169
221133488
175634024
1145124846
1315540741
43031417
392186196
469591065
296252490
976324220
226813031
66785461
183853835
822236528
622094905
275084883
976537050
239632526
580380060
136200509
287346571
140151898
363998846
204895626
513681207
167577271
199513346
229751290
91851139
762569666
292101562
254752291
199524041
379537112
195390456
177188139
236180955
250297319
255721310
145769836
73517704
315011551
519056378
146715173
1107853638
210633214
152188619
300113334
623245910
228907270
97513349
73308650
1014384037
540257488
185344774
183075311
552264072
255361530
396375384
164864901
335499108
232038368
297614111
174703318
863455201
992382397
518767860
171145718
1020104466
625270033
243956206
177847249
234985479
426834124
930764564
437063031
195048109
358441245
322868894
165472235
224054619
221790507
198666634
151923698
191873178
203968159
221110590
364440202
356970357
160740105
261296309
366229606
341160736
198013727
262732566
158732968
240776797
140960194
391587526
105186569
584162460
800997024
264020580
188921439
155549968
58531272
252742610
527703877
73208083
300091507
165616919
165218933
140922305
151046032
200341875
569593917
151559535
618882810
137508917
256672105
215759207
606752392
601074040
149333394
424407950
370973700
228086651
187748889
256839049
101613078
585898853
299272750
213400320
181696664
207083173
227547171
165807944
447632063
100828394
191949347
110560773
339938769
541207507
142444324
384431365
129280923
256248401
140290923
306872012
373092874
301256320
219383134
336708898
228609209
245602090
295450118
224042762
167847165
262384255
257532159
481360058
315529418
84520632
316157250
313023958
153578338
287463873
482571714
461331385
349309104
332396240
77819010
141303881
220716242
474163122
255328932
222213325
228486819
199872329
192137485
153234130
175124730
230391003
268527152
264621904
13556382
232674246
174482736
342069087
52645407
119480969
314394454
244296542
390271999
336186680
223885577
270594287
243946778
166849224
307187057
426234877
164715111
175114792
251848821
201343747
101600115
302429103
174805075
234272982
164091611
101502906
233353859
138797425
5177541
313757021
279638274
153577426
15447575
288349298
368736770
369172043
142295586
29479000
136007061
183387449
35856249
60865434
185827887
112764971
90836187
44409004
14872237
155659213
130122646
18123476
242982258
289421594
296065965
330456926
165179573
246529027
135903155
233767680
140513962
243208858
53221358
