2994020017
794180024744153088
62563086
109808032
804273315317764096
797011699672948736
395583873
264729272
2998683995
31164384
12512092
8204452
188426913
304589891
3292591829
51625402
752625199380586496
288810263
1054615770
254466197
2732272951
257699456
111582745
99956161
1022229391
108110183
1031191124
274126927
30973
3165311363
2162733590
3087039231
238937544
158739924
406359709
19263978
112451668
17115377
2183267234
2659289906
156950068
475249310
269996602
166772945
136209681
266771482
76682652
17049258
35348026
24693705
351907607
28987332
34914032
134234000
270509228
21787625
59399268
69542069
23976386
317370751
213745334
109102093
1432469996
63553931
1260414475
2330235032
394665825
365975262
26989484
6571242
217359240
478586012
474903659
478919178
2541999628
26330200
57330551
898927742
249298163
2350730969
618720203
488900765
225539878
570807436
265619908
558803989
63404634
2163379944
736547114
42562446
563880901
1142697451
472239344
254172201
2239961994
479894466
148292073
1242359040
810912102
1301705670
1102281865
285618679
365063203
877753951
896465388
460197361
574464180
137585827
1343622349
731123438
1907838918
35982046
1727152460
186982547
360246150
1621217844
751941505
1043188159
202692789
290513412
1280960683
103912979
225920355
229146868
19343904
347988375
531280341
560536602
253450667
1370196528
166229771
1523246880
393006654
190412502
216686769
468718697
491703061
29479000
573432564
1456489460
158487331
196152928
1086967628
472044461
574840731
1190500590
515282359
490653517
254499881
521298332
490546254
472313471
286846403
275097809
223621277
587241571
396906752
287852244
292407606
368448835
545052896
397522226
817922354
382699387
466062428
197423614
92316956
507720578
567285728
1255648075
604377743
385436893
461339349
779860460
264915103
419797747
333958231
10934792
112608258
182440868
375353876
130467621
16812787
1059194370
225423283
79939248
488504267
624558202
513176803
463025446
113388029
483327090
585763880
461238164
589141994
531460608
419956977
531172858
451415780
967578114
16125042
102646663
961109372
80921771
26628211
185702760
890956639
249194393
291963886
329395370
391499564
466514634
555527965
69227791
333474615
568568083
372562987
380589423
133124012
381060231
37367041
85175339
597611581
389633745
472906030
199013057
304916672
431479811
612792060
582907105
493373013
261895325
485511296
69962890
473184215
326985786
50811932
42384760
53853197
217160945
313913938
104124849
230497953
135648167
492542717
568637130
445583472
323896856
425954635
520055405
506414996
35936474
40047903
33995409
23083404
418014512
183694577
402863857
104282000
189948941
52674822
350832366
308973177
18212205
112764971
99792462
263353954
186027867
42856346
289633429
72811133
240446034
273538402
74992460
287871458
283986013
14306573
6809022
92346321
138713484
61306203
47598380
35993422
163559269
204801487
104231828
228037945
90836187
107670853
253126241
105161440
31451582
136007061
14727959
224223563
