75641903
1457181174
1908199512
347627418
1004159533
922399651
14334857
145326632
2776641144
384417410
214183770
273132659
12870332
2411523650
1633542588
3197023417
133072743
30317385
782985579688521728
762597577
108667387
2962240077
3028226905
3028140114
2171590118
2557037323
259392555
75916180
56502954
216783643
285137536
8147312
288301040
3156511997
702909503998697472
167180185
100731315
18545520
815499344
168936143
13832192
15317171
57920116
2601674191
204094372
348536923
194179529
22872643
117131632
197505381
18603267
544382713
1561165364
1051146032
82124829
358673105
705807268835672064
724074157542092800
715644282812633089
2309379042
402206240
296930551
769210120764923906
255246595
208142856
750444343
264545150
857352056
776142740883120130
758317872745709568
225823544
4589639428
3030575703
92352984
106699742
179905591
717732505915375616
2865328068
59215690
243725083
154288353
20505459
104832675
3657567316
2776086085
102607971
87403396
159311024
349300271
262226099
393997516
738427623789998080
3305597481
1694219437
2394397584
392949971
3097317106
3434109106
304768145
182493733
1479568758
204467328
168169619
190133885
70652127
89847337
790305
749582467
3243658266
2325916424
208649728
3009832534
1911519085
297540490
468586302
174027585
143215062
3601425375
2952305674
3207870603
296274425
194568275
68047771
85289376
549249830
3407936158
1269794142
540742952
1902653096
15931574
21060567
62229291
54085010
3740649372
1278993830
492542758
206791651
2869459416
742778266373722114
79360717
227303186
45112524
1895181895
111052599
292915903
367946968
277253653
18848018
287906361
284745621
2307290496
403012255
266553208
219889950
269930499
2234675228
385368629
40316001
3659406796
896048634
130828595
543128024
3075588791
3298408924
32171828
501384805
130033050
351523642
35777934
1477930567
31296285
85258191
94647462
52979649
3055959309
29442313
18358637
79659508
106254913
22965624
510061330
351565702
2181452290
8235292
145657132
107526385
34342219
191077343
250227837
153493818
178923222
571951723
334945461
255789628
318713720
2529999914
1005379160
2408159956
1343714233
44633656
227273338
2547967782
145354047
2631015170
1023117698
2381300232
3048158901
161775175
1665404540
142532674
64643056
368711188
246514152
333498071
197507880
240880525
754364400
1055513570
2396734206
448291905
162264089
390477194
1947568662
176557428
1092865417
12013642
127327160
14541101
939694364
28506251
386934292
169500868
755390
242730842
1712368682
308348816
87712431
27735210
79970951
332367469
4843860057
606349760
365608529
224004042
4655660357
368705124
74600905
53521097
1344570248
3342737446
169794032
80483216
195537073
73262690
90534993
48439715
3068961287
162926902
1357851624
39170178
215996236
2696375208
2795203509
461331476
110886315
4180036349
2586191070
3593091255
3069854710
304679484
45580261
3604088177
972629899
175205560
150869752
2612628663
41164653
174459573
1457607510
125740528
364528766
5402612
612473
15012486
1367531
28785486
2169978538
99629413
237845487
15227791
104969057
602317143
1695287450
270252442
2175689126
229502027
4128103996
215392256
583288452
160941691
47786101
2896294831
43451368
46831967
103646160
118278172
91945443
14834302
301910814
120207925
184836341
66877646
111331075
41677028
379771766
163992820
14700316
46003622
515838635
69231187
148517828
191849753
20596281
325123441
345527663
212237670
285086862
2871175463
1703499732
573808532
29292473
3316102451
234879231
144947577
388484127
101895924
151504740
190514174
303941159
268037183
2381404508
376353040
2818322000
1262453520
780032935
15151908
123179981
1364365441
17230018
1483182222
771544231
2893511188
223987276
197551599
167046571
123057032
78519830
293117914
47647053
2163047131
2476023841
233663589
369005255
1416961578
40885722
337993641
104374311
35839931
81828783
35997657
158063632
27074856
2308656032
2904107319
3010769960
612791811
110798641
198231736
557130323
240859258
235599881
4619181
196833554
281098482
187423655
82151473
376186166
2942462092
66186743
1578291984
473347939
189283341
238295241
318177271
126331978
2962894017
196144903
2479775092
53202969
127591411
138129351
770283812
119805324
2970518476
2831051235
2844841960
1541214420
18458454
52439191
122234437
41932106
2596543992
18215772
335577550
2984855087
382823224
140459620
81490266
505314887
173630343
418216486
1411105952
1598524914
1093647073
1692581
2329418378
216335805
940493580
11456702
553220531
284724697
6129672
71891983
156010672
58202314
451448044
501968170
1848037524
75980351
311481299
534255106
16143105
321575853
962840042
51445745
252260792
137709848
898356338
53990838
41038248
44666028
12197032
56188234
2157768806
20243783
22863721
2163371047
274087824
2455821468
515869169
170479559
259780884
196657759
221545347
271933511
2912070869
207735455
587150495
107884444
164747369
25125799
1506877045
2905053915
356358589
395447076
122740637
147439233
225278500
283677980
548869102
202829724
207138024
345053613
271975968
939367022
142734701
166633648
185911524
1723472450
299282987
17828368
177896331
284441324
365056460
2468963930
2743083743
1617426384
16287768
192783666
20711390
454132312
119844526
197095948
18510558
214564195
2443246069
323958293
2710521499
1358190091
44360441
1673453706
213715038
599525093
74051413
1410035282
39838147
186471345
15846407
15485441
500042487
27042513
75974281
62290422
111642384
319986942
1613095693
2499409052
54639903
867276414
174807849
180253258
2618872603
46053122
427579651
1887602778
380157284
2259612037
24886570
336145436
2214099978
713282040
235519233
192492575
149341045
187333322
149204568
80210608
1117317140
1526228120
37717733
95217117
97513349
142295586
175923047
112757144
155549968
176836959
140960194
175114792
200955793
197527048
199788212
189173224
209780362
183511621
248014003
311867995
198666634
202906386
231128821
872185597
884556398
703580100
2409683900
466966076
390220919
736947122
381144338
344129966
1543728618
16994384
2557521
138372303
142296675
117662694
22692199
17471979
11348282
301722702
394145586
170069351
338667650
200140664
126760901
134671641
2359926157
334299056
1707503280
382254928
14772687
422557777
754768896
1134917533
325554207
323243704
217493607
1689119341
84959399
111895999
195756373
168637711
208573668
57025078
113705294
70344790
18708177
2458360824
46294583
729416204
50428926
532663529
1155292411
300511943
35764723
109954164
88944305
525821517
41147159
28345417
42665683
183022206
192423161
84859490
21754399
178975033
33323849
26479489
68958331
173231966
128284524
199491444
5695632
14173315
186386857
85343435
1877055108
103614732
152784006
627673190
1160690125
705687758
422703847
140070953
8159472
245748332
1231578109
262936111
327499066
39585367
329099072
468617759
278172126
25497005
1414905805
83540064
284350852
265836738
18773895
22078875
2190298878
937575277
84607508
263704283
240290907
476136697
265899946
100272864
237695703
8930652
246338362
392596124
17733303
289408290
1550764286
1040750965
464899524
2221544870
148183388
529838487
236994974
142454580
116333499
173700004
88561497
344800039
478754706
339345185
291773990
110323625
333086510
1485682681
256757502
202730231
1241862944
521758499
1258731571
200932969
488728797
30821360
206059460
266194661
273488530
143487726
525495546
577561345
924556927
2375873144
301238963
1490800194
28489585
248026743
972767558
977674440
942783020
255224497
204765815
428885306
218571885
46136516
126990459
177625592
59175463
177431006
77368403
112287904
107279177
274291771
1674173154
585114130
16041234
2336970715
62513246
2285622972
183075111
198379626
902361451
166739404
364364685
1396161031
772120471
69365217
19697415
256294918
30863156
20109207
615452497
801736166
157218534
266178979
432084338
553754073
125122481
197416924
136825795
1598644159
4543641
64733594
20308111
14992326
20371506
247373417
490070031
173655422
15790762
46858161
190678803
67119947
1318191372
29223986
40105779
85900677
504721760
506424086
1683015180
190869117
152365267
1265953044
498177610
40445356
77694285
26256322
146985042
132937730
1582853809
168347195
214328650
80646046
125454574
30180305
714791029
1694404832
312714404
79907550
245795889
409524490
1073159618
337208191
245548093
577202165
211575063
120406427
158062177
361161556
23186530
3535241
595780066
103240723
90001517
436853109
483057624
1246000525
2194048885
83415256
83870519
182098987
747494142
67555066
205003049
972651
554097029
260469368
12513472
999357428
21982720
95009536
248877722
2181597617
122117008
287377727
2155190271
175847628
156490003
27991073
196841947
51914907
946032374
24569636
859478120
292744968
511212488
7540212
212833716
229880542
481803666
450200372
78805839
19018401
19407053
149779260
104378220
43003845
267892784
1182653186
18863815
128010003
74604221
61037132
702202428
333601326
23674342
98781946
178718239
134855279
15930883
146152880
133179685
74932046
14831125
287939308
413330345
170719818
807870157
207284956
136891330
398092540
17607699
372591759
6662482
111157576
33989170
167046714
347370590
66774643
78532115
155764511
98958232
49863075
142325972
341115145
65294541
135955404
15329934
18691824
394587994
255928249
150137356
27809924
718335060
15534684
30261067
634765658
1209826651
253571173
1259722740
245503605
355741893
333716372
1161105692
208045463
278350309
54292492
808401974
221973947
257822817
376332222
168756536
599929152
55647338
6632072
368542860
248023924
7768402
47694393
37758638
25185308
384507734
257068100
51149213
215532806
257046605
272299227
1167021258
203403958
330437654
181749732
1014384037
40368195
622922358
599752101
20015311
243932789
226730183
27911944
7996082
15131310
77106024
188476059
55421040
66011063
525264466
304802834
19156937
82467109
188573736
628514842
247816345
886966891
128592382
159547415
335999276
293679576
297120274
239083330
25082628
166432581
243814347
139727749
184575720
49761362
272106447
198723699
150076955
118794370
174361486
35877310
112722629
632511298
132789236
357607540
85426644
350411337
109757319
15458694
158414847
195632388
87713796
47491330
406744818
188821340
17380360
119392416
250265046
202361044
206495217
87614234
139858648
40148479
24707538
212005903
306834787
211718770
147778149
98449172
163185025
321622186
270109821
538433218
238227894
133681320
148169879
348236935
531655941
78654358
143060375
136035160
306855216
138073345
552324567
419660761
116979927
63158225
632712685
298562860
256879413
295802990
637043821
51241574
29285832
19259102
222344995
186923446
125710580
182886702
574692406
155670453
586652870
26851173
281497546
17287410
74042781
202665137
42679994
241200888
151711404
358844013
312784108
360704069
612718570
14159148
221442560
584323199
555264023
14511951
535593791
145707219
427637898
138119908
190907104
238294367
608787984
525320050
174113514
87845720
213298301
16548023
569510579
219012622
71348800
67249917
125192326
443246245
211682243
226957094
173245169
27986309
244136790
336130252
235020494
219891879
411451495
282245759
193755669
84379702
312741533
549437929
397632308
581198414
807095
1265071
525830283
366155125
218626985
96417553
216866898
32688098
368598551
132095257
115577497
199397722
94836153
98771240
349201733
171689836
141047354
48859739
179155542
423782406
225873479
419163918
69368931
18079284
193092108
322081750
105082141
28058878
192945606
95934255
35075352
105186569
140922305
257965632
87531731
90527028
244730854
51803058
336221231
129551970
147274521
314639988
197261512
524569657
114261593
259032160
133045735
445894482
12416472
508343875
230321721
121789583
35013719
300591665
36751350
60991356
89503894
30561004
22488241
161060476
157205699
55293872
20673048
280086893
199427717
35753586
257554720
113771891
180505807
463510136
273460252
277528539
216072409
264486197
43122252
196690572
64839766
55926390
118074912
311159718
428333
1652541
35488691
190689167
385644654
42538668
162484980
34531887
145517924
322082897
193359470
141491456
52819651
300390462
14369839
35423350
17813487
14321959
382469423
201343747
372540117
288551333
344439073
269475875
281866300
116133822
127960767
190114086
118139476
61097151
136305747
218046836
62442788
114873372
133473565
66561957
209110979
66201248
198960193
251828310
278162502
321513385
271502848
43979291
264904132
176299463
30157740
221576461
62743453
297829173
296686418
365436354
153568445
334481493
54389843
39315343
244616510
18165326
170895870
256747696
34910262
105190050
235676879
170387215
229979847
319760416
348230507
25248555
163526541
235228308
153874818
114894699
136337194
185040692
19854620
34828750
15722647
25921428
168695591
188386371
250986710
174085600
222198602
134456482
207670471
214353440
298678521
214740111
162173169
286394115
196336781
83972205
171989779
202254171
75677561
24776620
18303002
281761311
136032003
234893497
254796515
18216488
51937152
45778301
255772314
128726265
229332535
192116016
276591048
51132943
161100466
262327323
28588050
53486002
197932909
93894541
236401550
27413633
266151770
16157855
90558638
91488267
119758810
21694413
34140316
245611177
158876177
259038760
54371392
220880420
131301812
176315005
192733897
56039780
187796397
65035880
41199157
112439896
246507155
245462255
244246623
242513477
15648827
147344664
211195905
28199289
237112055
197142113
205930411
104974333
130987229
43642379
156173886
100724389
118708493
66043816
211185877
34707291
195048109
199260285
93971767
50476895
111587444
175437503
217843851
55778586
34838472
202451908
16162783
31434743
191872261
173205009
167178940
22256645
161056452
46269634
198167870
163978358
21447363
63369209
75327647
31290887
763841
35047698
86405997
46205856
26696490
154255545
174481474
161054768
84969890
3968
161824863
40996173
27570569
203093566
56397720
61083773
169984648
24748345
36412555
146701011
96382385
156545066
134123412
142838292
181997781
161875426
119588510
201489831
201913424
3396111
172571425
185837232
93084919
130994565
161834182
15973392
192378571
184457107
10012122
42479903
33884545
172425134
36427320
41115130
14333756
167207533
27505823
118292510
128937967
43623854
53216554
96039232
126217335
165111862
175206158
188077077
128393253
14445758
99574785
140513962
151046032
59714229
164715111
8225692
126881128
32175916
131491513
9633802
60865434
14872237
