181975208
159534975
293881453
3394261906
695357578037977089
755152181741977600
136372603
2178709396
780520674502840320
270125372
3399084581
164037979
2998552953
744309669758402560
4928285463
1327516022
844565766
781763467
2466371158
432506494
1019120810
333576840
264011414
4778679928
787516451099963392
2984759557
4675436293
1090424659
742475422177320961
1483376174
351759404
246372950
220064543
60127996
85909790
4261428173
1620869582
1960912682
2254238180
175144378
195482826
371026690
3331908899
52269690
280333104
386051376
173820856
633728482
256837227
223899395
2826923126
1085450179
269069240
437531022
1132491452
497544943
247388607
265110141
230473620
134671641
884963431
161814182
296239551
14946736
164060966
273989018
15815700
204840311
307648541
250724961
276686461
70822545
295290673
69101907
196586872
193079130
175874436
102389104
132337337
304526698
533257020
473347939
64944344
315585961
169627734
2737377935
330021348
160986199
550487393
347956997
227677577
65205231
176332352
216429192
96039232
235599881
244211193
868329630
1145968680
155353136
559368909
69750814
830269164
287768886
141753382
858179558
192378571
40885722
168530002
917780881
102482331
33905807
122506126
291507604
61731614
2207349499
236401550
364865210
362548681
328602067
47491330
213793914
55033131
200628804
847248259
618246582
1037205846
164517249
430219793
31611809
1669260781
300390462
19923515
2204920100
494386072
37566501
231307908
1606729472
139565792
1598644159
56039780
223975921
119930469
1703105527
1228312916
939367022
1073159618
809750448
991610683
284700876
2191564322
165461355
428356510
1564715490
21769393
487069376
275613093
505317066
42767135
92162752
80320215
2169141073
2205471402
18661588
214807647
237468867
224898965
188573736
140922305
24748345
234893497
203403958
406744818
212005903
203093566
67665104
391724649
184457107
174297283
358954167
126217335
59714229
110802948
256282505
348725063
167391967
238194256
311607872
381658464
235029658
151758099
264316809
812333808
244730854
253865079
312119141
222231985
221442560
238190991
188974142
635793343
188222692
258398584
460399563
359194660
188340013
195839897
229483006
216783643
202675636
573808532
284031928
409594784
329876968
358450312
801736166
183661586
185658756
58535652
39055126
599791819
267842310
614124315
190882813
365104456
242208808
135323061
203232201
376027648
340654077
24776620
202792190
1722522278
1670992075
422993812
204998743
1202955883
243441687
137202785
884556398
1198559773
236404701
1640895067
261075737
499361112
409298864
194443887
218208131
1252745485
45013575
90281753
285161475
249334946
131251648
180505807
977435569
64244685
258642148
167420090
292576312
238338260
172315729
240024797
226310818
369005255
15762708
390220919
41115130
355809231
206682641
212450336
508064095
128937967
844027891
128242439
266801190
1109244608
209835076
209232927
858625442
282339186
129973351
112110359
196606425
239189375
287956818
239692839
171211605
258468841
218549276
342772241
225104819
269431151
291367030
170834664
150044311
356632557
327556917
347531593
231713030
324128089
96591740
287405943
269453227
157205699
752264683
327151843
308086451
193011499
234966208
390775716
172638935
260420903
110832518
1201661238
771955592
177188139
385126075
159162810
247622668
106186937
167271528
552092242
350411337
622155773
747578700
296037899
377009102
146121661
198282554
150884568
391768655
345527663
158515806
822048223
220893925
202282454
133069307
308773839
334735101
210226933
323243704
129899054
119392416
743055835
111157576
144210736
107890255
500704345
990093878
121823096
235834736
272623066
256375967
282632853
271251923
197932909
221633498
108488345
209309234
33884545
143634891
233021600
189018789
186923446
210263873
443915151
714982969
181199293
35075352
254950423
201343747
157565099
194479277
181964989
23415676
39203045
262882998
327658894
409708983
8225692
100191622
124649784
123369281
213654529
161775175
312741533
274670735
151635175
252194654
490982935
212101105
275747606
214244250
274754486
186557332
231463914
75327647
345053613
47384568
207138024
101895924
42479903
290309413
219692950
215996236
128637475
248766764
251769835
148759599
305085584
209780362
152188619
174819628
150008859
203292601
244246623
267494688
205703978
63369209
97513349
175437503
248877722
217843851
