728472848
125436188
236627544
2984690897
234387611
22706507
119298271
3258327274
2614969278
1300176698
729173200551202816
727245683145736194
1337560772
2292346613
760552429
30344534
7517222
115682368
229333456
219019984
563350368
1071624907
50665193
73372670
3816570376
819685194
355708717
2343903176
2646922441
148925237
1347595525
81724639
417171929
3019122222
496460052
496492134
61097151
4234241961
221573745
59319830
70725301
368703433
1256601128
33884545
336015110
465558155
1722316615
4006722976
95227165
2365665055
2949295595
269862460
3026483213
278072240
218102297
45827838
3217824767
370470217
556535565
2535014215
18616593
143843372
263844098
117856865
20886466
155051881
336115302
1222639789
3196292541
16202873
240339178
20913964
739417207
37718134
46153776
1910137550
1616589102
3176933679
2799220883
174279908
148578567
31926657
729006852
545416010
2310689360
40322908
3154122022
2281367143
500188674
1363580160
228128075
2376556682
125120285
3081982276
2550542804
322681145
46919513
425712646
203093566
1368744757
247018405
481012249
257684148
571340577
138358313
42220353
435882815
709220414
135628686
572088993
86867494
2751433942
166169504
343783754
293117914
774631806
2984131259
156173886
2208743720
2250549666
160317914
148850220
114894699
296239551
295416119
2149977518
2882660063
82320975
222707988
1281458976
268516549
407220801
2789921526
2555621154
586671909
1578291984
2710521499
244766895
182846757
1665455732
921622508
18994444
1722750290
106514629
322743355
257348342
149256712
196028204
605719455
31154929
384581720
2495199115
2477004011
1278029864
345930273
584039231
1543728618
2409683900
60668361
2343567860
249839443
182379105
339018570
540497116
2534167445
2395128510
2477837633
211427327
1495782590
1413699324
1613095693
832348584
1158783884
382644355
301505535
185837232
242578930
88559972
515869169
2280873482
2326443828
1297464853
1019613684
2236879394
17329538
1713641732
437231715
1317010735
551009085
832213268
250955365
2219781493
159209710
444389892
216424606
118483749
19373710
110783489
297047872
226633651
238475531
1319914874
2149780988
234941587
445077766
300390462
259612451
1206648380
222467027
397347591
1911559488
31346031
510876751
21787625
8225692
55544384
463078486
980486864
456747181
517153159
964212584
24776620
452638864
1374964176
31171669
213793914
1327557542
347438874
1669260781
396692441
95562811
473313714
381144338
1601592949
1337785291
541206966
1561042429
1523559925
1109913260
1152193939
956066222
499269892
429099774
18776605
558797310
215996236
1431360224
326397690
215158261
48504065
224898965
910922814
454242280
1418871025
315585961
34464376
269605422
138908684
126089211
17019152
262882998
800997024
326344160
281295324
6471142
22412376
23976386
200663878
21174888
440815012
22293913
500704345
525264466
142969030
1132892420
620471983
187704466
166603567
505475442
1201661238
534786383
912914372
15918172
81888587
408791027
261620277
490982935
7490092
926769464
179784459
288333760
158257935
214086191
1073697252
1066785698
55618201
123917226
565829428
87531731
863735742
87956390
10228272
83291277
307864125
59913699
114472256
23326261
574464180
585110312
935856516
312171219
731098105
936912517
637043821
205822561
947217853
171252362
28206360
189124591
14749606
913481282
315567285
450982091
468359484
22324918
322847441
282670125
272773636
38708851
96816133
160610154
521661460
819219115
168530002
800888725
182181057
179995074
41380789
50013632
330021348
787893097
217966527
456157190
562419466
758209940
760013924
181199293
625728506
14836197
58891372
168885828
213885924
632525082
733176271
714446324
1955751
272299227
68848094
145497728
126827931
125772008
544991457
519756729
293669177
373722955
322406663
148759599
309894107
593997081
282775323
248877722
14333756
178071339
45986928
467758986
376812508
16206570
355809231
128937967
132584323
280367592
95706867
267507969
296335986
14857290
49698731
612718570
278549526
156545066
297856522
410203574
525505108
571127400
77826295
126348890
240859258
153444480
325049892
40148479
590676697
467164114
180505807
358844013
370699543
566971617
13904152
15141406
208897897
408131205
268317878
123057032
499074930
14837355
142124926
192359997
86646942
14665256
19612098
19938621
27946480
26865955
17476533
121455162
39357604
16689479
201162979
474294610
17337554
111416958
169098508
250227837
161430617
405892168
110930032
437615377
218411406
509050638
524931641
301691940
15058864
115478628
295419586
278158894
387463670
354005978
447417594
122533720
144152859
39652411
42884346
64646438
226365618
186471345
46365884
496478307
448096360
138512287
253174959
447073064
333095579
327170710
418782370
471745033
289752799
231128821
365047140
48245440
72900795
123681659
173896058
266271034
73481045
278809613
460785954
285332860
361618795
342498584
215345529
100540784
236999611
138515560
448355598
76364116
211682243
457079660
248011453
41495961
9938852
456000331
55497870
236983585
448253169
231984891
181706104
366859021
18139619
42517526
32573359
37093819
435338963
146672414
305271884
51923290
369024267
293693076
387210894
377001465
202490043
436770795
280624391
430334788
56039780
129561901
40801932
294340951
96636766
169763616
240733743
671093
199883035
269113599
422217485
169943090
213720520
254538837
411958939
94057834
264904132
389736855
395423847
227691822
103474925
106143046
85426644
83972205
56455194
78519830
256780742
197542081
155753522
16345596
263432396
180263910
358389342
7593542
191237808
33905807
240786054
36826668
128351854
159222897
237585749
211754259
145282916
95217117
137851965
369198132
358328101
373956378
94946919
126217335
287790524
139556944
372618356
325292848
120507560
52769673
367247504
104354030
182575883
358269797
358283279
362239270
184909220
222604216
42400595
216950569
357743819
155732413
122054023
6235072
198222800
164715111
349290011
331403658
222969399
209780362
96039232
76097188
323462914
49326815
16983240
268978247
342964836
348247703
51888342
37717733
72307032
45411356
216117344
198554964
185305650
135018406
342497391
212380599
214757909
177345928
151635175
336661210
38765330
137034509
204469455
58823128
126370485
317121087
155549968
165116522
80815716
172887151
246792604
306855216
182964449
305085584
140513962
222525189
304161383
260773856
170895870
106149270
278065615
258875236
205408283
197527048
133797209
47756354
138415666
159523193
163978358
44527648
101842264
257965632
20155071
197103059
12925072
66467442
210226933
191464871
2142731
266806899
84219696
266049833
171553360
114582201
86391789
209397377
195048109
155714433
39203045
134906432
106922021
155262849
65167658
170028840
245398088
125452967
237743312
164746931
52210697
101895924
51149213
11740782
122402760
164872539
56560490
183075311
8273632
24726999
142532674
168727193
159342762
94335651
