599525093
300103426
222302282
1063937964
375369761
913131817
3196292541
251753956
335992943
1390616701
325554207
781322495819407360
331942531
4030452559
24974978
2467970358
609594998
2443275216
781119509591683072
3095892863
224004042
712197193013313536
1730646086
322190733
126193515
248409578
2586191070
1379453972
381711733
258098637
722526181816475648
177176161
3223746900
300390462
2896489607
216034060
4748612777
3437797931
722242630894141440
721522026226311168
531655941
279126898
372239247
211682243
715370951425306629
168336607
1182074978
378253705
3429986631
202903906
303898270
177960501
175799898
284213668
24900072
197932909
1139969725
2523924619
4218798143
4168786108
2383809338
3092258255
317666671
2224158986
202501318
132666134
3419107932
287277445
3404850999
173915149
293240969
197063598
441267544
294667286
3120523990
337120509
256747696
382254928
248877722
239938002
738968940
226746459
1908203599
3310005653
159326739
2848166182
2426020758
2493157548
132547612
350597119
197184870
358312648
2561359792
2816119311
348514673
285086862
17484709
475977728
2847293819
149583300
774631806
389076636
410203574
220792090
111722140
189124591
78961794
2736016824
259612451
336911523
296962868
2741231361
330021348
161842201
515869169
2459331523
263514726
472170901
492685859
1071624907
128024952
709549480
157714655
125492611
398933451
1620869582
1960912682
1470473430
239196350
1948414357
144866342
96039232
1128608304
803226990
4607181
193079130
563350368
1064438202
1426374667
85603854
189774978
533257020
345053613
337117972
520527472
215065481
456186168
234161597
315377387
189628123
1102068404
1228312916
525264466
134123412
295791984
187586233
163117652
72325179
284121442
197160089
216402743
457830166
271975968
202792190
216783643
111084247
1395943332
402792488
1180539462
197209621
1349769673
211374036
1296116461
1004900641
197152421
249380904
56524214
86117104
89563373
263760525
215996236
939367022
389736855
179729618
197240419
161855534
283352311
140922305
197099630
335410379
394183274
380091354
266166426
424557761
272723006
254275716
377386123
234916423
167391967
216809176
15843239
186471345
207735455
218549276
101895924
98708202
202282454
58813551
156545066
192378571
161425305
133184048
98718698
135323871
7996082
51254405
35075352
136246247
205703978
185837232
61844201
16983240
56502954
152663221
269774588
209780362
322249419
12416472
8225692
198534860
204406337
57333011
62437668
37717733
14333756
240374183
240859258
116047865
123937349
42479903
97513349
161834182
95217117
45279085
33884545
247258043
