798982445559382024
773635375390687236
166308365
14369839
454132312
752227976876552197
738394961746485248
3945784572
722145429853487104
175089957
3365430046
2618677701
2935860729
556152909
722144568305655808
716498440189054976
703601037291200514
710596214312583168
710600060099231745
4727008522
2205284434
1646753004
1546124486
2322687038
132547612
1324573592
3400781332
100540784
264904132
3273892892
261239594
524438893
917681071
2604109099
372515750
330021348
2273465173
182069663
65432405
19492370
601188846
1003023973
539501831
202792190
272685840
1543793047
577542370
1921269026
87531731
95217117
118292510
37717733
59714229
138388408
133681320
135955550
176836959
149383579
151046032
142295586
174825461
138955158
142296675
163509933
164715111
140513962
164872539
140960194
164705988
149352861
175206158
183511621
175923047
175114792
189173224
311867995
200955793
197527048
198666634
214757909
300009845
199788212
260852470
202906386
192378571
223707073
183759138
229578348
195048109
248014003
191464871
222653541
231128821
278691481
2221931062
703580100
2409683900
381144338
404248454
391587526
390220919
344129966
872185597
1195463881
884556398
1602218341
466966076
341160736
1205123202
1926869120
1543728618
468586302
736947122
1147019574
2204920100
166739404
2517688533
174057406
2205471402
312169738
902545394
1488649628
417587135
268485186
17316914
27807595
1084537920
555264023
114346377
1422654690
12925072
69099918
2343768941
2344068153
367210075
132593823
1137416545
1694098010
2273160048
1362479959
305202438
194327389
783214
374566794
405892168
939953419
612653666
1009023991
1031713926
364513025
105248235
138112719
169627734
334134186
105186569
1584135338
178541884
248877722
143372996
771955592
216622498
783304015
909871789
835905414
531661204
211616220
358954167
135877647
1408767572
96039232
42916821
38871237
57912874
27909036
236983585
120904931
577478109
479441666
101698889
206049158
172793807
1217114376
1110119497
548841795
626948383
215041719
1283987539
1151276210
212219250
615463212
1131463218
171211605
714806989
269453227
475329140
374851931
77010454
209690104
59922837
237440982
56505125
1154751025
221932415
69168087
5177541
33586484
515462913
15447575
103167687
331787024
297169759
239760107
35047698
8225692
413091006
270178989
40527958
170069351
240336710
237831617
144866342
64477046
251887080
256282505
96187825
1078530228
464028766
963408534
70162012
972227312
77512825
435050234
844063404
255587815
205575837
397491670
24702915
104974333
180505807
85603854
10228272
184910040
30040682
105270431
17484809
72344805
204840311
262882998
786992478
85788068
56039780
17549677
196423100
29749448
891914642
334273610
387744722
564731787
1123814240
261022029
175732651
381711733
161792834
175437503
63369209
79218920
167178940
170895870
409594784
326344160
155549968
222231985
56502954
192492575
70187344
79982342
43152482
40255499
56521114
45580261
31132412
82706961
28168849
81617455
17208832
47612389
17484709
86119466
92670884
79327591
33884545
128937967
101895924
410203574
161775175
136372603
202282454
14050296
16141848
823483326
517680491
209780362
256747696
97003915
142371311
200913899
97513349
14580438
