34421873
155618518
201515942
723359175166676993
186471345
57333011
14333756
8225692
97513349
160308387
4716054513
142529629
2633849858
23396100
121779106
2346544112
771955592
175824869
790254865
328296009
551088218
578324380
241729228
305730370
268325799
55743925
172638935
442755258
789856765
167391967
707096592
132694351
560669494
174315125
257483971
238176577
618601704
15809249
47384568
95217117
104974333
273056992
143083744
15315958
62768625
111152411
218626985
101895924
250236331
266100949
209780362
85426644
293175115
64066831
322397388
175442433
99538320
132797342
217326958
213664472
241250937
456307834
187573345
407388077
255862817
211691888
214917569
266444087
467024051
270892626
129862059
