14589257
18114639
87330270
19223342
1176796766
234592981
804757019567779840
1237386824
64643056
533832747
189151324
15232253
965762910
916031611
240008178
95438810
398574619
14376530
153650687
100731315
128256856
216192874
429400896
29238673
1120248379
248877722
724891783
226348151
33993367
426843970
153139780
166349076
527940086
182883211
19516523
340281069
80765562
26629072
105186569
2604466104
90981155
30475886
58964785
187411210
741636599377694721
741911509501116417
270711124
175848193
701524203011502083
270989294
230842906
751492768606855168
752924599596228608
755867291791855616
18231744
4889806979
762842863365263360
374094883
765739675680141312
766117956392738816
768551451173933056
18092625
574607464
106516559
775390313254977536
287443622
2329335084
212985813
132668172
37832734
2952305674
166350604
780098896093712385
780833105342889984
5449422
785586915760181249
134561464
786382675997097984
727783104585314306
333091292
355741893
727578922213363712
947800100
449201094
2600177496
9300262
15433228
142154133
746739697028894721
2250019658
570995510
98038810
3320590950
282637098
744454819285442560
21360280
762103255782531072
1393546051
264545150
42796062
304226714
2464894184
748279105
2272402050
105358228
76926133
876828667
67375709
753708221425192960
700789639263596544
15267986
207314793
156339635
324541030
3523411
171143454
14702268
743267462490238976
174862294
242444755
1305940272
15823588
2361799610
733044314922704898
2976857411
20113887
3305183200
302027287
216558300
2710521499
3178224542
14645160
38678666
148865365
21915540
3689208622
47168386
44801187
2937568006
345678882
46763547
226058995
114064454
243745820
72131342
34910262
255524331
230495998
296274425
178253123
431204496
382431913
1390684280
145657132
16589206
3968
116290623
4011675761
375165294
234080834
80182793
544558657
14763734
32295542
213449417
250912862
87511370
4853496491
294894941
13441072
151675417
4048216581
47740762
1018238400
9207632
197881392
17483878
20690398
3646911
13215132
14892220
220744937
523307105
1020383864
11807662
4699461145
4675639100
415006617
3026483213
175156389
19758072
588632554
46698672
2980342756
211211493
41831233
821193
1273356050
259387451
2423449244
103436724
38218145
3085609786
501440873
22960705
208648549
1046451702
508086493
513406896
138173384
1051146032
403915248
3604088177
83218279
634907757
166685836
19188692
33106944
191998601
562447259
14670332
17881816
229502027
78911107
234531386
130033050
35911896
72331901
56621301
619109233
311244152
32322657
32155861
593370001
32359921
34713362
2244340904
87818409
4898091
15110357
742143
112242274
621523
394216985
8841372
15666380
2207524212
33746386
518090788
1352265572
3693048375
211362276
263251227
96039232
3341291487
14335498
1896166172
50808221
105902911
1424247517
83923217
3342737446
353789193
3100904897
61037132
3515020702
163706812
43772102
16618332
156255447
2449986888
253576489
225590897
21966695
43192807
2466007296
112243365
60642052
14372486
816653
551285722
3243658266
3355517979
3366818188
67929008
15687962
2893511188
3352226717
420697834
597981887
499962568
2938951545
53480462
58379285
48223503
50695476
411597249
2228816504
207707871
39940092
1026727099
2604068238
51230449
312273811
13049362
319831416
632379744
2223737724
3299833678
126809336
40094858
281698300
2368278493
120835612
211725795
23454790
1423744171
74080061
2905210115
420042987
262503327
55098867
237670274
512135356
1884663464
1879821056
1018728403
85247843
125869659
39126776
1711321170
24936384
139162440
165511377
922399651
14640553
174415544
3055959309
119079265
2818322000
283278391
91609020
901108766
21708948
37254426
106580232
234482354
12380842
520547420
29788865
116270039
794879298
133034863
99035853
270445371
2265486572
3027652312
491860956
721297262
16024633
3004391159
2896294831
966091454
1383966032
459349818
2612628663
280092302
605856131
277460541
115577497
155868007
114538713
128428294
2365009926
25596113
2597498814
261368826
2551000568
1733703260
203270943
79907845
361051765
19098689
239810206
119101528
827950800
184505877
200693879
263720951
287823920
153104935
76106605
285987059
222319844
187734054
1337950939
125469146
15343682
187670429
34892463
2166427941
146594357
146537711
23112568
1941529604
50879017
45210696
273132659
204086002
76092294
156387744
110601509
97292438
30179940
108959253
294501305
2919676955
217675616
37566501
410413153
176150545
17889970
50904889
152446155
2842596735
822685850
743921581
214589613
92148995
2902779777
42651029
214289752
172387480
902783113
37053717
131380348
75643642
1340656340
211747374
361945108
113534088
121789788
251432684
120316422
199169494
17742234
197168961
320814814
340500775
460274751
17010312
17494787
1539782749
425942389
149197718
1206776484
11643312
43138513
121538572
2842869219
196565344
604701116
2176706648
43370714
24611680
2830607061
71056240
256736008
160717023
772495039
298777004
85675341
47647053
366224345
215326856
83870519
277823156
40557385
161319661
234792479
80147016
45167431
2639820754
106612255
209197623
755512112
119589339
2316366901
136641309
4816
17073580
23325965
27015055
211921304
159203775
290195775
1413219925
91390999
12197032
381959409
1633542588
144569100
16410785
831302190
2819934935
114705345
208578454
250325596
7726432
2849908579
171284237
1333467482
60377391
2792336933
403098226
378204367
1622836609
14825503
2530289090
184686645
110930032
76975703
317647291
254143324
1969440062
35514418
15492359
573918122
2800202245
571202103
2720957017
190481558
151870386
1673453706
874499960
2761604092
206517392
201770926
296037895
17948362
2380936678
42329645
287768886
1396475814
139187650
5120691
102700680
318887578
170047561
101303555
300601375
2287471915
2343797180
121490502
131866360
1870417183
33305782
41686985
2195976216
2677710018
619310331
1187457313
197082358
132197880
141018543
189191011
24271777
203516048
2352291942
851316548
139193277
14070641
2663115216
205931198
30788628
10944002
184997446
364652903
317244505
241575303
136737574
244698491
124120117
284256685
96568966
197133861
1287069474
2726959989
103466761
581418157
273182271
320524842
55659255
164368628
1117193798
182583902
55087476
500286833
1444266636
70044339
50034042
1022456479
247860590
553640563
46754821
2190906684
1345917848
60697316
756055490
95933596
156509138
963236449
898356338
65560170
312784108
198060956
214561361
819860563
28491375
147272364
44475736
2480253416
2467211491
210641592
218341345
384417410
501073428
21377928
197218160
52524889
71662254
237069360
94122471
213769505
2293010703
530872136
191666204
187704466
1155463818
211163237
747785713
127314248
59459041
1923550484
330009969
2434988732
85688357
54389843
2518898407
68607365
2437331802
8522892
1505996959
146194040
22554557
64844802
33846451
24775410
27814665
14277276
168857946
113130846
16514304
10078
13298072
34743251
44196397
57079711
138447621
175073037
138254441
576803184
204465825
490155483
31127587
1418745782
2336932487
52443185
151095180
94593523
2520400971
91532249
268434834
62229291
193471665
437458480
302442865
137832847
269829203
98037994
134278265
1023096199
2332274102
63369209
278634098
66240095
1611697987
390477269
35056570
138929687
95062945
15603374
371830169
227508910
229858464
18690280
279268809
1720112480
352145373
1102364960
256837227
180921612
109939365
2358531620
195934856
30552911
2168614623
419610331
153230640
165573736
72373653
238254963
167180185
322363147
21506437
15938452
974863592
18564261
22863721
126414475
86234800
69052412
31030634
2302403478
217196502
15931574
214758855
209655753
541056561
488324157
99718121
125519530
29607662
87403396
160427922
75327647
216904569
50927389
124046385
52973007
353965354
444894403
138185168
182097841
388727852
226268127
15143478
101846179
292352078
211672759
243709327
1189550347
16817799
275686563
260335312
360717459
2241561524
276695688
143215062
1557315432
62265654
253385756
138073345
118402829
509185272
26574283
808390676
14813320
86032567
379771766
308006465
61692503
248915133
146077976
1457607510
29367156
246721619
222876755
510465696
265636267
157205699
250831586
213338984
113897988
12804862
51167565
57556863
311159718
70757703
69314160
76875625
40458187
89481257
104678357
1236185276
334089755
339211048
523835787
353701419
130305381
1691690748
17357862
211996466
146555993
128036961
197217456
20242013
301246271
270198907
517687583
31107550
386993086
212381126
13058772
390220919
315526716
457205837
281333332
217404995
60632194
29615504
205838761
177610556
186202488
23710761
314136442
48215566
1447535030
335577550
8161232
46756479
1687175460
29054474
198221955
261029456
148388863
99164748
180623081
151068317
163679128
182930099
790305
3023861
190869117
67682384
286294275
159335624
259924138
401066789
288911355
183719932
54750758
355023281
150058226
241320120
14306815
132436959
755365939
17813899
15308469
19407053
14800270
214328650
960903805
195606737
235416160
320590894
20562637
472163878
66784616
282758049
75496615
22191111
378682844
112722629
1053765391
84369490
842892018
788287705
196874149
405247317
19137101
125986692
136761172
118218957
201552220
161919750
472657672
142057949
28949666
33658564
2253551
70407796
225932116
136098649
168695591
153119519
1072590511
1159316336
143216223
270493381
1173300804
212479576
380699743
849612061
419678842
129662343
302398940
354391858
24782579
29234605
22229820
18545520
416638644
259567558
116341480
154299102
187533008
56602240
13841712
50466459
276863801
261363727
197529406
352650969
1529149566
82976470
113982605
159331429
320587158
59779019
4543641
305928252
614617433
19682982
1496684972
205359178
264164789
61106837
173431180
53473027
67187145
70805001
290779704
103998535
1317297180
551284957
101018032
257517244
53156616
98707184
505314887
156905149
51319638
156261335
162921562
1308677785
167921262
48672185
1436584129
44643261
188506856
185317470
188127060
360936424
18625784
470525100
62719523
54699824
87475809
231139663
30064831
1380706975
226246601
229572143
1375854258
735237528
445894482
1120170506
533784284
170519450
170506231
187575683
56433681
1230655910
948139584
1024880798
167062755
278162502
71919053
333716372
31296285
277313917
199757291
463510136
1189590559
206495217
53990144
242020499
280108838
321961593
465067498
270109821
91220126
186353726
1120310906
84923673
201983627
108455006
225576690
35079299
187893471
1048091694
215398138
37743357
22833994
1067400133
160446563
325715754
121879664
845101490
64904933
17030781
341728592
273097480
32183137
78641983
15328672
75192453
84780647
73167786
1089620636
40292552
77280392
146047115
73272979
1059225049
43011602
71157497
100090645
164429671
573058351
294222441
115148911
225278500
127725961
165283076
272769255
44753803
711090842
449883540
171737683
102436010
88387186
110886315
138427985
139770034
238742485
99403105
234512896
125449759
22222535
157334503
192650066
904710120
468771898
222204732
364364685
136102042
285314625
102985795
632387918
22592059
269475875
14831125
120948700
198039958
196841947
5877762
34976421
188858913
493459879
175205560
198778126
313717272
150297540
34694734
143198983
220401175
36703482
191284336
198060398
82781271
197507880
66877646
336172927
948603264
325176929
161817432
181286674
239551313
85687453
177701470
184806851
52405899
468644133
164151976
426161237
312401674
245631259
183873875
228477306
854766104
388407583
110787088
198245765
147397054
580471979
52541236
313738921
159132363
55251197
548908193
150869752
14706299
213788113
173881963
25021786
69817719
221977845
429332491
220332032
604019552
188538226
19669935
128592382
236994974
76833681
199733357
80646046
462455177
221962547
40818393
145420630
390323451
52429019
260426363
581479079
376990653
264274334
594978490
155670453
227347685
78213912
245510401
111698911
149371025
53984152
96131098
27533840
27809924
184457107
158162585
258797088
197223060
143548512
51914907
305175950
16873761
788637722
100914565
551211618
777364728
96979639
197107548
162264089
725202612
633391252
132983387
278719489
174459573
25391423
31015310
35315587
38020977
729043280
135339486
83929198
37995190
147799255
147799255
319364810
182898997
104185329
398861564
371011681
269475924
142906351
138265966
80323125
158876177
288292392
56150416
45036663
77042081
58654814
182893700
197168123
162605230
112348029
135221605
213083837
202361044
627962240
215000482
216103340
2376101
62842960
372529222
113473441
335999276
96382385
167207533
206978872
16808624
65398297
52299185
156490003
193722120
376406341
53091269
335455850
115538588
234977156
231690402
65503906
152128444
298342063
114251470
43269100
46736238
167254029
21196531
19826509
47691912
235036740
145668588
160362661
247647229
82388451
205827557
200945204
318426980
352103897
137482669
384703398
193133300
301213185
28273618
375791660
21239672
266987316
106611375
369318602
43451180
214740111
171252554
137172246
17842236
263006990
266553208
154404361
123136293
197892073
384971625
30313507
166432581
285193134
40886805
246591129
117789682
349129085
110600897
458837594
67442125
117966946
23013192
70559130
76719609
56547672
108655200
20198233
36428498
41245324
70588331
61429655
252884601
129588606
54325663
571326420
19275255
348256535
52308960
94021876
248845681
390084019
199151761
179713702
233256636
168967298
64733594
540326547
46269634
43734182
93037054
94616155
313546757
74148504
82650898
14458280
175532018
516818870
95009536
286480865
80949016
301910814
54120842
290693577
91194522
175319824
148880874
106294966
86166126
1059801
19854620
136891330
113532231
122198258
87989352
230552359
136384759
268462617
43642379
2166341
156696867
60711257
34342219
13994362
18454372
214973293
26512526
156336419
144646800
217077998
90720218
258614636
150939794
34707291
123940577
87822648
177735898
235020494
27778836
141395840
19477451
4607991
14969013
91888437
488099220
14049721
125710580
379749629
314351486
141491456
174686961
3496161
273286970
216729474
172054589
165634610
139883973
61222995
43623854
25633777
44285309
271674234
16162783
116133822
313688721
717313
23007689
141289066
26382714
169373291
151711404
197246614
212830654
98725149
350411337
146701011
135731825
409594784
140922305
33584794
14789629
125890626
93213499
25412522
213155078
113539240
3080761
264557293
159290141
198167870
7141302
366800665
65187558
32894585
32556358
221957530
175847628
273618061
258798855
341231215
400448318
8147312
40621331
61224330
55969080
127952545
77106024
208253534
239663806
4641021
233587855
315585961
16683634
392317543
382267114
3325691
51241574
357750891
178146603
145326632
106524236
37603499
25895204
369206416
228469249
283677980
271584501
2735591
266139123
3145151
20990249
2425151
323576853
24155653
14078552
38426431
288582674
98449172
14749383
211252495
220539600
117404245
6253282
74344805
21449197
14118233
100191622
56455194
348112681
14949454
344757703
351281304
17400519
150285875
111933542
201840688
197992222
27961877
164747369
41161301
62672514
138476298
75910500
121592647
187796397
148570602
28920356
21778264
322082897
71085551
295770877
33884545
23224517
236443448
245987289
169556156
342847199
343500404
21895095
25899276
295922234
2289831
216477888
69989598
181857751
216563828
54651823
337309184
3127691
258242990
18038244
249701481
140079669
141726977
14050806
109670344
192116016
313954273
77126647
37852433
53202969
15134782
14412844
74932046
309143953
78569316
120497625
302842693
174926200
269429101
63290093
255770559
34846473
145860156
288551333
90983105
291259611
167379274
193359470
69953088
132224694
281181369
72294108
261568800
154987375
143493391
19132576
281228834
15051439
102483809
55665976
272732948
36726693
135287087
55117712
18822413
60521345
54621410
93535087
101895924
53821700
1265071
161834182
18704659
277124653
58089026
163601117
82836356
273186683
41613912
40480146
34148864
52668336
5261101
153440999
37557294
189148880
2960221
4607181
14306236
18855471
143193588
153285739
145388530
42689360
256747696
7001322
24844778
158922142
250365966
17267391
22872643
84771386
192698980
137520823
49483364
224033527
37601848
105016049
38698492
228561098
84969890
40148479
14333756
115802669
37710752
245355528
224237181
217089289
128436656
27986309
111157576
70593833
42937586
14824849
16931300
245663944
24776620
14313180
15693493
106149270
91111920
19980499
69962890
15447575
112523709
2557521
6486602
20577610
30261067
40381496
143666968
178553640
89621932
18927441
46454471
240033150
143168827
76081182
39315343
66881959
231132446
106145177
43564659
20310697
125454574
177028083
175913182
124485351
1652541
56397720
52619033
27991073
93084919
128720919
211682243
13247432
197212666
223288099
198213093
94358650
23541821
212937968
209063438
37671802
13522012
18109542
70706514
177576174
211358970
34775214
215889637
198591607
38687936
50147084
50878735
14885816
11859152
18620227
144240819
29474428
37524785
52090862
147051012
177825791
201343747
72855755
39768461
66333918
132244457
210615501
56717741
77111676
64354374
15372377
46192562
170119181
203242577
201489831
84798336
126881128
19378050
30128818
96417553
198596611
38679388
74231720
74513258
11513842
44674348
72915446
190379947
60109732
33064076
4383851
89206975
16138824
197250004
60794856
68571118
117548937
14390605
196742373
69000249
25403854
136897237
147599556
3819701
42744294
21746243
19725644
77678665
129551970
42492656
138113599
88846662
101894425
28645859
184911680
17462723
35580454
17602896
14293310
186690628
116851990
171392571
143153613
14401713
16303106
1344951
183746070
116510779
31653060
5971922
19293514
30560524
179287854
136518551
94022441
66043816
39887890
7057242
37350044
129372757
175265783
28857299
19773175
22377791
55293872
758144
35488691
20025222
74015574
45667779
21028394
157764930
17101482
164083925
2697621
14118534
12611642
1068831
14549803
80273245
55926390
50071845
15033638
53533883
73505363
56188234
49551910
70522249
31290887
15837654
28199289
159681885
94495567
158194986
14205561
76598239
107605716
70586380
39270833
75326115
101822588
135377538
16587782
44670631
74933351
32820189
124876510
54396664
66011063
106537356
40739000
138810215
113545332
36427320
66467442
70078706
11228352
86988944
1159021
19309479
115980360
61094564
51095149
90453254
15727257
17071863
60311392
30400154
68910827
56833977
133493354
22884559
18640871
18143430
14215272
28352194
33779101
18713254
113713261
32163450
38278726
20030549
6662482
2142731
8943
27910697
17299944
38536306
41038248
14121496
3383331
7662012
46301130
5530472
121909470
69799280
32487479
6250142
15187368
62930329
24524142
63796828
27827422
41199157
15736190
115485051
16529959
39184406
21771224
18671559
97594284
71348800
35047698
89631086
19258537
113420494
17636677
14999880
51503826
48813622
21453008
71353925
75389367
75455929
28381563
18735898
46483175
16674500
20293722
47455999
4046961
31969184
102343574
14046520
39900579
17214354
75681291
972651
26093519
74291318
51669204
27505823
21060567
42762931
34531887
18458454
19880248
24581156
16587372
95217117
41115130
4519121
763841
24698949
14874228
23817758
47384568
59714229
33905807
11326272
8058222
16556575
14934989
71876190
16798082
40821484
61927025
67873390
22461427
62971061
22013577
14449026
17473332
29386957
1118451
7697762
16866902
44698867
55778586
1636821
25726422
48823206
12513472
31434743
44559136
16692603
51937152
15804774
30160250
49529111
28527577
19893763
16825289
3108351
759251
428333
8225692
783214
39629635
18904121
35582524
35525028
14749606
32175916
20536157
14369839
4094891
1955751
5696362
