1089620636
267939039
39055126
913131817
2550606436
350411337
80423968
169997308
82445762
76084843
113350428
539742356
430219793
1432164668
80320215
3331908899
83972205
390220919
386208372
186471345
156339161
939367022
303941159
217634571
347510805
1578291984
192689326
215341083
1281259760
303313287
1003023973
406744818
539501831
96142175
309801380
272188801
100731315
176967282
227466451
325608584
148725054
543524920
172446463
42562446
215996236
214123335
188409587
2273465173
344129966
142296675
1059194370
35936474
79758113
24342206
2411221668
2409683900
350553181
108363128
49116541
2332832291
427615206
239978669
135950294
1604833423
315585961
255287246
296239551
462920041
1265953044
813286
15846407
286972441
2180124653
2339051803
268330085
28201743
174279908
1190505763
555195664
106112812
180015721
353455434
1399969483
164762522
209934055
145776957
592925773
718462116
2231650956
180505807
347370590
136513381
2148302864
219012622
287377727
148235755
612653666
212373830
364865210
174900843
193932439
44952259
1491094316
1418268296
251887080
269069240
316214134
119383183
162449540
228057973
57333011
291379401
23083404
1467813042
69962890
19923144
16212685
2557521
129899054
240764142
374311712
1093565454
197226480
16228699
134724484
266801190
408043758
242787787
162958968
306607819
319482091
344142233
746261078
199739677
163104559
1011990578
202906386
1006930248
975083754
371025920
58535652
112509154
50646532
876330686
304039731
771955592
256747696
258642148
306425070
210226933
359194660
896492862
562491902
205368591
36843006
274353528
208136757
93646686
155549968
105186569
884556398
92627943
556944013
147778149
59822518
977435569
199503842
1101390572
800997024
57107167
175156325
363934016
165616919
147272364
52731918
181801599
166283637
159853525
1075537734
129925143
489002307
220946596
177658536
428529116
277180205
40148479
505137591
171118532
271502828
217898264
134157358
34910262
247878386
131390344
5520952
351780650
136755395
202792190
837020268
960766016
471620470
191949347
197296066
158196460
127869010
187796397
238867856
81691681
196406039
473469791
14749606
426963836
276662368
836913758
812333808
217188308
240000044
171982174
314625513
315013458
840058345
60661915
25365536
713625342
352584383
619602853
267594903
177639025
625608184
170296489
587556338
360071125
208133552
389155479
183012445
155040284
155745396
584162460
152883479
246393715
278720274
39666539
374851931
236217759
140922305
182154633
305085584
521076944
96951800
96039232
142181115
286959330
226656877
355809231
95347202
123681659
358168435
35875456
279105297
62387297
389845002
212058987
154064973
248014003
341160736
154138706
180358372
27750488
390487932
264219136
274128520
285853195
135323061
31927467
204415570
285837887
57400395
303374997
260107476
73827226
201343747
158751633
212005903
140610583
209780362
80191197
254274083
85603854
175847628
182225130
316159942
312392402
231667802
229252295
138649632
188222692
170895870
284891307
118801664
173976132
85426644
174150187
168237661
175114792
25600333
176136993
199423443
237468867
262882998
244246623
220793233
264492552
179567836
202722687
231463914
134123412
188340013
39203045
18661588
214807647
198666634
161775175
167379274
233567790
224898965
203292601
222589552
235625906
208325031
217843851
78112572
81270734
114582201
198226950
169627734
52551600
35140469
152188619
203093566
234965852
63369209
231715482
136007061
183917709
185086391
23415676
196887054
182199848
144964926
208578093
172401782
180401542
5177541
15447575
128937967
24748345
195048109
183075311
182181057
76092294
95678644
104974333
175206158
175437503
44409004
209469367
140960194
164369054
139932725
197218752
128242439
153493818
167178940
101895924
189173224
134937118
147020852
176782590
94946919
184457107
57080557
175923047
166866352
180595584
46205856
84875539
156383459
186557332
76230542
140513962
122452091
121012010
33884545
159122327
84012691
97513349
164715111
178729631
138478860
59714229
