790738974092460033
26674531
290401936
1240585993
735131460949139458
135245013
390220919
570995510
1469402426
2798076356
155670453
18863815
407072617
722058248338149376
155659213
8225692
200163448
2237744911
124825689
129897568
139819026
29479000
215797451
220946596
140513962
70725301
538447484
296239551
133051204
735479250
929956915
2561610884
1543222849
3242557864
2393423492
372556518
229286201
3327038481
175205560
241266315
574539764
500440742
202037702
63355456
82404658
13784592
5392522
18812572
17134268
7744592
20673048
275686563
203651584
171225792
15290441
7517222
545511838
965362218
807131618
1485177534
46524590
159547415
2898107103
53468888
145007978
240776797
24552584
161834182
313139963
264607422
51498265
231637184
296723507
2384062382
22286470
96658012
2408977246
836484656
2385759296
2530159076
1610285629
437531022
728348515
125710580
546357711
25125490
480063218
738680118
59220775
1967956632
56672147
259924138
2486097415
271145882
774631806
372047250
1923877634
303952271
247288139
2409683900
128351854
322681145
2268117937
258923616
344129966
16667262
211859256
1164338792
2532257332
210196467
199354750
68380619
16518848
261888969
23733035
627673190
558797310
41622068
160988444
2351898616
2237587744
577103545
1473962766
259612451
187589619
38747539
84289702
461564458
91488267
90558638
34421926
106031477
224809313
33884545
2254548583
24776620
95387235
229260115
583476723
1591489268
175437503
201343747
1014384037
228609209
112757144
625608184
235676879
216245081
209780362
888012433
