34507480
333623378
101303833
376885013
19359616
54601432
51735659
37599351
3395478131
17881816
27260086
380569832
15485441
44084633
551434072
104191345
1571491362
2159461650
173724285
193148475
323218074
772800788
446450358
1268587740
1283626080
28016463
153244030
31044097
399589312
155664500
1148786814
275341853
1908199512
135323061
323985445
2468229102
435903503
2676210728
201271300
703580100
246967481
159547415
701759219
2490637678
19654807
519190015
805920529
100220864
46452468
446841846
158829779
44670915
40445356
157859662
196054219
2279792658
298027535
2148302864
174279908
2468103864
279019812
2620449038
1119906512
193428516
412528701
2906208899
2958358121
3111829534
2256488185
77792947
1245154663
69413371
634386903
117540746
3214618000
61844201
112757144
195839897
172411932
413382043
1466105228
237092406
207579582
2864321824
239911883
246967511
247888531
262882998
188965922
2976811576
3060203379
3060099471
23976386
250864362
869161357
2769361021
2645553240
2828826798
2834583875
2205178333
82722742
153433497
870304279
577355204
2830693982
114648454
95970111
282763305
98771240
118562822
230339250
489789258
402962164
305321376
180505807
290788786
466966076
16515963
636181069
1098719042
131251648
269069240
256282505
175692011
326513866
175437503
158616543
1029323618
989771808
266801190
170834664
261022029
97513349
37130184
37254084
295667537
254275716
533085085
251887080
364865210
330446733
63369209
198666634
2204034272
2359476565
1670174994
955605308
431498511
181964989
2506947680
950341134
342599843
620034505
2541333186
2468012868
2290267244
155263698
437595701
2468037134
280692877
175732651
924319394
2156642918
870325416
1241681971
997112515
1123814240
202977899
280322827
104253533
218236405
1876927410
17549677
330025388
82145279
1323944575
64904933
63803754
1075537734
340360210
2350977601
1684048940
2290339868
516830480
2307252116
77010454
277180205
65186457
715574636
144641580
411885150
535812255
2229031730
2181088638
2269445095
214807647
182225130
267255869
257194934
19376628
1711285076
204840311
1963747321
898223516
887844134
1904700402
137906569
1411067124
28706024
186557332
81526308
594899422
1636649010
187320310
1679295386
231713030
940364888
1317253765
221865849
417288001
91400053
31239408
75824425
1308965623
291367030
275787077
39762092
410067704
109952167
836598600
370411501
216758909
524167025
48440157
234447652
237468867
600392363
43152482
254274083
85603854
375645792
56521114
264492552
26565946
105119490
158314798
84279963
209708391
222344995
14580438
235625906
167178940
56039780
45580261
217843851
1264861698
20896937
196649590
916030976
1228457503
238049150
171516353
40076725
161792834
267518511
408949540
241131413
117257978
240533509
109427077
177639025
314625513
154638119
219024755
282109095
276715521
59066604
288677807
309819192
321617633
147020852
214348776
223838707
169629294
213664472
398464974
404248454
17243213
1117456123
830311657
1132663944
630197963
1115949488
1132700642
1134719538
1134707540
1120687502
433854655
578952158
57771282
860007374
198226950
327692638
128242439
174105650
249325757
108463550
506460244
764178372
329330123
15846407
91390383
9695312
35787166
87808186
36483808
24702915
41221076
10228272
19691643
31927467
26090319
23375688
16409683
25365536
24929621
44409004
35094637
65992743
79293791
17919972
21447363
14230524
