809441474215628800
4594934113
198666634
1571373727
2393423492
482604882
793163711095660545
3234631121
741839706153996289
4491790693
1425651888
4750201048
1315424149
44931080
115193742
138099903
355620207
319296983
606349760
254274083
1658641988
723981792362041345
338995273
4729944075
1074877368
759178384949870592
1675607696
3741102016
747999129159204864
762243637585518592
752925709342048256
3404319041
2329414356
728239793096757248
743758201552723968
732985151446241280
748590675806064640
3843324255
722915563186458626
4536224919
4168852335
4707885977
4365756736
4430181677
747875330354974721
723212441329475584
4637467954
3254826431
2861128005
1415978227
269435379
461922813
2885998923
735131460949139458
3349999077
484437361
1421109164
313088853
2503677336
234990169
728998798228250624
110915933
317121087
1275364436
2426040710
37130184
31926657
28102807
156823295
2459371
2984710808
128937967
154281178
304052592
381612317
2202813750
220496934
3220062970
150646232
252884601
69962890
4859689354
277165035
2798076356
196903477
338418570
219330873
577202165
2905483053
147830406
255759215
368542860
3091473417
558486062
336145436
1380683827
151046940
205364510
120229468
270109821
323842059
29479000
255501384
491578273
3601425375
15095537
1611057229
131251648
3397585287
2334331363
212778080
234043665
625608184
3085235301
3699963801
182181057
203651402
1391574338
3307357545
3100995664
200584459
3372106840
3367156763
2264453726
630338235
242188986
2445627020
1245154663
111316809
151989348
437570718
1197688009
54095057
186941132
364977737
577103545
73235045
3003338945
396883119
969361682
2273465173
983050050
290233425
421405547
465855867
2153380262
563407419
148590159
134937118
344129966
63158225
1927104926
380906558
214757909
28384755
462903774
186176026
46720765
437018461
923670924
230473620
342498584
232971673
310673290
2834583875
241183704
2632849354
1262831526
2474920337
1330502617
188845981
734273786
172897952
241266315
92627943
322985915
1864972920
522680425
2545108056
1249856474
414873454
2710521499
199421771
274612093
275675372
472385266
299900886
226590250
284176296
1003023973
592079689
733974254
137402309
80210608
149204568
2327427163
176467344
2530159076
62193394
1500147876
1924706814
2411221668
167893157
425204081
1265260098
191464871
733388336
813978373
212005903
329915476
2483888707
280864010
576603734
2282485206
357611344
64596376
11348282
277359012
803020706
900523296
120892870
2285622972
2409683900
571738267
92367751
211966707
148008310
349907798
1102348886
631404169
272274855
250929290
156391119
1722387486
1939092973
272152647
300019646
2289291621
1876710259
472460889
2279498256
1613095693
204649153
2339238559
1390843184
63369209
133534638
436090011
1582853809
223010356
2205471402
185341643
2205818208
207333818
1944425444
196606425
1523559925
410203574
214807647
244679608
178691426
936912517
153020923
348725063
217393969
2190704120
919715060
287377727
251436046
1712769492
524816073
394360111
111478124
250215798
1735716108
1222527320
340973041
1667874666
186331208
1684038020
1667492167
581483392
109293465
292494042
307057111
1665521762
135393154
229330458
253899395
208846385
142823174
211697602
279346225
823464894
190365519
276703155
338328935
718509391
256159528
235371483
314188502
1346123496
325640167
131882081
1566237043
74273490
1594176624
140566456
1268472806
603983679
433420206
252369833
262876018
627879897
283565219
237016860
434639094
558191736
1610285629
1408760492
123057032
219055550
233021600
1555516945
382189312
247917506
832378022
443865365
200883526
481341808
441538192
236967489
271975968
1473962766
139448267
72141176
481502205
577500814
243231526
81888587
290240043
1332662718
1102221026
1278667322
74276236
220946596
525264466
260006132
158195318
1122637562
957409634
322465183
576110307
534876911
1237614842
555264023
1266939942
169572064
275341853
47491330
310880737
128351854
313757021
144346223
1123409256
177494164
321617633
30737533
192582113
153092956
218702742
106742844
209780362
443108936
225259092
241258722
1072016671
133126777
633728482
219326542
948486540
340104002
209218722
406744818
436697502
282754474
310597773
205108303
302147970
493762136
966350174
1126869762
402165330
1009260552
535552036
92109862
494367808
529115256
396734372
1093209151
422661687
316213668
167681678
482523759
317427819
385808415
316817769
375339006
484877794
237919313
170784868
331220204
194000051
378701697
46115620
142554379
285925444
187598651
188395679
167412295
236462182
147605688
245506497
298080332
305807867
109912497
602922803
141282806
812090678
380455382
210104371
178850894
174889546
158230366
781442534
189239102
196488032
157796123
446377171
129961998
375244040
197250638
237963402
851455064
575441578
1122336673
364443057
185305650
215532806
138477230
274131375
1064463906
106843813
430886223
147778149
51328815
173931697
176266318
884556398
362775718
381144338
1027859083
276686461
163052032
171594066
174296208
255649220
1035192781
379542259
37717733
252619660
228734204
189632479
33884545
136372603
231200385
315585961
162459215
169627734
348084225
149339474
162153952
437531022
151907085
94057834
188112511
323243704
260012513
379350038
263393738
245878132
105186569
153112047
169647258
295719655
264302953
268995475
287016818
154026818
214992445
261013970
314575493
197090303
337999309
219184235
521899253
241386222
599559381
267794508
216507003
222325623
167442073
207237661
145337361
56781005
416289292
197221821
156791186
950975888
280216537
625081282
202906386
305391246
556944013
167582221
239471147
254098572
281577461
264195152
140922305
279739375
178562480
107731128
187809745
109671762
236667973
292620087
238311881
267296996
542069386
528887292
707464434
62832217
187796397
115556524
138661006
372915315
437636228
381766129
47241672
315377387
56405314
33694840
244659476
819219115
145739854
612306136
52894065
574098338
234893497
506372572
789856765
205390934
334735101
222886557
180505807
807397398
201343747
184046319
202282454
496365326
466966076
315909472
543563998
215439713
703580100
747844519
55962997
151998603
260773265
573808532
597911796
581198414
187272155
111416958
161526116
460347098
290928874
42933426
248877722
599359213
491953956
235689194
241778613
199884016
214086191
231967403
281618851
176701556
177447826
203403958
188573736
258468841
221262592
397763394
126827931
159748270
26896416
213745334
426738834
142418821
205011496
477967325
324421611
20161246
447647676
260069199
591513956
265982289
504240759
219012622
264224314
287296722
155258581
197273436
80883761
288767336
140890665
161814182
297916219
195839897
165164755
279730291
566742936
49698731
197279625
410626783
217134016
127667690
407494446
346149782
234952687
144998423
493562140
218046836
261358555
231463914
448041055
285332860
524729042
186706127
521838384
218524679
45580261
259784288
227233892
353831909
295706966
267747596
261389349
158825174
46840915
296594937
167046571
194299788
257965632
170834195
189589792
88681373
314625513
188340013
214576741
129670710
355809231
148513726
435409644
122288282
183889728
221869582
234859090
198046538
357406609
265096554
56716207
146697911
303504622
174731271
50871388
125815476
399732514
218349134
217953727
301229004
251667642
219994890
101828001
199152521
173688432
87729855
191119202
390220919
201271300
240000044
387434549
332911903
161429093
74042781
200584667
82982132
365294167
70314190
369041268
231293418
307107727
190882813
147505977
222344995
84219696
19768795
117656061
361451715
244713177
265635742
274336226
226636567
39833927
230254387
71471577
94177342
287960323
148042418
51773585
280823020
91210854
204025866
221102541
262882998
311169618
95934255
369163748
240430908
235720698
300343789
61341530
197132375
181392635
24748345
24776620
197922665
186557332
174492588
260924925
302905258
177338726
309167760
14668027
190852863
123594658
269981959
221968870
131045810
267158028
352468422
197152279
170028840
269069240
33898702
182256606
349379204
42929861
278814963
242374609
274133890
186923446
138955158
122117008
52457814
243703742
186471345
276079374
311159718
225189585
155549968
189173224
248014003
140960194
138119908
236024779
231637184
208272059
9734612
168530002
257298067
158732968
232212010
286959330
341864146
275620131
269915720
185344774
15815700
198226950
264492552
251887080
287789659
81526308
292076440
227677577
230538088
139092348
247288139
51838299
51832360
179560129
92670884
272070147
291367030
17549677
161792834
261620277
182225130
49133906
282836853
223838707
72325179
240764142
269431151
231903009
356428240
171133573
220783443
274094853
227188063
253384266
204507710
220156803
104974333
311867995
112764971
130122646
305085584
79327591
86119466
142295586
54389843
150008859
184457107
217843851
161775175
174297283
224898965
170895870
237468867
56039780
244246623
239575317
204415570
171944122
151046032
147020852
57333011
220793233
235625906
175923047
165616919
167178940
182852488
59714229
195048109
140513962
8225692
95217117
97513349
231791638
183075311
112757144
273984297
90836187
185827887
136007061
71303860
85426644
224223563
44409004
47288005
23605048
38871237
43152482
55033131
77512825
77694285
