136372603
732229555377852417
267939039
320767396
285086862
4928285463
2467970358
701759219
140513962
1610285629
1658641988
774293755188875265
334945461
40344514
4507742925
703372561
32167064
294485766
800708255341125632
913131817
327499066
330098896
113789487
765271929657892864
32573359
167391967
14333756
2739853685
2626791263
1694857021
785883745
4775512149
4791905304
801736166
266307875
930384048
165259751
2231723758
315008651
231307155
328715511
230241653
293872454
130519790
4778679928
3017991508
548683892
752329613355970564
752326430869032960
744197155037057024
17484709
740570531460698113
198343660
738392890653708288
732663976291631105
251900210
723353875495919617
186471345
3699963801
3099579664
142532674
721882267564535808
1473962766
557130323
4890258869
2500425240
4196228355
4235732836
2784208652
4179435227
246112803
3110534385
391341275
4130683481
2868192486
2414260611
4047772641
4070700046
4061081481
2409169098
426319461
974336532
2450707698
276462260
632015758
3571967235
3237357929
2724580380
286887979
3366830092
3355279924
1607509231
179151548
1230694004
939899532
481752013
2617618026
2993536671
1231271496
3048706807
2840954932
132547612
137920632
3098343767
3064327768
2518305698
14946736
705164725
14344367
2826833034
954314562
2285622972
330021348
572020654
391790699
1004127625
152003811
164037979
402709091
2690967020
2800843590
851920147
2798141128
197041714
1219437043
2771690239
274646042
1936640000
1626326426
2710521499
1461196170
717727412
2559530934
30954925
163589918
376449521
95285037
22801141
319817141
345053613
353466279
226746459
360249204
296624784
558931871
2383809338
592053885
1674307278
898446852
2222105419
217984808
1960912682
1712769492
124053720
1227618841
118562822
217493607
412670199
369779016
238254963
459773576
46730182
946249418
1151912796
737944560
154224817
104530369
2206938075
2321282154
2315721740
6375322
1021210844
315585961
1258366562
373081142
118584575
332059937
293135073
197554438
306595082
215162901
513996600
320275286
282384347
1055204419
54651495
1158469368
14629092
273121446
74296039
908577024
1959481339
253116745
14675685
15430614
174016637
39334971
277832251
326295586
515975355
1944256022
122847888
165192554
597509371
1226303216
368576066
287299755
1137490549
287377727
257077309
189772347
946032374
190640526
1939867812
219683356
1736076295
1659249086
196005832
1405482025
1658266424
1408771098
588376403
257679569
403865257
279118954
133051204
59940436
330332299
1361720023
1151198198
1399963838
246393715
1434350532
789856765
451110436
719243154
360723022
712647342
271975968
315318835
224898965
92670884
248400397
370851785
837982392
190790193
434267692
237468867
637227914
297739020
308832156
131967894
274388094
143997360
184881068
95934255
287789659
257230007
150730898
210835611
332868726
336659594
291998242
221548721
26493482
615284440
385937481
353194464
947217853
203691685
39055126
128071750
174086598
154227054
12416472
247887819
884556398
563350368
371320769
27807595
473347939
703580100
208272059
437531022
131678665
1237691227
569401340
150924937
422859202
162540855
320426688
55320576
249170506
222525189
326706092
63158225
18678240
159727434
625111818
340685683
202675636
385473817
164911885
302420715
143678290
62065384
43732086
338623743
79050790
356366033
125441504
932556294
197105155
341098630
321647557
548855111
289489187
273042602
163220171
220406737
282177554
428783481
461776979
564811916
292716499
197155752
245976311
247386029
218168818
1057992392
599812725
531683604
447161998
314261101
310309545
210833532
384752720
221133265
10642192
976237512
43379625
154238719
233717919
586206344
366754383
97777405
1056548647
479949032
119268809
480661855
185269293
196655480
342137960
385692876
294882346
123277266
130049939
733836642
813070314
142453986
338950624
118748229
75352594
315939496
564588034
219344442
292700980
298313426
308181247
484021632
18373361
314130491
244229151
221491430
803766282
490917968
897827262
236814594
287300853
153815923
201004254
449360415
208069273
418322144
392819068
238122115
595100021
541353025
930772459
112027760
326917290
378284055
527886729
235590726
368928695
213000159
632298182
135589666
408730362
186438719
280793928
182954897
69350036
129956260
1053182384
564336605
457628384
14213273
180802497
450640702
455285595
587901295
187967073
180033684
182938771
939367022
143828651
488055356
608554639
857050152
202792190
201020743
621456758
628844001
142295586
342995532
250232548
233620890
139262250
714446324
1955751
249196051
402792488
228114775
328279886
271212705
250729244
258147307
318702343
147020852
452831938
232841961
300009845
410203574
374105572
219012622
225145852
135221605
234893497
296591346
278065615
212380599
125492611
480782173
161826771
147778149
98771240
237368652
353283746
199514617
512273609
284213668
258398584
14563023
99145931
27139336
57364350
43467783
16435881
202282454
182852488
124061018
228170048
355809231
201343747
95715393
244136790
357607540
64331621
489842927
116270039
487006951
75539780
207507776
198595684
235599881
330334759
142823174
162467367
186901710
300967292
372085263
327443504
475396596
89563373
96452560
142713169
7863472
393462443
205274536
180515028
61844201
151121924
122403323
16913772
426076591
128562907
161816046
161814182
368472038
145739854
36490059
161735807
161824863
221790507
138955158
313088853
262882998
137710681
287960323
81722116
317858032
165164755
220881311
186353500
214807647
341864146
202829724
58535652
212968729
285137536
271933511
235029658
134895754
256747696
175923047
222344995
217843851
2389571
247020340
326344160
182225130
264492552
164715111
35047698
195048109
254156334
402392874
396902352
93210673
313682711
132935764
151527087
257948989
34910262
59714229
232212010
322358223
198554964
134123412
193755669
185658756
174297283
10228272
107268823
161775175
141244327
317877117
163978358
305085584
115257148
215996236
13073872
313757021
193079130
276686461
33884545
137851965
346978578
62437668
154138706
129973351
203712158
351900780
159547415
35058064
231637184
112757144
109590506
175114792
189173224
62691393
203093566
47384568
8225692
15315024
9359832
232237571
105186569
355125056
221442560
209780362
119826263
173896434
244246623
101895924
293620618
267494688
285706743
246839553
134155695
196715748
135690575
195398354
9571502
61824316
164000864
196663882
184457107
54389843
274259338
169586022
128937967
151046032
167178940
97513349
95217117
51254405
173992389
107125609
