2832403829
368765497
134671641
4872121847
810231784793403392
805888500339982336
810532060142194688
169024593
3195443032
937658695
914648310
796453426813145088
704688906755842049
238246726
195048109
797505567791185921
3834598342
4719214937
770073204308189184
757715599309045760
806308781709725699
741823429
191624090
737670118235381768
35011753
188517571
757680378891165696
34677654
2470401682
485695706
738923800557944832
4882643417
746900287353389056
795713722371162112
330347721
777941399186604032
123671255
246325075
738048393587613696
764388228
213083837
780963450591862785
255562777
263475441
1417226940
2217977191
313088853
176934731
2765333238
207273450
771170960149843968
1118296063
46588367
796198622161473537
2331061
1395597684
3233942781
779694615779762176
112263459
129810753
1918753152
405443788
1965740845
353194464
304623957
14505405
801736166
768672327722729473
4292118441
237970353
1945127204
300461333
2699732952
488887873
781146911000653824
755446115458318336
759124956957569024
2425835396
324663901
472170901
781173006819270656
24974978
2624547322
1009378164
4844529070
704066266
765934672421453824
501956236
4049194557
170069351
785052938
775878447205867520
733130149
2270033355
2793056989
193079130
2813435612
789308282162782209
930954260
2190541772
467826029
2696375208
315008651
1014912373
2498542905
376324048
788765533114097664
160411784
355809231
788544905698275328
564021396
784396880310657026
4236147694
360682978
394076951
364911013
268485186
548683892
413091006
545541525
739816630541254656
329407983
594764132
2992673998
880651508
788069938393219074
1375028977
373132815
333056540
4850923503
353283746
198105045
757237646
974352224
4181501295
2859042820
235292814
218571885
1076751240
747607848
87531731
198666634
138955158
301864401
164501242
240776797
492680819
1195463881
223707073
135955550
1147019574
390220919
411233053
274179016
764122563920404481
300279484
311867995
2455821468
761900760523309056
4853625328
4853625328
776123438339596288
18497357
2359772101
567538455
768632456035598336
312148756
623893088
153494192
398933451
202302127
2348818905
3209975909
3261995745
569401340
735261995704979456
758304485236150281
3909983673
1378089271
246839553
782275947944869888
155549342
3054429297
1687345812
222231985
3181905053
171421412
594928009
3353644449
2795820065
163898311
2707862053
764338380025004032
742486138523377665
89435190
74251501
2617618026
380906558
782000629686337536
58535652
612791811
743475387401895936
197041714
4911277317
259313931
269447602
314668226
53720857
2222167502
760219243392724992
746739697028894721
1691387581
716730853301297153
1402283196
248780720
143183970
328279886
2349438536
262726457
1333284224
1333284224
742475422177320961
142834992
1182074978
775695751175409664
1007961763
141784227
1722486516
1936272445
236872543
217244240
19776354
15648827
35613980
742495289802645505
3341985520
714657803672141824
400233106
160412103
705550820595646466
711036326
297139500
770042892
96984427
563259628
765566621763117057
598747390
927766975
3242024391
394113452
771107592764620805
2714711512
214185073
294379646
618153416
618299850
152760974
1242192223
152362027
3305281468
213114778
737805456173899776
632015758
762164146754428928
1638051926
1963620685
4460185822
807646518
539689108
2962953467
345762894
97777405
775012774946668544
1488032101
246344312
162167038
748345149994958848
2946034371
755808579228147713
311563988
431911580
136047342
235757188
158787373
2836721450
826047535
282667267
2712432139
1497249013
774666085
82895216
374502481
974595830
923607415
2680931916
563350368
292140395
185763616
2840214407
3345664349
719734399487582208
1702631292
757396181655941124
214243464
17526349
3415325397
91924116
4921105227
259729284
2927082442
3385133626
56039780
458488239
3405116571
281049020
2600446500
2958448817
3300956157
818397068
2315686140
2315686140
369118094
3246549946
313256431
738396262391779328
1599093949
274852470
1599469286
204406337
768302879652261888
47384568
453511820
4262548041
726037890451517440
746341128413286402
763799981153218560
748686445599219713
111393590
1678172796
763499429701775360
763499429701775360
1854593312
767438699076386816
4664718327
721035916249276416
755226925610725376
227794371
4883742184
3383192020
766418015860715520
1210919443
949897206
128321512
374197502
3347810153
2360003682
96039232
330021348
248877722
4779967402
203279810
250232548
1512400598
735309740553687040
714204056
2227547050
197097278
2881414367
2431973539
270142747
1969620278
494998144
4785221295
21095041
228181727
3022401545
240371057
2214163144
1447224644
1285973880
113789487
762299940
3092856369
320892377
2441975029
965041988
2495381444
3290434620
249350084
322249419
177766115
3695085077
3709853543
1966983870
4342391661
725888113902534657
1486787684
346794927
735604989977059328
1533709130
555194821
1169447755
129183590
731845055921684480
4886416162
2681141634
7996082
2598610682
4869962249
337757598
721517157889269760
7540762
85124748
2814288658
1323225114
186557332
188919589
171318378
762489893700251649
170757846
238990695
231656092
752178696803450880
1391068226
2874640185
213892342
265649369
3326052501
1284835406
131946913
755123927433764864
72741494
3892798906
4879294402
4851066471
4851092957
4851018989
4851001727
4847744404
4847606409
4924681649
4847310227
3836771782
4847152005
182861781
1536724363
20454653
89563373
130049939
3343206821
1408611282
2784228805
717935539828170752
731822355555700736
4774663053
549301183
3262141767
2172038949
453956324
1323043356
736585112037515264
704688195053740032
218182706
805699704
760998203550564353
229164280
2766516237
313013686
378253705
199788212
381765738
403459395
637149073
2430759098
319389216
47445020
4880665273
244713057
161067751
231266322
231266322
475418221
3012635138
247903239
732947756579454977
975135464
260288529
4888264817
364506353
4886621613
4153670116
171931126
1881171912
4886709460
158576001
715221814838865920
1378296955
729863032570941440
2386010340
1377832170
179660993
272647124
717373500189773826
3088059186
742845055266869248
112290812
3140691180
4850930208
4357810573
994018968
3082489459
383945504
169911098
310001242
211188961
2446093284
704729777194835968
935328746
356088263
4851984605
266575151
319232464
326344160
3308625381
753994628400082945
399020620
359135129
704048580
4845994377
760689813800493056
521442024
3184723248
289159529
4408319026
712376979320733696
754088650808459265
3011689651
199025064
935358427
2269748856
2269748856
2273543832
741086010499432450
1671347443
327519795
272674762
744328794325061632
33440371
2744730125
499394770
1135761140
1628900802
777058794
1465462339
856928641
197126394
2593882325
3115153936
1165464895
485972717
198942558
3156136846
163172001
769800722
362040724
188954038
3399559223
110762581
935845489
716632214709121028
748343467902894080
3120308223
2998596315
230644185
488623172
747516900985430018
2208169477
408545894
4862488307
715689186511228928
715689186511228928
70694404
855813589
594216220
134560658
335659530
451016747
1700751084
300966158
2514147415
754130659266981888
753236054552051712
173680703
478567222
2872403457
721481360582512644
178450952
263476409
1403843682
3729280703
544750215
251195758
153139530
1473056274
366152218
253395986
2153559394
358933113
752967158037118976
771841304
410318421
792518742
3000683393
708677673938264068
3590521042
360810413
306311289
1563066860
409664655
602377510
3015796905
155283175
338524011
1595872022
229326451
1112630564
739634318100824064
3753572241
1029316232
494425148
335939576
374304350
722916396770963456
2157994235
4827954393
254040841
1636647925
4169106893
3680044701
273665338
208303008
717108038520467458
3068895881
3124205026
947905466
248788742
820539062
720646367253766144
2788372875
2947367842
2468143266
1031991924
758858200271552513
871064946
625986227
1231271496
556152909
2513630184
2500343690
445967530
2319250934
792526254
208832200
2693798443
747912372304633856
381711733
257729718
177641139
3087462603
900461972
3262227959
284780248
623501147
718144601723387904
1252299331
3050152694
738880990467239936
1679346396
175184292
2533971985
2553761227
4152156441
745250162721816576
739208590767075328
952126297
749987790788653056
750047932469108737
750042083365384192
750064931853205504
3911073509
749982230177513473
750349310898896896
748277789149761536
3131170779
2379126588
834775807
3262150317
3300954316
3929134876
987301237
741840453918679040
751586566791888896
750865917563826176
1074031196
118798342
271001093
237782128
2354586135
757779436003553280
598010809
3302962535
733060070280433664
214573424
426129295
325657460
2981906608
2767173269
1577996022
917609448
757666277150322688
2885230361
2561112905
1271245363
2771366017
4013270775
365860744
3132067824
350381634
4161096838
4847091711
2885022280
81802951
747490285400252416
4848413369
2475475381
464111611
165213948
4740952042
4847394874
4851010336
4851010336
3076371887
725824741941075968
915792750
197148211
754036088688275456
1411991016
3120281445
745651501192863745
2626537882
1921188986
700429207332061188
4339109417
917849684
754093423850823680
177442897
249196051
2190823292
748510503010508800
202265993
745408780997787653
4902860609
1570723766
774605142
2993453433
748994103766028292
748654974708645888
292146025
747434251524648960
375186971
2198620296
4782841
4879570065
3751787361
748509700623327236
141855734
2350711740
2657181890
189985290
748524574111842304
3334921397
2876945554
2751075341
208162087
1225518936
263719893
27015304
2840068708
2470231153
3892578616
3892506867
745354081192058881
380638666
4747264395
706512053171834880
4893316816
741484211253678080
742111961794633728
4883674995
2228960245
2973983763
731311157387112448
216487714
1510940718
713933065018544128
329319972
468586302
183059720
742170679517294592
231307155
173992193
4847182323
279119077
2779566619
1195702740
755854460920795137
231097648
192121654
2290378976
759605029
1170861348
2514211656
2968362081
356415589
3408581441
741748788247842816
578431373
708852392910069761
626595981
200209984
3361641131
4847300793
777056654
1355282228
465827584
285295856
1650343969
721503252009873408
2749544160
547176301
3107826033
1470764023
2387975654
717498361356615684
1553997397
928916940
754435285514129411
745936953313492992
981591534
214605048
222226877
566673833
4113051131
3154743334
743487018517303296
742534572592779264
3396223799
2384233700
1703845633
533242568
3101813169
1077111296
4810107437
729139003459514369
935892348
821893758
267939039
4495409535
939367022
2400223616
3430199344
2156201806
2998552953
3369914931
745327469218127873
753923563971903488
745627248892481536
709587716
3021865516
308217424
308217424
505086982
363381121
718185886190608384
312811940
3000589846
258368705
2155496899
2761069778
4899308063
503065728
203964709
343025081
285600820
360723022
985708470
3298425666
2318702377
312092169
2818889815
2818889815
165081207
239466295
170202499
739557727198937088
3849100097
1276733623
59648253
3022036619
3366154763
2398372908
1051610798
732991991521419268
361343242
317416339
132547612
745864463820144641
347314554
751190811660935169
3187475949
743167779239432192
459439138
2830317338
2987332132
1063420045
747808877643763712
712074210517114880
2528138148
326946898
163601117
750778253518987264
707233117996781569
4422082455
2720568198
3369558293
353384738
302198443
206031164
217037343
4794628968
4648816701
1966131655
750009634811998208
754023636886032384
2157861300
245620675
3193599267
2646272191
305590192
712461984420261888
876284329
1402681706
3154150246
2729541900
742437223426076672
377573929
258419946
744906266582061056
3053649712
4774767233
136372603
3310735767
3724533262
1435881374
2782742120
153374582
236673928
2337882840
1710705091
225207464
289493549
753405775813509120
3406631926
697430944530198529
721740637788364802
725127235145981952
1612831471
3222282765
2253551
3873540028
277153832
949001786
728388723092631556
2209531164
372870260
4472655078
752612173306880000
3621966449
2914026892
399484404
1610222138
4822089669
378971237
745035280059629573
748853184890826752
740275044597796864
717468153861840901
1348531195
3128236619
1068496506
384877396
114767259
4883471819
570310530
719954399641092096
264978479
3399084581
751839080778985472
751835051227279360
4904742814
751640630728790016
956442589
3331917239
884976312
199891849
1871914548
161378523
624932179
739199475110060032
227082572
1446369865
15025921
731866870412939264
259780884
305005228
134895754
1630968721
202829724
271933511
1024365918
243291511
702919876982214658
751198005177573376
802644864
67449176
3240922121
3698301196
299511057
751130130748174336
1181060089
1181060089
745258693596450820
4463316862
3876061703
706428864541630464
3885921453
3379871992
702551798687600641
501322556
735496225173032961
741386160388354048
741374594729320448
740626628666089472
544669521
742391678812737537
742360235298435072
742403489863733248
741392967865368577
4750167676
3409395166
741107331388346372
863138382
701562892613763072
855039673
176859934
1871176879
764559865
2473066310
619458114
884424217
473391768
900689544
499806593
399589312
2902299525
78014163
171214561
745289822995124224
1179566659
3424781338
741788995047297024
3826360876
717124359832346624
746181340006060032
3578647936
1447851464
750545223458185216
1849120940
743560390328586240
226531895
250290742
2926250452
3402254056
719649026342273025
2526182736
311177084
543764633
121596781
2163591468
2690361031
4352543121
713198844150996993
743172745190481920
29776169
32209787
745419606345519104
364865210
708130108339527680
2605316062
745028634679906304
217878262
247426981
3756391755
2191140726
4116190709
1290205572
1473564289
461588821
4301451389
3484798165
3484798165
745431299612106756
743506091036782592
4310414326
245904031
2436028002
2170891934
745627699121643520
2961461302
4173144515
749379872468897796
554503096
3299231925
2885243709
112757144
1931350776
2836362731
319212471
3797419162
745034046829379588
2961070787
3366953315
2551620422
196901928
3438371998
725427994853052417
701066706576404480
2332752074
282768438
3125518007
1083845100
716407021562630145
1341794580
426630121
718533714972696576
716530664
2508077353
3198441434
136524842
2586324050
1663650697
745259660014399488
745023197951696896
548809869
723871031534989313
90464464
488603520
746361607475859456
745790680367239168
3340117647
2743395368
2154937639
508154146
2846936290
703711549593100288
2423290220
269862460
531655941
721709684097433600
294225555
748708917555916800
748609728327127041
748609111315648512
748611603050938373
771046560
234161597
151635175
18661588
744282671199682561
372580136
745300029791997952
713064465466531840
3434772881
715340694471196672
4857325323
2279994613
4879312913
2680668978
803226990
297004972
3428736285
237318735
746382550998913024
36146093
2994537425
745417559676170240
2855366387
1561265100
709189104
710484569380757504
178087351
462291411
3307568997
2199447410
739120072682266625
711255553822072832
3418515946
1394906708
491698202
727993637104173057
718846800615051264
2273331750
2549078707
2826920563
4860342564
380699642
118781935
224801731
3224686695
2970646714
213955339
15308687
3401276927
4166142976
3883341802
2546657923
187101339
741730623740628993
141251578
363461771
363461771
778887918
151519506
745611169088548864
744342390236930048
2202364378
306025078
193823656
3368059384
745252208703332354
179797993
338659814
2949468279
1167660384
317292259
3475069097
742904179975458816
3810444797
745617116620013568
701108608671596544
103131343
3311307269
3161743234
3514019068
525978514
618376751
3447400997
1685754858
2294902298
145345259
3327366142
721806342386614272
732702829169807361
1628965478
461163098
464435898
711636352731848711
319151913
424735611
4879304134
3092482750
466875069
126760901
3366830092
2905120414
304526698
4921853614
1146112020
913040928
3826545795
747549446272069632
725489985751777280
745438512351223808
747577745631227904
2850166035
747581394847678465
2685616156
290006717
282353583
3097179035
3097179035
271593182
4870436357
186471345
714851547696480257
747224728612519936
3405888407
1947408198
1077659000
270553499
202282454
173925293
758057011
2752068587
1077673004
745474929299075077
360699622
747097446518558724
4886575863
200140664
200140664
1591088420
319812307
2707018490
733152563973984256
4830702022
3237764615
197074316
2454176677
745243959576891392
745379778937556992
745638823627984896
745643438876549121
745271283940745216
361340131
355577999
2203300135
2662652693
746513990268948481
745445853939306496
745445853939306496
1442851776
738529123279245312
743964490337771520
743432502342197248
4849954810
745637744731381760
745730962131193857
100501766
738502801203036160
959228989
811695457
715181909660278784
4808112747
325794013
146294391
307532759
593033407
3005685221
779215700
1968843098
745753754532708352
2747998724
4292464637
309448500
935706398
1383690948
201350515
163207331
2864177614
396597206
4824066250
1438917361
481776867
35924676
101895924
630494501
550153711
227033729
3429986631
3429986631
15030924
456721681
291388936
1949991192
4149276136
2746382284
4899766943
713529785935335426
588024936
590329154
501288144
1884163806
207507776
3199944826
202634287
3940455976
221442560
35058064
51651100
743990174711975937
133044283
2784208652
405078619
159162810
234916423
475977728
135323871
133184048
803175710
870959046
851713478
1089588079
227422374
334267542
1283890999
1372321771
2206938075
2285622972
2530173678
244173345
916878505
1658683298
1285868653
34977473
151121924
209780362
455292988
196321156
4921719189
303968423
3422756895
719077770
450838615
2352674761
15724312
202763657
232421055
230234837
259810685
259810685
269996064
313531548
337808491
389881796
380020940
1131647431
4791905304
708138338864205824
339703637
2178235484
2645815543
324823974
377573094
155700355
719243154
391790699
302420715
57333011
95217117
111157576
42479903
2798141128
2230197741
297102993
709763722890375168
1949278626
353704887
735778080
744256449472266240
744204104839331840
2902332212
365672693
197574938
253277747
1895561515
130317989
4855781013
1665887846
743866164330246144
743866164330246144
961363003
1037435760
1665049218
3921708982
515975355
256655986
622262899
325090300
3712775476
207561477
739806037268697088
700142810167668736
730360551688261632
278208615
4925138553
52111884
3111704246
251900210
190826809
190826809
84878562
198743326
3201562901
730770991903854592
1010157372
729745016680222720
1045311782
273559324
4655292257
306843307
536902733
282769820
2747062972
2458445124
710297918994038789
2542576614
2875191963
3406246882
369234860
721520431149281280
3416227925
711293411731611650
2990243337
4291622543
740752713919537152
717089667129163780
3005543565
2894726775
150705716
582976740
711407155136610304
198595684
4905164963
3387941842
1650898597
710129429452886016
359989034
991505202
725766110512074752
3974172915
3327894993
2817574470
556952983
2393105990
27807595
151234908
1671358760
3923539943
47421532
230484816
480063218
738966579191414784
1151198198
2797808057
739151264441880576
189232648
738668414269575168
2579028153
4890536349
4890536349
2557279472
1548509376
373081142
637227914
128562907
76931020
100731315
4873030707
18738862
722058248338149376
3017991508
130781810
1333086432
115530362
164037979
1532019584
2383809338
2445809510
726897596841746432
787843921
144866342
103680608
357003093
1349938508
2874200759
1265260098
3159711265
2276589612
527556987
202792687
2949601827
704670346402795520
303941159
2707795758
2374152870
3343282096
7110572
51254405
14333756
35047698
61844201
72325179
8225692
97513349
254275716
62691393
167391967
108821403
3301834305
409563511
4314695548
358946525
4926249791
1061318209
256742499
367520891
712610618
706996336080637952
2937899751
2937899751
709368525199163394
328042541
4809250697
402709091
220045687
434267692
90420834
2500425240
2299928371
282805711
4872407789
633207123
718244055847735297
902112283
1219437043
