568575123
806963762255265792
112757144
140513962
1618069808
2569846422
43867397
198666634
314196263
2697771930
3230671598
2511355124
15476665
109488608
193262712
756055490
722058248338149376
1415690348
78954366
57329672
2309682211
743560611339067392
247091583
2281386840
223546666
806444492
231869500
3816570376
4556594119
172841331
186471345
245598128
710907300811292672
700395089407954944
410111376
150980637
3498787034
110534957
15248067
748156597
4892261535
2610454991
290401936
107194403
4843770297
80939342
859153764
448446350
14755879
2556959553
579047237
182651210
129577234
117213998
3833418137
1262453520
267284625
2980311131
3009832534
1103488309
629970472
266860373
207086885
247544856
880966430
174980092
352408077
1853887302
616857481
117877815
20528789
1908533748
2728023454
4054049530
3246773049
117279170
397087586
1286184110
255807377
1106507472
3422892195
559398769
572791878
1856639839
1123712647
2343566858
232566268
146930000
214977276
147184598
239646492
197476188
263719893
312784108
1048903939
259925559
1337785291
580757076
393852070
2892901924
18173624
583288452
145781550
718125542
603894910
327470494
2459316768
441538192
43509357
145486484
163173032
2826356207
3089516397
3091307357
30954925
14469132
282549568
196959345
126324606
1371661483
246250032
45384584
3008307593
387932534
140914319
33643745
188077169
14882900
66381461
31304701
375658752
1063159008
353071717
1228312916
92498229
1246582488
99747874
71482802
16838106
18144310
1504540586
1014384037
262389559
405309476
246862164
189774334
294870892
1197115723
1264905650
612653666
1104454496
1102085216
382484857
166739404
47119254
40253435
422010553
381048040
50665193
206522621
27779868
199114374
42479903
197527048
120887246
287986023
105186569
95217117
174555860
15648827
55764330
256747696
159547415
421169002
209780362
390220919
15889916
45350809
72907553
384030453
100731315
50404014
238807707
101895924
129280923
120907387
218388497
244730854
216925557
133945128
146655360
17208466
18144123
17484809
17484709
7697762
