414153179
245460037
204115924
729381280085872640
466102270
3389922183
225663702
333091292
524439962
140080612
389824088
166296832
244218738
15164565
266811560
84613584
1915012974
2460127320
424607713
308157348
49116359
283996038
346711388
133072743
17596622
300784938
336028105
4246248263
2779569786
268957322
543392746
139162440
3020529329
475035249
109064110
3345076035
332943379
119952385
241183704
295419586
792870246348689408
708207625
50669520
36580308
15982851
502442856
1134531883
155500512
82176021
49433146
18649992
2899585031
20824583
2992673998
781882616144334848
3422463641
1321462820
198339335
350862112
902783113
3023861
4714722856
3622899136
3592319536
523944189
725808376266014721
737462705586634752
446071819
24936384
757469910
146194040
372495480
440386533
103602549
104197209
755944679422750724
448557402
374502481
157684872
618300542
