1536791610
368663838
1912091582
327138195
3891897201
125766070
37130184
7568412
801736166
186471345
277460541
770042892
901108766
465066360
176580200
1462120508
1557315432
75346878
2319611659
379808003
270805118
458593598
99419436
170841664
321426038
198002829
2925596529
2234677434
90662198
219753764
417059262
2273617254
290693321
196204753
1321799126
56392403
161916488
2759825746
824560418
2710521499
415208832
632588832
130613344
265137202
319296983
2735430628
313380550
954314562
1973719178
81182779
35289042
803560680
2615759640
2609711930
115516167
101529483
129280923
295111271
258775809
349408261
256747696
326173460
525264466
17484709
33884545
16399647
22597095
1619023560
387799032
2235803638
2232438406
175114792
203770704
8225692
278979842
377521125
771955592
245671473
54458202
175139001
395475867
320283552
346039734
324965069
7697762
592404947
596857570
38188025
128937967
19052532
296661299
100305026
111504941
244246623
111961799
97979210
177444462
380553158
137412638
43264216
366716124
263241906
321412656
71455828
142482558
172370517
328807647
