713173902
82176021
144943055
468586302
803031794
69416519
403088944
7827962
789856765
236587249
24900072
167046571
78355722
1536791610
4748612777
1581203119
1112855042
3297278333
373603563
2411790656
62917505
350411337
24974978
325554207
974243569
3341985520
2561694398
2437244538
32824821
1482394435
378253705
480672089
61097151
4344078195
132264820
825246913
246112803
202782532
32573359
213720520
213720520
335410379
1037593838
35075352
281659266
361439187
804761731
21017888
153167118
315377387
287277445
557238227
239938002
2559889021
3169785371
179350497
172638935
129358438
72325179
3089396152
249828436
94587503
31186155
254275716
192945606
604424563
466705937
213813007
253628616
294074894
193079130
2866453553
93978346
545416010
400283454
624685133
1419031159
322843984
370699543
2869601399
388313426
366425921
774631806
246504979
1151483982
299331148
2795203509
193400259
348514673
151121924
2565816276
189776346
494244543
132303931
109803554
271577478
144889418
214977276
492680819
935969983
76058719
2829778353
534461592
907054039
279876160
486636062
2510458267
78132725
300279484
949995494
1630968721
1317817543
134081198
134325892
1003023973
2221931062
1543728618
311867995
231128821
384586866
142296675
1948414357
191464871
491578273
1339468159
1526501629
2479877101
2455821468
943982088
2469677198
524501029
1689119341
2409683900
218188921
264923002
531655941
349843908
204198030
1323368180
1190091978
42434332
207316164
135392563
102482331
164011139
533573263
235164230
2305567070
1139969725
58531272
328715511
1040021880
1445369334
288015029
917780881
410163657
133184048
533257020
728472848
545541525
35047698
413091006
1154981232
2190541772
239196350
352179845
259612451
1671358760
1655777034
303941159
855813589
140960194
197041714
200140664
207735455
259575021
212237670
946326666
134671641
235599881
44467600
271975968
136372603
144866342
256747696
207507776
123462602
202829724
269862460
44228822
282768438
258970849
129884352
198960193
57333011
525264466
126760901
402792488
1071624907
425029997
285086862
515869169
563350368
771955592
317143671
105082141
431129074
1325515160
88674274
51581070
884556398
142295586
1252764865
500704345
170138052
262018649
1149452588
119383183
253812733
202675636
48120750
28641033
29334858
34140316
120293599
214740111
64839766
86434115
118800631
300390462
240416488
360682978
845796992
125399079
87531731
217493607
205008466
47491330
219860628
267953952
33714483
400937783
170069351
351962667
389824088
237468867
475977728
149383579
790589005
147610028
189628123
102729125
283352311
349230384
473347939
586652870
145874926
606045354
376186166
573178377
268485186
176627249
214757909
582029721
419526683
201162979
532506995
115160575
111157576
56521114
309894107
24054935
41484416
169098508
361340131
270563992
394145586
174825461
173851194
164492409
368569541
147443195
61844201
355809231
15973392
352473288
326344160
370866119
202792190
317888472
207138024
296686418
135323871
123057032
151635175
58535652
272106447
66201248
159162810
362075098
17549677
173925293
183359784
222525189
285137536
339066942
234916423
327504937
96417553
41249167
138814032
306311289
204387250
119768822
145779996
389736855
259301972
33905807
210148155
308115043
338667650
278065615
404457254
348099763
357958943
186471345
215996236
38718122
239149232
90488103
336028105
263249352
204998743
189124591
124172948
212968729
161822563
90227660
339900051
275081779
167391967
198708508
148759599
97003915
334025549
93080377
168530002
221442560
72344805
129973351
204349167
106538753
234941587
161816046
305085584
18661588
214807647
168523229
344634424
204786378
209780362
44409004
50013632
170895870
155549968
244246623
161775175
166622760
72340754
203093566
56502954
18165326
24776620
323243704
306048944
202782111
7996082
161829772
222231985
267494688
236024779
161814182
176836959
144376833
202282454
128637475
164715111
220332032
98708202
247258043
179729618
205930411
186557332
134123412
183661586
164354410
83590349
64944344
208128256
102672582
101895924
197932909
45580261
246507155
244616510
185658756
10012122
62437668
813286
21694413
182852488
128937967
45013575
101050596
183307747
204406337
12416472
81882853
238979778
161356536
184457107
119588510
227899342
118794370
131301812
132704988
54389843
125492611
209195929
189173224
198554964
209110979
74042781
56039780
109387470
202276931
122790948
133515601
97513349
33884545
133945128
161832529
161824863
42479903
192378571
167207533
161834182
177019683
62966972
186973633
192948344
135996073
161868320
164474167
168336607
16983240
163978358
161735807
161819331
47384568
17934231
17933951
49133906
107125043
759251
35013719
47288005
85603854
23605048
161842201
16667130
161062455
130359165
161836724
161061905
95217117
130546045
8225692
14333756
156545066
117599512
161054768
161454470
161056452
161425305
161422591
161485591
161733532
156173886
