412471915
814229700272857088
1708072796
2588779776
760488506053500928
120229468
148759599
810484703514001408
18905975
807309441058148353
236105371
807076269129170944
17850785
133072743
275802351
395429154
482101658
25073877
145741832
165941702
796061926686068736
1394696898
2204920100
1536791610
178066332
4859689354
51230449
237732575
612791811
40344514
4179921989
202835497
3342994893
1629183134
2225891138
3026483213
704808943474905088
239988268
1358190091
703614774261764096
792727833038753792
795448704442531840
1319367937
19095834
718545540
781662386444988416
3392076100
291508261
610295240
759856081933705217
739838935472459777
3327047291
142061797
220946596
2312701555
2670155420
3892009840
3044368197
424618544
742947029781991424
708207625
773992143094513664
198120065
343627165
323842059
85196141
28273618
191076302
1004031631
759058796085993472
3020059883
4922254018
715644282812633089
177334698
3220062970
130723892
740246633393356801
3312496289
2236901517
715708918861848580
874055172
250815307
932731849
4874262694
742778266373722114
143843372
734432942760595456
331942531
724395930129182728
721872381191565316
722030244476153856
722945667853901824
556568967
157054682
720327497599074304
462920041
123879047
3242163556
718629838861504515
196675177
977435569
272167087
714797416222953474
713601603199229952
355809231
363905797
705038546650927108
172088706
704393045677101058
4748612777
155137586
338001800
3699963801
1473962766
29479000
3346510209
407494174
4805077708
3243698506
3252877408
222344995
1566937794
252140060
4597092982
2269282453
1137221473
4307662996
127993185
4146368175
181769151
3000292942
4131495112
125515011
198716366
219145796
2179203799
186471345
247835793
3547641797
568583301
3470520112
1024238336
3357608243
211433345
1078501830
1267722055
3367040980
3208336155
3308907435
910922814
744420552
294375553
3330664774
332217059
746281290
196208524
199138888
382950269
343600919
3226837571
3133961021
204581308
150760248
968349781
2874120413
271599070
2614547238
455247562
3041052279
213948128
750444343
1219503487
308734236
168914134
2285622972
1033719966
192726184
372366956
19426551
2545108056
2932084378
478327724
2955363881
544777141
584162460
2935935898
292381318
2914489625
2874080752
2479283086
777064693
2886319031
904720813
246142033
2379603555
2853754419
1328399822
186861302
752592260
64646438
2863972963
1071733386
2798500298
62910144
989025666
2818203610
191964866
14885549
2834184698
2424100026
358477287
253270690
301610238
2282485206
2710521499
2768592075
145582395
15855934
489965309
1001836471
632931559
129832582
2773681148
2677935552
196903477
336666158
317579661
197167620
262389341
229486986
1707855049
2752566217
42297474
623985013
221392496
309870354
92051733
1164236611
2701154523
2686399832
2720322317
274910862
69490308
457993961
1525086080
227315316
211201674
2220335396
2600811026
2599975356
2598757430
2447388289
246048564
2539774277
216776800
2377330968
367821708
1244353046
1170679454
2613105287
297305798
567457423
2607950980
2182810213
2419992421
764196014
2508749742
172418365
278826167
142296675
519945615
2484634075
2416118077
1379037829
2325029500
705876062
260379939
142398161
44698867
2471196872
115925046
538031518
2165726404
365790401
1242091075
1135584648
2422959351
2423051262
972767558
930765960
2429992835
260217464
2403451702
2380468842
1684017865
345080217
277831255
338033184
267773175
430699713
259612451
2338734041
282678570
104969936
161826401
600138850
153570181
1942335114
495991256
175130821
2205471402
266123402
145662347
255224497
1244721540
1523559925
379876740
198673958
2278407283
357143130
855900102
296252209
123799155
424771038
493718177
1177280124
220326131
348573731
15676492
2232149270
71418307
296239551
410163657
386054473
236147960
2207490758
2165039840
445077766
1325030300
2191338708
327499066
214757909
491578273
75016467
881472798
1064695494
399646790
1712769492
993708672
2147574036
713823659
229187695
226695150
1858877484
487194629
128256856
1265953044
269057733
474319404
199318813
1905714481
1895184296
249790300
998380873
536628745
37019708
39275605
352179845
1875658742
1873303801
451047374
750506268
128042379
1636858844
1659988741
1661570658
321179087
1058836723
213106540
169982864
858998287
125122481
180164877
33779101
211137102
307057111
72129372
104200353
85454635
1596337692
1195295647
184966206
61904616
515057746
193396160
1610285629
314048819
1180286202
198392256
349491687
301722036
844118366
182661710
460408224
25594518
1072626240
197136001
1495782590
350077495
328217565
271975968
1187219581
1458814358
420023330
379909726
29435472
163232447
300168222
1197115723
80124535
240416488
43929451
599525093
78046599
249765804
86620101
342809236
385107021
234809246
591954056
1193096280
760575157
731098105
635042867
231528937
599479651
334836843
184955429
184601139
525264466
381004896
50403473
296853591
926145541
522920527
776910906
47491330
215996236
148391108
233325974
846632838
274629689
218562806
1233232512
1072016671
555928038
126464987
590041928
112523709
564735134
1132892420
1138671036
596180409
197239632
140922305
94378144
133721958
1149892850
222226877
28702846
212038729
90810761
157351985
239922541
597124865
173039397
182181057
301398211
252619660
75928948
292912153
243703742
288024761
381206598
136343754
884556398
1075377361
188821340
249423698
1069352454
241258722
1035653538
214352636
119209339
1006755072
202282454
427556605
132547612
425584009
388600577
318402350
202722687
385158943
628974342
135614678
975275617
299834581
550099106
344233099
349907798
902481463
202262990
53921736
149256712
202906386
947217853
701724612
107762111
379350038
703580100
202867788
450982091
370536393
134868759
543686169
207245740
421523992
874692786
490982935
860461807
234131843
287321396
134980543
893830304
200955793
762283974
293283782
223988048
167691624
178793310
292011335
348112681
134207091
149293101
54120842
313757021
212215813
162153952
105208741
801736166
840711145
423384542
285595140
318632237
388899505
84379702
36198290
211344774
83518253
803560680
247500687
551690361
789856765
468893456
787786986
198720317
200776624
181238668
543656268
500440742
757611272
233792812
187796397
630743504
760539206
506372572
720612895
716322642
302905386
564830604
188917059
558167992
325171230
105183916
637043821
180505807
362772309
607525767
189628123
298714112
232592165
633068012
87531731
74594552
209324307
162096743
380728834
301763124
257965632
132383481
141829075
91441874
410203574
509050638
327011176
121828464
268412688
201592287
374105359
122745349
326693793
297080824
542932430
180463340
373984707
156069299
339014233
275325975
229342259
162372853
562343909
330397140
289115907
39203045
569450963
335498286
565829428
365047140
115170714
482595743
201162979
300891500
377091066
278094484
56392147
409638613
454310715
389736855
480063218
515557365
118798120
218697705
14663180
334372947
193371810
264118365
516602802
268522921
312215555
193529465
460543272
256779252
320539850
25093616
34125176
11761292
166364744
382484857
226009677
247239087
451145728
174284039
287743247
171527435
173961985
35268925
406744818
381128752
259499625
414273676
468066084
145739854
458609820
413552107
285332860
207238453
379798778
217863215
109878365
201271300
172005283
437067494
208733553
89360665
260773265
133051204
168530002
219178012
435876114
430886223
17483878
203651402
116860956
240938207
199496384
336145436
148040224
197041714
166433535
254712773
290060382
126827931
96636766
133465653
297610923
325379746
225969235
346026202
167997878
384431974
364900022
158850117
155694801
151673924
242437096
377359171
293094157
171594066
376025702
357949903
261538201
373894593
343562546
142448728
182481808
23444390
242088223
366449489
133763089
156171191
105186569
221888416
87528517
175447500
78519830
191986421
326560587
342402022
163913119
341868147
276373592
138477230
341864146
209780362
342498584
215532806
183511621
222956544
206876101
230887942
117251043
146099241
236024779
287344653
93080377
315953173
254717330
284545902
288036428
154675980
195762231
159967698
171568325
274045910
221885957
208272059
231791638
151635175
272234515
177441091
218046836
66491566
98566995
169098508
223730116
287960323
184909220
289997636
292734922
291262430
211682243
267966833
260852167
145890012
223537733
30737533
170895870
155549968
161800862
46205856
197179381
218674044
81935369
54902351
80688967
210226933
36533349
139549852
58601997
154138706
184815672
206225508
164705988
169627734
239961219
232212010
188957276
234736805
236916995
233554879
234855869
206904493
144130667
234639541
56212482
231637184
63281836
110823396
160656174
206455241
182589756
163203019
162086273
187188692
19083865
224688280
147458384
197273436
78687173
33905807
200170674
128637475
122074060
213123713
190607684
26335328
221927371
208262717
159547415
11086422
217998593
182418211
197869748
175114792
10850192
166652487
129551970
106134670
149383579
92654379
126217335
118794370
197591272
45959179
170114679
106524236
106730201
118800631
121213910
35314855
156374606
155713366
174940172
133052554
186620380
30128818
204469455
201885591
167234763
150008859
140960194
150646232
142532674
111306694
47384568
158732968
138955158
195048109
68653118
44629525
50013632
192378571
183075311
137790748
136407712
14333756
190109418
31520334
96039232
142758895
188345093
17820759
24698949
56039780
115757192
43122252
172186552
143304396
176928189
42823709
74332190
156545066
120508793
95217117
117469261
28440409
32573359
133128918
170141378
111067736
164715111
31290887
31206614
24394272
103097719
112757144
34432670
59714229
66467442
69962890
135503137
140513962
138388408
142295586
128351854
8225692
34888586
111416958
39895921
428333
123284079
38038211
85651001
37717733
98473916
89955186
95532969
82176021
90200217
