131410304
159175408
172556999
170365779
758770226561425413
4620711257
720999039353794561
965552112
1343457241
1206810510
787304192
192647460
1942494842
32635843
314651355
3131651945
3337403219
434468115
3048706807
781988934
3255265187
1324181516
1081518630
187533008
579649997
124245343
337602374
321446457
1640990191
208192016
716464328
2953999558
80423968
222725454
159379353
821818580
364422099
114621607
246981058
2944210061
354687614
410203574
201343747
263866627
2548263175
2174443129
253717734
1301271666
1497158107
789214075
209780362
125766070
2303584044
2258319984
2393423492
72870320
334742763
479688954
233790141
60677827
1916697036
220563278
1941547621
586671909
258142126
185502526
117934157
24523462
183970464
201575788
2724507642
2329710038
177785636
275620926
1016007835
154406101
341020474
27722817
1023856112
86744640
2765781551
2800353936
242051991
2198121003
314122011
443716355
1324962452
276347008
347441239
80997069
766366656
2334326706
99832612
1466105228
220410920
83765608
190160184
426809939
194927937
106742844
339990531
292592621
1564336898
111995664
12077232
1225814208
139436732
166421364
163163215
2279739979
294893228
488969751
966539334
389042865
2177103454
266935134
307131403
166680588
117540746
214906550
24886570
18863815
2437114332
123772043
144307792
305175950
57039782
487001033
152170388
2453702988
87343184
2395243945
2349021722
143181811
1564813574
112477265
385279132
149697490
306439596
229673428
194280607
494386072
268414482
21447363
103648475
82722742
2328293677
207799083
235554863
1684153980
227815159
2208283094
425555314
173907618
271040926
17818156
626627778
8225692
1478351612
590602433
634386903
197152756
196435377
163263414
1510985486
372999895
1263598327
211028398
257652128
132547612
256043207
14876859
117805302
138308202
975430982
235319479
156344442
284125496
83722046
18850160
33640982
381113206
446700421
708926579
99605658
1854687608
138101090
61382468
791067528
575643932
193737149
1898908980
557150190
281865126
1237350283
223603963
930804738
63860002
130613344
373011077
358450312
274656485
277008598
74021202
104989629
296312991
1650926918
33812924
135665798
139499225
123410647
166318436
223305391
394077450
1416564804
1535627118
144602552
574075314
142586429
134851089
177957908
64921553
200164656
108768788
53954071
236985220
411964696
183678684
777231481
157063772
175524120
176914754
170985834
991293828
285759264
102602611
134920175
1205865121
1436992352
233396861
176797602
1027262352
181766055
501251086
132911712
133112528
390518809
32787126
242823294
580529615
198216069
170330487
231713030
82020984
382352380
435241839
285132695
271674234
123342781
1219324668
242335656
1089259639
201107245
237092406
278749180
103843234
229142738
148766668
225104819
71166549
78191594
777679962
305170560
147672511
1035719382
140310556
193583660
634211683
118798120
384699999
332904105
235787632
412053714
198273560
349517792
127714967
96221840
31971685
634841039
244697398
217813633
177789465
259595665
90875138
77113713
887264622
601946770
219514791
448557278
228516843
72760035
865489842
71665155
229144847
320358053
226346944
905127542
285992809
161464727
290052249
866475817
415956809
219059772
240502458
229986700
258381077
193927592
165430468
816165398
168373676
153053957
106759381
744370771
355352225
21377928
243260587
231227744
107235729
288381209
234005513
122122486
140308479
193597962
262632593
86641236
193364241
386409532
296661299
201818143
114845261
737043588
176208460
711830598
220659220
118319318
160679759
632456590
148112211
705862453
221535602
250677863
164427946
86779568
603908114
137842278
220893925
614615080
130405637
238205649
277094955
625051853
107149818
262505330
93662917
222225171
80652703
149156908
142769152
198507361
133809634
307057915
323314823
28353028
101598574
205868610
206742772
15860070
30023434
33676675
115516167
200194335
314846953
603481799
256237198
27270779
80320215
556944013
560529732
509050638
427945332
212005903
67534753
129577234
194222425
208220054
479908536
201033633
96039232
78220225
248835898
140313176
378746316
298909055
74564518
262957089
131177722
42661739
299221628
311288242
340927759
369619197
94836153
263825081
335091812
234164963
260806914
37553103
141454193
248118196
360028020
92813699
136374223
177555145
207711189
207673590
177607528
220761272
128596835
236716437
332883829
4046961
298905423
323981639
194395968
316701232
229121772
151729896
203285960
59979162
303032328
213428997
196010241
285705335
81750391
127784886
258770376
144983850
134097349
137034509
228512945
77215993
207720195
129070716
241753296
213042338
202491052
5162861
63586498
141829853
155294762
236401934
209958796
210158298
46695022
164090072
174703240
201597823
24988227
40255499
52103534
15648827
165111862
157843495
173855785
120925323
122153947
130301472
145389350
114047937
71266431
