403803765
809096385937244160
70001275
92893405
216587123
187815802
55117712
206800269
149093139
3243658266
809750448
3234631121
2513737578
140034734
46698672
533573263
194259835
438000926
225576690
226796764
197142113
2652029023
131251648
389423248
778657080144195584
3518020461
4300995328
162323929
219787628
2813561645
189952557
216002209
183891457
500841518
15590302
537617976
1683799404
20025222
315377387
763841
3968
213793914
120229468
312706045
118292510
2473260776
4751415342
1582853809
523956319
4845615352
143843372
735480956199567360
4085445015
31237389
178923222
2735303825
213025413
702121250148245504
722837445889302530
198666634
722058248338149376
152440518
14817320
1908753072
198055125
165822441
203651402
186471345
3397585287
63491170
555412710
134887660
897724304
4738846703
132681082
701478419536748544
17950089
40807817
4048216581
328747494
249839443
44519799
215996236
317888472
2858245871
190927492
2790709441
361343242
4854596021
71794672
37848583
3065033603
859153764
4859689354
250135253
188881130
162445250
196903477
2215067640
1682309167
183092802
4691830669
200306704
219145796
16550433
398873350
87633262
290653528
204998743
69962890
91116312
178834999
143524479
283567641
843863202
1681669302
4030452559
2962240077
128351854
158732968
3937131983
3869003535
156054697
633012630
384431235
135009793
3699963801
221424042
341319177
112065318
181063530
2678979735
1674237396
3300872411
124259279
217493607
161526116
63974093
214561361
250227837
175206158
147272364
193790099
3299940953
336145436
423782406
2598162051
87917306
260852470
221972272
843635706
3352412758
378669781
323243704
368542860
1445077393
1374964176
2557618291
133051204
3303836080
144712423
3247270763
80688967
716487666
324866832
115525940
544582226
2994343889
787451492
2664220868
1571475865
224756007
136033136
192378571
2239233709
494642170
78046599
255647460
100329236
219019984
92627943
110823396
270109821
172411932
631404169
248877722
197233428
2790532758
102807916
128228790
774631806
1265260098
1265071
1140001494
594834338
213026161
1466228695
775190221
1004311669
261941505
977435569
571774907
263720951
67665104
382076580
374094883
2828172963
209780362
1617858284
2457611785
145776957
236883674
118719276
543563998
296239551
1328399822
182883211
606349760
170834195
705794689
166349076
1198566918
293788726
278071103
506085138
228547579
287377727
142061797
1613292079
256033151
256169185
142295586
296252209
419460595
1103999773
1547875291
1304875969
563407419
310944297
142296675
2409683900
2411221668
194739605
1726591596
211357832
551116669
466701340
254277316
232078765
353194464
196899274
222513287
237468867
150008859
315585961
63369209
231577324
718462116
1730925402
315909472
259612451
1926869120
466966076
633728482
1265953044
151635175
462920041
1523569302
198255130
1668125137
2239442870
500440742
189915919
1558375009
219129125
1390512968
158487595
94022441
2179625912
1935260972
205011496
70468535
195839897
206927110
467950558
390151775
311147911
518996753
374039042
1003023973
229311238
52435545
268870397
288437061
282758049
122810565
340973041
419816787
302436653
124481401
316886431
1132992324
929053128
1189411579
202779862
241266315
577272955
175156325
135027451
196606425
201535511
296655209
55220837
255772314
140709434
58167137
1360498927
375369761
207138024
1228312916
328750183
301398211
276686461
829917715
154691977
522680425
911287106
227051055
135055010
429530005
609124465
1137712562
858268430
324478307
205756590
202906386
217134016
47491330
555264023
210622989
355809231
471658616
252619660
211885803
329840383
12053602
77694285
31151698
1267255147
289326126
135393154
1015728390
368472038
306607819
243330184
150076955
185305650
1056219571
9734612
1018913858
125734848
436222859
205364510
201786428
92454540
931334623
173929295
298692158
1184654803
294870132
41716273
138799539
158069549
1124101399
338083055
549274648
1081115186
552066235
16210975
437531022
282768438
1149158126
601086194
767313044
376907229
1066618975
254167920
420192286
169330172
344129966
151711234
625608184
291367030
15447575
472182573
532651141
873048624
35231692
392514368
177270286
562436602
1103404914
69512697
324995074
884556398
183511621
184270592
413339332
596052174
168224003
105183916
39068184
216538514
249360057
525264466
265026051
240731990
962967090
851166019
87531731
34910262
377705954
178242005
230029400
130222367
436744985
329059014
101105580
529058834
266031593
159326373
98186514
492573883
559732805
129948408
160308387
313027914
282763194
252702724
291195018
524531680
148181496
297169759
58531272
334930009
169627734
14117843
344634424
341261348
184457107
114510872
76092294
226009677
174350872
159075985
604988212
112523709
52169077
292600839
138482838
372266191
575809124
782880986
278361319
362695149
180505807
149630410
314763954
7558682
15648827
220946596
63158225
247288139
127713752
381140429
589494532
358761811
206296166
142746796
560669494
132694351
789856765
164762522
148161069
250912862
35140166
626854668
391587526
235625906
8225692
144192387
231224406
234043665
201343747
532785625
221042975
480063218
140922305
397632308
163052032
336155641
300009845
187796397
189937874
138657715
191495729
364189311
117251043
222533772
124370324
414246382
161792834
169596833
277359012
145326632
133839427
290195775
552324567
482364184
454399985
332591482
179554739
117713581
158400034
134691905
379319297
369335097
167046571
307057111
173716299
235364439
230593216
150924937
216875831
120892870
276079374
196336781
138955158
145739854
242169113
371859073
199023707
249825640
297632417
188078996
395094348
168310975
246600331
26883604
233597647
171549677
207771210
297149351
167046714
281070522
251109629
300390462
395429154
105186569
409594784
272234515
99831781
397574620
200955793
126827931
394473685
80712444
153243904
278805773
125710580
15601251
156523002
147828409
201350291
390220919
177338726
74622617
384154351
302966994
374851931
288627821
214757909
161834182
311159718
138287750
364378556
245665792
174734513
142758895
296992090
292077714
162173169
343141142
125815476
341160736
309490090
262882998
150242555
312541619
32420070
203287800
259713560
14313180
248014003
46205856
246507155
155549968
183075311
137981443
234635174
305085584
309476722
290342738
198344099
197142563
187930279
202259732
180884833
174806285
153493818
267494688
231463914
182852488
188872417
166898115
20252645
184542789
275713094
257196705
170895870
228734204
107268823
288850612
25228828
17828368
141958184
65275121
191464871
120841122
236024779
265464129
128937967
247239087
57912874
185658756
29749448
5177541
210226933
199260285
182181057
154138706
241183704
123594658
24776620
116027822
45411356
33905807
165616919
167178940
221790507
148590159
142624643
189589792
162536667
175437503
79218920
132570216
149325619
146099241
140960194
172514988
28102807
195048109
211753887
136349356
54813184
147020852
175923047
74042781
87808186
45580261
56039780
140513962
37717733
143632981
134937118
37093819
133681320
164715111
48833792
152188619
137233437
59714229
