3440218353
239192785
151790435
157054682
737508914
282754474
346147243
2905200226
747914367946137600
2509721398
15590302
545416010
268516549
97755495
470329048
19923144
1337785291
90836187
240446034
273538402
142204481
172782604
224223563
186471345
3234100622
785364919
128572389
69625014
1707855049
2659795962
358415484
183759138
4845697629
72067114
713498873285750784
1453436959
199254322
701759219
24126361
2191140726
1668818564
3221252786
256515492
485001892
143632981
133681320
231577324
175923047
59714229
466966076
3372106840
34323617
16721886
1615389108
180505807
1061589626
16331259
1135342742
20548710
1465370006
188157367
213025413
200955793
62453566
234934342
232163874
3087039231
390557283
1470722864
3003338945
213720520
352507536
19343904
87340114
18804479
1976911501
435225922
115525940
422201803
28353028
558797310
265982289
213745334
893167046
2348639245
1726625022
138657715
146099241
461974257
587020233
390220919
105186569
231128821
97513349
929053128
195048109
32340023
255649220
2475998179
1725964525
2152691378
2409683900
423384542
15748165
69962890
2285622972
631256239
107194403
196220926
394167511
16548023
1332095168
54005749
476875939
312148756
1543728618
15648827
142296675
336145436
142295586
1598644159
578555299
365953260
164715111
378253705
448001404
1071624907
322843984
63369209
144889418
236983585
58807155
158487331
884556398
947871415
900744192
190847078
15130873
244730854
166433535
604988212
197041714
515869169
924122882
424618544
534786383
57835291
87531731
475136186
239484397
801390318
190840946
169568563
398976586
37093819
42933426
298102919
273996565
38038211
243370737
111416958
33884545
139818493
395429154
15359514
312383830
174825461
251454347
52585854
179192828
140960194
23077155
15448875
112764971
220793710
14333756
39203045
47498127
