245981279
94783873
4348449132
721875494782771200
1319246100
1448869862
2861215995
703744217886097409
742310838053314560
368220699
382182301
882809881
220201164
234009417
209929274
1126887589
721444636749930497
507613360
813286
193829457
84778025
221958540
1658641988
1610285629
104712927
140513962
355809231
213696767
149663805
15225275
746378459044261888
3312496289
847238528
1473962766
201271300
1834629433
273538402
224223563
90836187
172782604
1857877452
3313010939
186471345
342599843
186386857
296163037
361150095
165699676
2232410761
1347493472
3426899835
603168922
179656722
180124279
3038295012
235836337
4804704447
112757144
195048109
59714229
176592888
1275302468
311234583
627673190
1284639254
465814421
4842792987
175114792
67985464
559530290
24776620
745299450
319148841
285964666
34312352
1925157330
47786101
249005423
79293791
1149386466
633889954
703720052516904961
96838382
133880286
1029887588
4721973563
1357892875
1009388767
139302265
131706767
1689271854
240822201
294136421
306231868
2517179532
430322466
756046640
388583868
923671075
1102188661
2735181320
2157004717
2157004088
238285140
3323901885
183542840
493729763
207355263
2493239617
606078333
1064592932
349695601
2963026341
45266183
505113017
2470421828
96141802
159547415
210695266
153130950
34507480
245969226
234216623
99593125
813481010
329169114
378119279
1453240213
16409683
1628672754
820799442
277133468
112764971
14872237
2308886415
52602742
1029362617
241405284
1955159564
143953756
385398977
471541349
141654734
721112849
985456069
1098189288
237919313
777064693
21111883
27260086
150248087
278260445
503929892
146999602
44970351
885225732
228521814
432157192
33884545
350411337
935290514
556464615
846446682
446138823
243934961
216869902
271415561
338105933
154762974
1040804754
314878668
147933420
169214191
183366427
399122726
274212850
464041703
544644122
249934470
189979928
394346391
619765472
776205948
418830411
261042470
244991404
1029350942
105244226
103668231
921890498
497312061
975077365
584223985
456778384
157738931
356491659
311513982
260931035
997695031
365180871
1075261554
191286098
102605769
454772401
550713157
1331280942
1240109636
1007537420
972778890
85683665
1362370958
451781085
453196133
131556995
841869842
621914837
392159070
115727624
1072532478
407470374
1397949577
303274432
366190392
56773228
262454289
29756339
33597201
276211005
268414482
707479302
30219871
266884229
581137366
211995871
616659199
389185452
240084522
212672434
292004106
276671268
1265906281
598685874
463190268
242560449
224443008
328043826
254662681
1255107470
221506560
280246113
407791395
202737526
256168576
1087269414
316169243
384359905
923679950
318155985
255302408
629908602
141615854
210083578
211593004
386280302
266884193
1011198470
910894322
307167486
554342845
475337272
166661803
484272925
278759768
348213018
167982479
106255793
315319784
354983853
757718294
897693258
834580166
288810415
887442931
872845609
387243232
219523639
423826890
747869971
344797634
373164118
543867742
852095648
291289691
844075448
455106291
229639308
586251501
539504081
238890192
194348972
608439385
470257121
273631746
290314319
553678268
632086936
609254640
359106455
229872595
558448302
468832877
477335658
328293813
369227435
757779865
301173452
246142120
447333914
467649974
633298129
372984724
415129175
224924691
207637111
753846816
255727072
372448733
212107440
469484805
317178655
74913190
244229000
290188597
260409210
292604771
354941472
127071457
158020682
184532907
470717665
398944484
176163104
177220133
370203466
622215320
210184164
577117966
605014959
301155009
255642257
164398425
200341177
322085063
182527779
424048231
322327815
214944131
345656749
79332706
287502644
325847399
512385150
21560472
255309363
260196868
223724294
492734533
365084689
428646619
385102613
469402638
190354433
362735567
