3236085166
781488549887614977
134580765
626155041
152384640
1382509206
106729225
1048422966
3066308911
2176039356
705463968802983937
634477074
23749035
16612353
45496039
2422615129
1666366771
2711107841
4211653139
2953341082
343669481
3438525634
711846081211068416
103416757
2801546377
1919306508
761034256264986626
3238356748
2842756834
4849655540
1922243041
2814963707
329688367
217506104
429549938
4011536783
1918931726
4326237862
83548744
19972660
727801244958494720
2917456810
18610844
488240407
1013911380
3959376616
744574032310218752
2545655084
18502938
708862379577053184
702491356682395648
728214949105799168
4786485154
24001338
1890842214
73818196
23396106
1249571202
884074676
17850785
3094254020
2982010497
727562360374747136
755698168675897344
727866687547015170
705668297421938688
2274507246
747232401932222464
958225890
588212282
354220709
3171500599
19407053
4335746362
82647471
245382671
730708944302264320
19343904
246194947
493609953
19742537
2669856720
3031532260
1646505918
22368840
728702454548725760
1485132414
2316709313
71780147
3381135641
1060642526
111242292
3001304417
4676720611
1683225625
91669701
80061349
3011161593
743521326195838977
1374361735
55315217
713102095306469378
84860555
2698985012
3966564618
17201657
82128618
16777542
3408034479
1339140812
1949398232
3344654182
2374336981
706121210061561856
2991788350
2651363497
2411456959
18793334
167726392
15036387
2780056655
357784945
424508245
723844808167530496
705755959
153966123
1659958350
4528116089
1697632675
738055966890045440
4769384355
2272257337
58193720
436284722
18267263
3428756051
4613647878
30369446
109810008
229185155
81249071
99590129
106368459
74416411
9271212
4644340035
3040143383
695342699109453825
431700491
1387512158
27217647
95943762
2999308519
42439084
495195803
3087795326
2353593770
2537390497
141204883
3915739813
1081294531
1370834425
2158283448
725694639638978561
4922093284
713183403710017536
4236287723
627208970
1399977186
272147364
2377212054
4283937016
568620329
3018928639
256174941
2707436346
1033626252
2778877048
261445946
2188707127
4461925354
23419231
3325241979
717666117552963584
17019192
3065998529
91061913
3429835294
3254870762
4731818957
361440541
4917462673
163015579
186781244
15244628
133452636
1444614408
753149816
122759220
1850835966
2368626204
217369426
2179348804
807184921
14216778
3571401615
17536486
1552435880
519622450
355464109
2559607064
176888356
2464662349
701105705902804992
2430920839
20528789
270440825
104516330
43392031
78503443
20897524
2446766928
472855466
15389813
281955615
1301288066
158963605
3164565114
4828484945
788158068
299920075
2850407134
4083176001
63728431
764086592
269728561
21268553
76966092
4503962013
14256449
23553388
460030463
111029393
3031804453
4061248049
2872661847
232298798
3333695344
4053606076
2730469942
70297947
100065631
361032828
164864435
30292361
2364562272
3065634367
24159216
2844314051
106115785
365423494
16620963
1622790582
58800236
3314084604
2967609593
3043378694
15188940
2574963420
3063382264
2971298278
113466518
2268406836
1882281708
3293230549
408505415
3298384989
3318313118
377218481
21645908
171923859
81620076
374245697
50093940
2900791006
2410860763
2900555848
4818216913
1579308793
1284334951
18633760
3088472738
3331236159
37791708
3890842887
1259772218
2620180458
594577966
2471631482
4813767247
453970609
2969635323
2951841124
3947567301
500929942
247373984
261660354
2318560670
540077045
1966416937
2982481407
283727137
1014127050
160831087
4165815141
141943563
4528877066
3676549036
1092303600
1435433845
3336903029
115679415
403506146
266884859
3251647889
579885463
24196542
532646119
590329050
2745868520
1934827622
3223277737
33999090
2265047730
4054463354
64975450
186751898
364873954
253682041
994293373
2858627025
1615704474
14462233
4764276132
779870958
113159141
41898073
4295608703
3404284691
4169617947
3320563648
3379015497
1949422183
4824337438
4054944436
282758822
18500743
446506935
2864678331
4408528413
1853887302
3010427675
3104674238
2214391680
2821282415
54566119
1534245264
4740917654
493040429
3063664163
234828527
388296115
2419984327
374477303
2961227493
229677976
2450233838
166189204
3429505989
1928985025
3429560399
15739351
43112176
3675018498
3040955635
240918134
749704921
150649182
1510377752
491584416
225887277
105082141
22686933
2410171722
280586643
2582776400
14436030
30159962
4141349777
2968168653
17820723
4572126135
23600276
1076293176
2887647389
4101008253
116846292
4722430522
4369765696
3025946908
3092498956
302177532
2886476981
2474914111
37599351
568717225
2599611997
4691999006
2426956453
567872966
3016096892
277966611
2459703474
556367398
4636957839
4697925752
3097773249
2963328724
67372101
159042255
2376033342
766071379
2777064231
348296012
32135630
130033813
135729370
18343660
3281456646
3219422522
4330450237
10340332
2872766429
151350172
595780066
3904222463
1272096924
3038516102
438257902
4277219539
603010710
4299997156
272714076
39791158
1445018328
4476934812
4392426735
24941802
2861474259
372019131
108310222
2303780288
18375963
754556
4606036693
3065700814
2399776482
222537923
1004960875
2214197714
3342811847
261931939
180731328
18906101
2595024005
4376987367
2172179072
179258133
221037110
2842555907
253021343
3005765446
2288138575
92002486
267355099
7996082
1350404346
222650133
254081060
158342368
17676713
16514160
121385551
43910684
2741621047
2230392115
2729526755
2690865121
820416870
523548693
490963793
2320633005
18905975
162611402
737065388
317378810
52998511
8820652
2151827532
285647687
342067075
1126007660
1009136299
76138880
541056536
238489722
1173015829
1075338055
761929057
790000
1138507615
805223228
375992203
769877220
397631715
146075477
104518132
345843206
1072670893
1083990828
168721685
19283269
869129677
453867163
1075384801
229538561
155890059
539161583
531291518
924255494
823333465
563185211
2519941
962909167
162146576
119857848
768923310
23052482
153944958
19924390
27939480
123337758
865345128
34403456
6071552
213708645
619045406
91519214
367754182
955592982
35837509
447535728
227474691
516759025
440105953
984534920
564629180
166505299
138504698
581222088
148321187
557931449
241804219
772414507
15582157
203656974
605006854
948001879
120242491
234424150
419722448
20207789
292547933
114569947
54424724
919860212
492391488
70122463
125118977
335957195
989572100
220877795
124873998
783705
211374306
353071717
381431976
75979027
16667077
27738231
91267688
70774194
193612155
220324005
162371418
494187504
361468994
302053278
966156001
63620540
20762063
770839160
44171091
383295070
52015826
217098125
456688202
29554755
35120520
571671032
193996062
20957775
967933950
97728730
430409590
764680260
132235570
57364693
524640389
156214500
574832363
15081182
876619002
934085234
586651053
14566445
369025757
15244220
216347131
858141156
882634688
881946228
441970965
978392556
43344858
91609427
344254586
211800056
23074847
133128555
18179554
12321932
17393362
15958265
547987936
223922319
837147216
16662077
26688109
135617274
915827670
150546196
741121279
294511358
30736991
900135054
209690104
17457826
366078843
15855630
392836991
17486092
288397860
855368528
882192152
87852625
950569008
545565809
57916660
471466572
113435127
50732238
106586662
18486734
90416157
14890621
71350265
18867453
17410783
16174140
12839042
259562218
7995512
1035491
55689600
15097191
14100972
792907
656713
15164442
20758244
26221177
15781092
33169176
205238020
14844670
7552032
18035122
17691728
81138514
18185124
14603011
17825445
7712452
24417114
17497382
16419153
17046369
17267391
16548435
11833202
14458280
17859965
15651700
14377870
16408752
568166877
187468488
288132419
30734168
487671320
18043489
126441707
16383523
721754641
450894516
526703810
750144518
18246427
159454791
247266043
36032320
816836227
20477352
63322938
144608238
478508722
468947422
52693547
84179491
831963385
498020576
53112612
14205576
14126888
73986605
964276921
151837250
593094643
882609476
33495086
542653561
378734923
542664806
22688213
163628467
955431175
86007399
77725938
49851429
947840642
631086759
38182449
45956475
445473139
115827236
312435184
307061831
70543082
924612380
106835731
280826651
897583873
770211396
960759108
611599834
882623586
917167639
24636191
31891798
104056216
95094897
58525147
214147609
22282589
20414217
541958701
172314205
189833027
30357579
