564107980
2180168234
2180170945
3243658266
317470307
277163970
2305714605
2745720375
316389142
538181544
896048634
963558768
543128024
600029236
718732478857486337
96951800
273538402
2239961994
21966695
240446034
67432137
158487331
2295310321
33852340
2916305152
114510872
1536791610
313913938
2226739236
131967942
3087039231
16548023
774631806
463283352
83992726
111483992
1387972327
219930005
2300170686
74314320
125477813
190776520
188134755
196399589
204140108
2148028567
562467558
2353276968
131693960
2377341042
349723253
2432103116
253405780
2355229166
1890246674
283275526
2531711063
364799996
2432025947
2502537800
767988294
346756550
67626617
233424499
823429213
1641436286
2747555786
167614820
2262831414
294644284
911547799
1177473997
2828759876
333338522
2787614344
23332003
213745334
2783009934
499704164
1078185858
99743245
43979515
2456658098
131252108
53294902
47786101
115290725
1884329132
88498457
2308575102
1413186012
195392741
572014323
1578120541
150611762
155509398
200131983
64597326
37732384
36218434
157148956
914746514
129893497
45947220
780426966
200125677
63767546
1344414218
597795780
290690674
138896405
536763012
356724993
501067819
145394188
786724945
451797736
293200600
135873191
601496038
346237671
110343953
1550744502
1193306887
1176143114
553452049
1578163350
1580292206
139112657
586113324
110820520
145049483
1965524942
421405547
2203282633
1317683072
339714572
248877722
96039232
42306998
364415387
137227639
17790274
153175705
65922524
134982074
1222171033
332473354
100646480
94642624
128544963
178687233
413488768
3759441
15713964
112028002
104520830
53988690
66193727
346953116
186295951
26244844
6879832
18597659
208692852
155452929
486247748
179991106
115742155
227330204
50802105
521843385
720441588
200534930
558302650
211940203
496192454
65185354
156751525
522778097
913086378
334567055
128309996
935292139
130919368
60729124
116230220
199387973
467162706
271723946
161169092
230951093
207628639
952946112
130015275
844967575
915588530
166646482
862986786
224711381
1002092826
705685700
65859895
226278294
84711209
297742433
148611785
618509569
161854200
767767327
218620769
580141322
132300892
1002012350
15632024
211161709
75663902
241147564
261895325
34079049
237093688
15884394
898303724
342515518
222640295
389708481
427106750
430442611
73123411
83534399
201898746
614630985
49642732
477484477
125637676
152343445
182097841
48743473
112720919
63546917
283610376
75384618
55406641
144361910
25692763
568576368
424561910
231577324
356435224
82401114
384912153
114967049
54389843
46937359
19888718
45394430
50373261
51939779
19516615
57084718
498780802
410879925
138774599
79315427
346192074
158958868
106924675
87331182
134681100
77377195
234945931
94820720
86660607
98017261
72667958
336081098
269039211
163932079
47734572
132054365
314666464
115810565
308310863
133091585
45210669
26371027
346823112
148593214
126351777
382225834
376561930
378201019
70559987
216141672
355150695
79302032
368087451
220071452
17375146
65077826
204959733
210515052
193007599
126800216
281581837
312429384
113132690
88105942
338101690
103057143
15759914
107196840
333586102
329498526
227807689
96787962
109553542
136427947
116078343
138079080
190869163
218528807
25307344
141997518
316030638
312319623
20348673
244358171
9899982
284218740
145552474
283815864
323305939
268909377
94347238
226899155
73207885
136007004
53928085
241560748
80333247
277697936
281705533
263425047
324606323
161016235
74477240
303535449
199465237
297555008
221718097
127664803
143154907
104854741
251465013
203104666
271514646
48707810
152170340
216491200
296490954
80452935
151301608
147465193
249359410
91374270
312182709
305938914
90836187
44080970
237592923
146136971
291399747
160451475
130942630
90911338
103954835
42656811
202052315
89045032
278483947
62267282
124868638
239050425
141193532
279203315
187961957
132001905
109170471
134676217
34489829
136532913
222805970
273622035
40004864
221885671
269060039
288950199
288984282
286731774
270650285
20030549
192899807
20269805
112584653
256433986
167927916
169673650
274408763
121882392
47108500
222978337
109928779
108140000
26096440
193424319
82396809
45388917
65210967
56209437
144257269
91666726
248434338
60959389
142841149
190697853
87031669
274797680
208145523
133405330
71325725
235251943
138610389
214565607
190499464
8880632
262080986
274777595
140113657
196987901
48265356
247466761
176340780
189728596
28376001
148339629
15511942
134999939
236422073
198135531
276835513
275864147
154392016
152796551
227419807
114556527
176462503
104047864
146084374
270554378
131570795
277079780
250242239
87697004
164031807
225375101
82456381
266595851
41488322
195616893
106206812
191471907
29108135
9463972
15759320
109011368
135726329
48074677
43115629
41478072
65378744
245779461
262511609
139871678
84123779
80198096
48220988
47936781
182087035
116829595
117818666
40355300
48534492
245565764
106134670
196429280
135311337
88716854
65789347
77648884
104897191
36192367
157370581
136021532
64866674
126496059
79552036
47639043
137017271
265120507
107411929
256515452
91718877
147981384
224770765
53800311
172828876
156689016
74432691
172322635
263299290
110792822
126091348
75036392
160534174
201579518
38489435
16337470
133134179
157227472
150465102
116033826
56231551
152295797
137129221
256690037
82481551
21092522
241035381
50798707
115458975
73978371
49780451
89092705
15520648
18087450
160300451
134885982
248411583
130872790
144959223
51221736
108507365
111646410
128493848
110470062
46538787
36587156
254564652
108664538
113178586
227917324
257512065
202824247
245232360
225174913
96910185
152121850
87352169
44754222
101845588
159186753
218208715
113322119
118307059
96763161
121482808
76881847
15627211
221439250
104352664
222175656
222398800
36521913
8293272
179230845
73736431
31459600
197132009
133824371
18402239
70291269
67411061
135923918
86990270
199036705
229267931
79625337
145037740
121268180
65098734
40886836
69322169
95344089
156426708
206815156
141002084
39742607
56910796
197678609
120466956
230621264
132041647
54827325
192712245
239416122
58663241
85725502
126502912
51598746
154301953
242458761
133150462
183122606
245168833
73811575
135958667
82726678
117279170
166570853
91185652
198539098
247115937
132810224
224223563
136007061
51574861
72722624
53576681
132158177
49657841
19343904
45844735
42529636
216018480
114892704
159898640
101808271
104529045
62586946
95244804
165161802
49971520
15194333
104910320
27729139
33937203
128590679
180508556
204003457
172500023
10793962
140819602
175253633
212866878
24994122
43784014
149543482
205249667
133834445
210844481
83121700
57390667
81436959
70395301
201982459
106726685
169690329
138496067
126202006
87534666
109636768
220180013
67608949
54710556
111445039
108615274
41591441
88091429
32476304
110288696
98059082
114021414
170574147
35094756
51719690
62958680
101337702
36132341
126914786
139126484
78112078
169502290
145283389
131492466
35875475
148098637
154140410
63631015
123746411
138482838
46973962
161404570
190127151
62980856
11238342
41732230
105017029
49174936
106502228
90578975
60364791
101918138
133938511
67665104
94002280
82901391
193415120
175164903
157535599
81200980
115516282
44049324
120641532
55251512
98581288
69980078
119758810
33884545
40019473
105174115
188770679
71794672
138896670
22777210
129314451
166063471
167761192
34261066
85558475
19590451
152819414
129291345
77022691
33144902
71323815
91912472
154336288
72450713
103702606
133998945
155220719
67323515
836301
41874801
16592010
153057930
137757303
159059769
140072878
128590830
144281523
133411982
41440328
60361908
103291505
106809051
48560037
121855439
75411963
64470506
59921188
24490174
58404152
97263001
137727596
138233254
87961142
72929814
123978299
135994305
38091932
116594603
141788397
69661750
116335894
56057555
43230587
47739767
29264500
142685738
34898516
41679181
148988652
68413659
149192143
35804618
90053146
52054119
116236757
77283662
82283508
76144510
131050355
96868351
60070538
110046131
108414691
64772282
63362650
91022633
70714621
14114668
63266449
108772371
133133704
66452559
132674467
134636053
134790450
80177484
8626312
47534828
108067980
50022089
20929832
65353239
64624392
106946039
97745604
52266469
48878642
47795678
61206989
78325679
39859092
49205794
86998261
46022958
80444624
78172335
83145653
44223166
15394380
28033530
106279726
59826133
107926854
108388431
35015627
18013346
45685763
57803880
102163504
55604085
15141760
105320393
113685880
83762279
107528931
53577317
114065134
63508482
116066976
71698993
69174713
77355431
41309576
61378992
30412903
28147678
78793706
80990853
118536097
59817849
68276289
82159102
75366440
44278797
83428718
121449146
48789233
2697621
74872381
34858953
52833487
76870026
77650285
88002284
102272768
108984252
14071458
125235464
65152244
112222972
99776162
88093674
38167169
71916219
129331902
109432507
36193845
124051184
76578294
18541671
129248716
106252899
58874820
93710122
57083082
41575829
14421928
50655825
110297554
30597640
55906926
108065089
93215660
53847565
27120925
39639785
83000082
48948901
27183905
16153374
24187510
63866500
22509683
85588221
11679102
45424587
66139817
58568138
39122925
92675411
40538435
31267229
27927762
62991110
89949394
54758299
97004105
90017199
82968157
41663589
24777830
69138252
39627634
51845270
15122772
100143515
101678842
67774482
102045381
25989434
82771772
57417930
55443762
87023462
40403116
44061982
69281235
46268112
89237416
54278213
74136426
92785924
9168302
49999423
95508035
16410511
66187878
50800056
86027218
88318526
40726930
83778910
81985164
47484452
65198619
56743169
34434243
74348890
42335214
72392769
73146833
17995309
70655877
17651939
74523400
84442274
14861967
62984115
32241929
47797714
70969384
54084211
25421555
19691500
17631666
83805343
21458552
29000006
38075838
87475043
85345065
91027563
62369993
90906943
34135356
87466156
24346894
66752976
79762725
37947837
52280953
78515497
50840390
65557605
80922198
88796152
10142402
39535249
51568175
52467488
3468931
16747544
15846816
14727959
76862751
81986272
51899337
55087427
42520355
40590338
65905219
14614369
58614619
77727883
38960091
34090449
47656987
47169319
62317232
14114523
35346281
16998776
74938963
51621336
45755760
5382082
16209123
35590272
36301562
37815475
67988243
40370014
65657433
18058834
77583043
38019415
49312247
66539093
39257143
17224861
6260362
70434930
15258519
43427468
46388176
27994180
18842596
20480289
62378375
66141535
70586588
19024648
45473050
19251036
73421839
73423011
74041597
74065671
22228557
73468807
41692019
70488485
70738138
74285122
27503180
35486084
15976584
53304779
76789152
76905304
76852711
63880907
3207291
67030949
4631911
34682836
67659971
69455069
41136229
32427383
23843636
21262189
32141416
14587333
42308376
39228927
44338433
48362497
54277762
45017958
55646246
13303382
22680278
70843417
42705538
24243943
62680870
39984834
59331647
15252177
17178025
16928017
31186658
16960820
22487412
48847654
49056174
11424872
26767736
61340555
25247638
16801675
51471371
14228355
16700058
18585035
36189463
37145639
11855952
66244095
66560215
25109223
13853372
17870640
33629688
55586411
17746883
39628529
33300459
4518171
6823022
8252202
39404826
15014724
33974455
23972681
19084628
2037011
2158431
24437059
20880502
58103839
60999563
30614774
34457603
49078310
38985570
25700118
14373308
14974032
45207961
41471818
29005427
51582337
58042507
39301885
39921726
52430620
14802766
39956956
6023362
40517751
46801937
51329227
23593416
48714894
17549003
16910193
47146409
45621230
21203374
15118211
15347904
16657607
19537133
45909834
18464595
18197828
41698426
39289656
19207034
1777371
14580438
34256546
40049363
39196428
34181134
39575978
39108623
14940853
33247276
39906781
