3404939560
708605268360212481
2836014090
2534970241
2311420429
4304142017
57830450
373993596
219596665
286702637
4825339752
789301709566648320
284397393
284394981
187806925
3097574316
284389519
616291520
385268584
819506173
252054171
3062992557
2515861986
4158237372
3141861517
3437228128
130834357
3399863129
811978365464780800
97503057
35393436
709957408064405504
2482116060
2855255918
292925168
48788582
805783461093113856
3245582228
3238637422
2388630690
2872696044
2973965096
31525770
372972530
4851910233
204261838
82833019
235505064
47727986
128256581
126356889
264438972
912421364
145482425
726505742354792448
262794965
3223186574
337562055
206500951
210870243
175976216
335141638
2459236640
4723906532
383071848
596231458
2336099244
2157388951
803637757822189569
1003914344
166853059
2826921860
3109352389
390274454
940080582
157355862
2373054116
4352434461
113274131
726991694206377984
748180519494393856
2407069621
3333758957
3259084305
2954127710
2898495054
445106864
1595509214
127457703
60492365
160812606
2459667402
478895581
161419220
120813478
136885994
245708540
219567510
1559687305
362568955
932773674
1932419575
1918823078
4178093894
299679703
2798741432
2576871816
794508530644488192
124106893
53378263
737233468673957893
757884570553442305
2546349216
929127096
2857796642
708959370487439360
1166610654
716276293562556417
349300271
48946932
4681897945
3700016841
62496790
419541404
26553420
308455540
508777938
267023081
152902472
76620459
4389897679
4907831348
258660030
532929138
1331479669
784418956157128704
242238339
150371130
1610204803
131264923
120178497
145548166
125603760
2267001846
17855877
146245120
110118205
2331786060
613115489
96877126
884378714
190160364
247593686
3723615374
3472851433
784576586787979266
2906478877
110700741
254928822
2955508674
223450901
1001610788
1016818045
771815208155246592
301544586
779394512
769622557
1275331532
2344423154
2295631308
784012525020991489
27678749
23544268
53775273
3294301050
1141185187
317619076
224331783
205877897
226229269
458844588
382232745
213048688
456394921
737100529772466176
460160595
394073051
2565848877
144284168
384321453
154489489
103370135
47441301
71829959
64648619
582554285
575239738
2830720945
239394793
581774642
401478793
828742454
408177579
612510695
721558699
864776276
855946404
3439571412
701358482
554998989
757756825081028608
3253647828
1624664040
169740780
278388917
1510418280
1631128196
35132808
327511796
780497188422025217
328918379
1507169522
39148054
18354997
23151437
250831586
2220951799
779309692702994432
2705695879
2820952439
26580482
591201906
3040129123
791841996
3065720950
2790505833
747954173363130368
715613332384980993
1699318398
755762279384125440
4913455902
738446560158048256
746948995541438464
714546929003147264
4309523834
3989904917
579360985
2868701861
768685519425372160
2282277015
584838992
2642650535
2619723381
4820303679
4160054787
3835338134
1458370447
2954443704
2883396214
2737233764
2534065699
3166163365
810932864
3405950043
480944945
3295326870
161333485
2893218344
19432203
3028070462
145443390
84602384
409428385
17049339
114174919
2975496784
46116615
94039455
76685551
185933542
3320478908
756271337585319936
458855970
1651464822
2374632571
772578274098704384
1706564233
238834602
3036931804
711631689823289344
2298691933
2488576712
396866544
703053840673800194
3699920777
4787390297
2594302842
747037187615526912
752281950098821120
580604526
1524954529
503908017
2856021088
314073281
1152837932
165476646
503156289
761501308985544704
82677934
242304614
3190169365
2861632595
2727533365
27466653
14222536
2188255635
427121614
2450657605
521150449
21257976
2154660079
726309991
2955722311
91408245
15945351
150003563
550358933
762012687870095361
3256117008
3087033234
309318770
4142395163
4841270893
3600969798
164019997
2636089397
1564177926
137112232
443216748
266336410
282754258
590343168
253755500
30092973
233205224
30495613
351951741
1188445056
23451691
3043784838
22940219
124565944
736913090617319424
2767403213
518868220
2877468793
726845788588920832
163645988
2335864802
73171449
15099384
308759071
1046358212
2650583037
297074078
300844271
405357311
560362416
479371480
435525090
60050843
429570086
2435045539
717362594
2275090052
2880122132
51183534
759337492302721024
89005644
378376122
723850544763129856
382402366
958436334
758804919830716416
42680020
104856942
252709160
275400224
30892730
4919695943
1705991035
233183631
716724311084675076
44473103
88479848
1597679827
3835524323
398277473
101617959
757894555287031808
45494617
390874180
719218159
410186746
64929124
2810074805
16535953
3246786161
3379234731
910874659
1556393042
23741531
184910040
753888023805296640
752008139331870720
2862940957
2879562453
629393764
68568238
2476090092
273590718
392188823
4721436012
728355163635777537
3297277214
196415460
79293791
2265327894
40908929
2793097416
3274741974
1629171145
1949322061
3078475044
752155849108299777
269046025
313087874
440519618
27195114
853324519
4170497901
2892426704
745674310136692739
731657768097157124
170018350
722715096217202689
387827522
701772081260838913
734128907767689216
717202825860800514
743627589428871168
3293469414
1979259079
2629502950
163730859
2591109290
153098292
748263734678716416
743151523069235201
474446451
54938604
840897602
2205618662
278328390
1906234147
2685837290
180949358
139539038
308297673
623705516
1286596002
597293960
4813204368
2734916039
2822567616
252495764
2696841686
482934503
1862781949
77596200
2277800833
2367348603
124375983
916077559
2375408312
254583672
325292532
134042324
38058465
154070583
206987481
282897039
235291140
17659206
2953685626
139779989
3369993627
529547302
173210133
729510930099384324
234980063
355795737
344316738
125806240
363961928
310072711
330705266
1396698397
912727560
389238190
912797820
405728790
1088207396
2156299840
2156278138
410409666
581301629
3331311922
740142049572229121
517077573
3038295012
489748500
169927844
221612615
157535517
227730287
3555396858
440850596
982162994
112185566
43815496
175729029
732526787087863811
727494813994479616
730067207577698304
3231859934
727830233894690817
2423688169
725159110405033984
785079073
21366823
1662462858
714822053497450496
43509988
875424510
4000964114
362533253
44355815
982360508
718761399074181121
270939066
707835144778874880
714752639079211008
588391052
213600345
713518920733319168
1652910324
291547392
2576154948
716602622375931904
36746176
42202218
18625669
947878784
713173384759083008
22838300
1602326089
1111266938
707358354008440832
309124864
703468095814275072
4261458560
822905078
87702194
255384702
4898079859
441613155
53338746
4575400255
445629072
239229414
442477838
779513244
1467244272
2848089200
27260086
4079946327
4140645014
606856466
4678358832
379408088
3143003737
465627337
4415716334
200505030
278476392
3029092187
3303910294
143664456
3224295517
2269130208
399928821
21526685
72694909
4089767653
4009315639
2153390833
932046656
2960994568
323677353
785324762
3426197414
3481019971
1538787482
497477719
321970500
114035804
3077917704
2283339026
2799337291
302006446
2372833003
2946605560
3016169628
754674770
2764084083
431668709
532978704
1403915233
21111883
3138577514
2762962356
632110916
21441186
837233353
481871699
451466967
157140968
3297790991
3190724070
2962700989
2946461989
18055737
3194511997
3195289501
581494085
379226206
865718652
2576534977
705677139
1012824523
2816091156
46617832
2265721791
563819965
2997717316
3192928666
635053388
407141257
3150823387
2244043393
490958263
627916798
2842266423
480532277
1451468354
166739404
954427716
749952350
240668070
325451111
807089984
1017167876
2322120697
2541628334
765593006
1449286278
90021519
2482911744
284197383
2956662972
449443141
96064899
46525084
54260419
2956644379
431927979
2788520195
2952934896
2952879144
21349535
336448542
39956893
23748448
21069600
102401151
75670153
2476544382
178581003
2290939051
244018192
994670911
1282978506
907280443
2912619648
299964021
17674486
231030594
2280481447
588193355
81376907
1222354412
121055716
84648798
1047199152
457554412
120073048
565236922
139399835
736989432
736989432
221272482
220258826
154048214
1283165064
1917257256
787560290
58528137
569744998
14365353
18657864
268414482
335534204
216201838
924412843
1416289596
1640977110
2344935805
325382961
408435244
281766200
485408221
2333517996
371276866
576968557
302026866
218167209
541620330
467274546
2889716677
225244783
2527087458
190252347
1409783802
122879362
316907137
307678293
14230524
320085165
1713107826
189482205
1087492124
466379706
2308939452
236368385
127800769
343627165
1599340015
437102927
255879145
887958606
320022799
419168159
79650494
1607678372
122887672
26565946
174266952
957027824
18825961
25460615
65184105
121199319
492399548
43003845
35787166
144380789
6427882
366999215
16548023
202105015
29136950
383622216
332935519
301786769
520840586
723432186
230845588
265982289
285332860
558797310
1410086876
626165597
637313893
337502808
321445166
103012173
176566242
1366581050
207090055
39538010
2722430852
40981798
189671070
1567200258
2354128850
2193607094
34507480
403255314
264107729
158314798
24886570
934078789
927421357
949928786
85452649
105119490
84279963
181561712
209708391
78313170
267763696
305422750
311279723
1192627134
122334240
384901764
335022189
304938371
247809134
22346161
296078883
2495763216
1899055962
734971040
1310459952
880233462
286516122
156856162
2423446279
1380665401
403245020
21211181
439125710
403246803
390736740
888438008
