3236265374
757648526155198465
718833358986420224
796865302910767104
731291922254467073
705928670150467585
731531416530497537
1703499732
457692129
306550555
785921336
252211689
377844865
434272470
932773674
486393152
4713638989
1240491098
1327811654
247647861
2751461283
386959825
1253088672
337768981
255096404
4509233062
446839505
67719573
706148977649946625
1214690083
743381922
520038963
982425696
1888339555
1504473049
180066380
18913121
1373651078
719375843399569408
327837323
834316544
606856466
709393406569500672
91523289
2778537414
2983150513
526129183
1582341876
2395608518
16575979
4707820554
1474991484
101966101
1162903543
378472099
2324353711
304185486
3912660673
102325442
791498257
3311312102
1728347736
437102927
560899447
556038040
3248077230
808808557
428446678
746935735
871708585
177804792
365613635
365659990
397312891
143014330
1122578521
397082358
362476990
556863839
2354128850
352080666
1280507438
1241341082
978442508
1148143674
309606651
963572202
609650679
233430873
2315720622
64019328
1637186263
488145065
938386490
475054044
971209448
1352102599
1441312951
440003465
815406470
225373920
1341505746
788592325
1073122232
931970064
968751606
93886966
237185971
265221154
1017886068
146020498
992555215
1192656001
1285714134
413288590
200400557
522356559
520004333
91332606
484801397
435327017
617207769
476569874
345856254
825464965
468982932
1082774305
406184334
338887333
1057442658
585703397
630949856
501824727
1231508028
428014182
474423307
1140950840
715856172
557551779
1115875610
763571784
1290551418
981795272
581606276
371132997
1014797834
831499548
217003898
480336242
319952512
1228061180
1135745702
845232565
980459359
748722829
186748609
123499593
233936772
1241250283
957433794
1246623162
484745971
232744160
1162930770
471600489
1171044883
567086350
590096327
629074949
75941088
107358883
301394179
707761626
597488838
200610182
101034580
375617251
469342183
482571758
237270452
428967911
365365550
431335039
167415472
50905447
292789165
95544635
