2205471402
573178377
2204920100
129577181
397373661
2533070650
309340221
787239919
394581283
1334928384
368220699
64152335
1704998570
1653237805
219294551
366592246
2427418736
868311457
75641903
124405878
2342230101
243661761
67645047
229151808
17948054
64791701
181995614
26729931
45013575
7827962
120127817
120808237
741839706153996289
87356295
3011017555
789091421911408640
769005074337128449
701583160639889409
394195842
2253805046
2738424671
3704313496
1331047976
90676816
730814096615018500
24920669
287690539
768487214795857920
93819292
78502161
105106802
16143542
525208028
239172505
90636188
214413743
226087776
368276033
28297965
24871896
432507102
26235265
69008563
115044590
141667638
520856742
4148221103
768293944861925378
2819934935
2729578972
275970741
90917574
4855061483
431766756
374341009
610829850
2766037777
197143053
393145117
292012031
705416676293156864
554477654
113512735
715644282812633089
1564661383
2915579027
4548408159
763560703634579456
38164846
247239087
39360648
2152685876
336145436
713993413
61433111
54165269
385473825
353505792
262240728
636918011
57601680
146447097
58766476
283894108
19230601
287834630
108568373
44606764
25073877
95488046
608200486
4764680857
954226614
711206223530627072
2401629288
402740511
186977848
145089484
489804343
500440742
1659988741
231528937
4920898647
790959577336541184
80494181
51471781
1180286202
4488217998
1634078918
540956314
2595366655
71287846
249794989
32585271
110833169
4859689354
248393409
100329236
19940089
1409952565
765949918691418116
229623363
304584498
823905
1862354624
2588209066
381551573
716152460
500841518
249692638
246822953
15590302
261806019
242440788
51241574
428333
110213431
242448965
3945784572
226000255
100220864
44409004
26565946
34507480
79293791
17919972
21111883
268414482
27260086
25365536
23375688
21447363
163556158
61538202
11804002
369342171
2675432862
708461454798757889
381238517
414248813
760965247859646464
315377387
620092455
24748345
3304290155
2194659456
774786507047571456
985169389
119758810
4836374381
27807595
597725758
598112910
2495214973
319735479
1708637154
197284174
3601284437
769029293913608192
2500343690
730060761435918337
3507952277
111327349
2984535609
562412397
366359143
2964762189
2249745696
2471739785
368705301
240451626
4060888521
119826263
1176906120
3380006277
3404556093
745394325865979905
1391917958
153432247
254637337
209087371
299953122
130537313
185344640
173677727
3956354488
757396132691603456
2887886712
2292488509
1623743726
3315184534
225539878
278694865
498175322
1058071490
749163648
14755879
283581371
3305597481
379171708
2387771425
411469404
3004228743
3246494259
220809874
320460224
1624285896
1898923664
2277974641
727570156969398273
260772330
1031991924
214592024
270005881
4870825089
21007030
248507481
4021260809
291529397
30018191
259098115
820678825
55093589
2738106305
46527223
73345173
229899655
172728905
25073959
573355293
237569211
346147243
90488103
212780057
3393801148
413444161
1461813918
282665529
134555254
3947976345
305230948
1399946450
170969017
19263978
2525935405
732718849372610560
35869103
2849149796
21017888
732582206170931200
2563474548
2813642970
733009789182152704
315427494
186982547
4874223557
3420421661
250837824
380065656
3611505854
104276653
355711998
2647271935
2317040119
150765280
4440347241
722996512209260544
2612317868
459703392
2886115805
4820107983
228186739
40145535
423384542
728394051175780352
701465499805335556
630293318
245503902
3092512761
166739404
875106894
240543623
75279987
725380830445621252
24485503
65153448
293675394
97497690
738840348
34910262
572522083
2167161343
42400595
166474964
288919972
505458731
820913768
2788247322
214625472
3593858656
2283710252
345787393
118218026
79333626
143215062
64839766
721531443437027328
721515009717768192
2854151019
4720046242
79982342
19923144
42562446
2862863422
140908204
108932245
128223728
1095193898
4895496832
3429352925
1265071
707379476246761472
319217644
707280148354232320
1712007810
205632746
122428050
1460833729
4492414707
4019010793
63284897
138073345
2950727390
1423824241
1164906236
79939248
14230524
522241810
703221113611014144
4243890981
243794759
236636515
826190480
2891512492
494642170
700499088073211904
82507867
2617538052
4865359270
4264679482
167137604
4825329759
315834867
170168631
2298396516
175863618
134671641
2784698130
247455633
1658641988
2795820065
234979485
3132747518
3450858557
247018405
225130214
4805165315
102872017
4826918979
547007282
30251777
282788614
3331851711
470311246
365498780
230567975
344801362
143672012
100292984
206526942
120155671
2411326032
319716318
357909166
599404748
4844294595
450332092
4729038328
242787369
180067058
183310940
133880286
40139016
590532945
2363479183
4498957294
2307268806
147272364
3046806924
297584962
17314160
138933382
2465578443
240714255
2459026524
589388454
4451981267
1390616701
4265095403
380906558
1944388399
1319345930
74992460
422201803
1872338011
217359240
166205272
196212807
555628782
170879171
197487796
160414885
3506805676
769239932
347620813
2342884033
73181712
270341339
1766701
573549436
102397497
1202793056
556297194
76750204
37595712
29221344
378746121
17156000
701759219
211682243
157940838
2891514467
2214753612
274140988
995562078
3709757783
164492110
1548796106
1058376110
122527092
197687393
61619762
145346276
1682309167
2273465173
1262831526
2919893368
148156268
3159711265
3374494365
574594301
46101166
3218656133
126388327
130960328
429231940
278824679
278822771
240389001
113771891
15248067
33995343
16808626
74426491
146478129
2790425658
384695297
1106442182
2454123764
145459662
17596622
163869269
139761058
575862083
4009841823
1117157244
196849440
162203870
264589087
249436211
106441285
223566572
136032726
347485149
3115481921
309880851
191609461
178066332
362602990
3600359116
310443719
2170785562
3372106840
256160863
270109821
298067314
2270033355
539004555
538021652
103550181
2465112625
625051853
135923181
2442157364
3405177749
3857899828
1020208705
265902729
102094084
2286921128
3332064473
116504344
137889032
2540737998
220141191
265792648
2468537264
409603590
488049908
246821847
150903713
2987384704
1917150252
145776957
146157337
392132659
2363211295
322933672
536603423
3615979215
2903303944
3005816891
375346673
2239700677
114616374
948187356
3484012167
383571410
3421063895
367821708
64646438
152335509
954590804
156823295
3121717783
3433280469
2932374921
889350354
48898826
709179208
83855918
1179777504
3362482367
3420727492
2731821136
194732544
32388922
1739073931
3420520348
82437181
3406057492
267431190
1398617514
1431576806
42887794
194222632
179214711
1024388269
285137536
1869436272
2309086412
3396448096
57083275
175267660
2183347405
326457207
111933542
3224717285
2438991530
2979634001
130598216
251983977
271445045
2806184901
2528975995
479002887
259373991
2674125463
257715951
68308262
191637047
373461498
3357478637
2175213942
2873702406
15762708
2459853324
2460009960
3364142375
399849941
162813695
2730158594
1479869312
2778628063
2717416668
478673593
917786898
3019147563
64470344
208201400
1259722740
15064115
1126020642
592829944
931099580
145041375
431773948
1222746836
329746058
2389656944
87850670
3196541632
80869674
200648079
202917230
569487472
209881341
168637711
57025078
70344790
35488691
3100720859
128002091
3095281390
182585470
1190505763
3353518294
172436782
181363890
1023313152
183483635
355813562
127109270
134165219
2825436478
3187882024
39863994
309133460
228578145
71610295
3022213187
3165601721
441303846
2632010218
81737296
2553358564
326525046
231617005
197130116
138028348
344993881
2958832625
186216200
28346637
1186617930
531655941
3119965332
237950822
183092802
3302962535
1098434660
3071061009
52772612
394952571
410908216
232891811
3120339189
163505407
146898828
72686194
110783844
2990214681
1686808766
2984957229
3065948045
502042414
2190903060
230418770
326497398
2871032740
272500590
240935726
2944617315
3201188195
286767534
824424613
2487459647
3178114960
382147419
162114517
124419017
3240898444
391157847
1421710596
265727516
3068879501
3167206553
372618356
268485186
545416010
72431002
545700833
184993287
94145689
278112016
174121162
250864362
280692186
557154508
3068169839
469687151
619565455
1184009941
2385871471
281049020
3047050473
1048865641
378025096
2976934330
244143954
1934875513
3003888970
1462635949
265028101
213152012
2912083873
1892357263
485207048
184900097
2267164323
162269940
3154521256
481400772
58755729
52927450
118866295
3127236279
1911532046
238049150
210996109
299483960
390433365
774137090
811831538
487528530
950486282
2283676622
2277213648
197771573
84649233
394417117
176619488
51751921
1426569546
389049593
3169785371
196028204
299311562
68022873
1692435750
858923173
3178497969
40676809
22044359
2497356265
3134128636
88681373
2252197398
3054659644
2291914633
229733653
2436406022
1600128511
242946558
466705937
227015485
583967687
129960483
242671846
1223552760
300518361
15947602
376424420
260284001
66374854
3044728443
3106370896
966307742
3084147904
165785226
3140512458
123398558
1255160503
2734422803
366216082
2875427207
2908444462
2987237013
426319461
3000292942
960525924
3081998698
610500873
280663158
1536515922
1536626617
1471591861
161287978
196606425
2340833948
174298035
193811318
54005749
105491152
270198055
39160283
166399621
104320800
42960779
69333029
138314829
82675803
108341788
119979022
89303321
207976895
36928426
106300744
46919513
30412016
2974123504
2877430372
147709483
2956210421
234508337
613800857
331242688
274665282
186289505
1447717644
1260506262
232376243
2802525894
102637618
1483441178
3077977629
37849693
442024585
56716207
420678751
27011231
200883526
90270202
2949295595
152891321
301864401
252817382
491645601
240776797
3093856151
82176021
1601189484
1368842942
964318974
801214674
877180051
179545262
381462384
112369998
366296605
358461419
770167832
101576366
1419858524
2400113790
122170426
209197623
3032720609
403088944
1278917156
220903594
462194037
2840913497
2987975195
159176179
2815146464
1511148840
2925313558
240328331
109270399
52127313
2902390359
2929487321
962893891
225153328
2236031503
3029033793
266811560
220856813
242080162
119523259
178111140
2890162156
570153179
86610557
297558007
187395064
66823477
1269971100
72672049
1080560454
237852934
142019508
36751350
137198304
3013481333
461044956
1489346305
2572272897
1276501506
136502543
1274970775
1302010249
2444667829
25428046
1073812441
221201439
1321020890
219540827
257138365
1678160977
3028378318
40207557
80571413
26545339
19715065
15288851
40079154
16153562
14700316
69231187
14159148
33933259
3459051
13201312
16029780
9855132
63076720
87278028
20604674
41687953
21844990
18240187
357584312
17177897
14912751
167511835
102620193
237426468
782996204
219394605
449397239
27711339
342823610
3003159231
2333807667
1059759492
503635750
337993641
69957918
369005255
58023510
2963398102
2456824357
108192135
1502806892
167080647
297710529
1332471638
437231715
2962825433
290672220
3017822951
860889954
3003236421
50725573
26589987
2272454977
701815010
1729891783
774631806
351606314
298025350
301695801
2932628217
2984457897
155092282
2523924619
2979994677
181851967
2361133766
46443961
14630047
20680082
12512092
2967033767
2923415745
253293468
2976661811
1538197100
271093987
140175450
817988299
247622668
2957781892
570943426
755947411
582021116
319194401
129257855
2279987714
2340891343
131227609
184865852
74079542
23415676
72344805
99538320
43859592
1315410602
2614596584
438880030
15290936
338819719
266381139
1689119341
348729429
303305060
2178895174
300900362
98955572
494539763
2151264968
2607760291
343453378
1190091978
78113792
1254923221
2924516832
2455821468
111323862
274574679
541909201
128342805
236967368
1126594650
211753887
218102297
356347608
2882660063
374096347
138358313
127099154
168213572
265723717
333535444
71975446
270536133
571340577
443966065
324029700
2875704927
2760438876
309851808
2753385441
211921098
336664185
596593775
334423928
420722621
143129930
102415478
1546878818
307623226
133051398
545360027
147453523
161734463
2511477648
89447929
85633543
200191825
2791742074
1355918348
292570888
25531164
605685965
2905096371
2171075923
221955461
1115272350
442276707
157454484
219773420
74763116
175842753
528880312
1969552639
2893724944
232931627
813134034
1106675162
2474321719
2370943848
1630631971
1465296708
183896621
365510001
2330907366
219404796
2824185969
281770305
72577717
55759039
77029188
2886425361
2408234318
2300998992
423785570
438595085
2858245631
275235175
2273781186
112724680
966927133
542944101
289604617
134658769
269511775
2751006737
149583078
35654282
42449764
284545902
1838487835
191077343
2296608994
2775673933
221052376
263954680
456216017
131330156
842539802
140914319
93249521
45350809
115713984
142791900
2853898007
263736883
917135761
40481624
26674531
202782532
51427894
35613980
1083359173
2768567447
1645641326
946032374
53131343
124503616
2202225427
1250444922
2752051137
1140001494
2794956141
1587305221
193797763
587923852
173159710
1467773017
353704887
114659779
254115362
331252607
2414921678
2305509200
310055783
2840254144
40255499
444389892
251277224
2737757611
2797907744
591403996
425533969
17471979
62404473
226009677
272584655
1061162276
325232883
142417021
28050560
22040455
199436716
1611053144
364844011
177230274
2350196564
709932600
549274648
267892784
1438975586
313547603
146638314
2582778277
2432316904
327470494
2796692614
2742938545
37666100
379996639
351351079
563145086
842778402
2809305693
383036421
884529871
249828436
558893770
1244380964
253239418
2257869961
60916147
441175475
125233668
433713586
1426374667
266973143
364385651
33989170
68844197
77207659
7668952
65489923
124779370
124172948
6015212
17485551
14071538
106502630
18248645
35013719
24952459
90227660
74198943
64497888
81430069
128713071
54566119
32342975
67127683
124491549
31451582
163559269
2671892723
2429595929
2690470538
2480185590
2546352204
2830253833
169899222
178217964
2598162051
794052858
206783145
89364690
142800706
308616717
14313890
537609494
183362920
2469430332
447518128
213813007
41127480
261883741
155352749
92031317
137134164
111388190
335307746
94825596
933194816
195358926
177786368
516931300
334599706
174284039
242739761
190396895
222344324
101825115
858973470
173851194
212101686
156261643
2445150620
1390513669
1389708637
1426409882
1316852136
2744467024
2689107552
2188289434
94429039
1229037656
91361382
138574572
111316809
174351951
88559972
250419387
164501242
145302519
109456412
620521280
62536844
169531833
238759325
1223074088
15676956
51279708
147369276
138372303
8159472
789605024
374056395
343627165
127307617
419736135
258115717
258187193
118085767
592344291
1894995752
192945606
130215503
68609111
372955476
144846166
1227683172
2156047826
2439036250
299451451
2211480972
312148756
2163047131
401631118
146203202
478359113
609182261
1358190091
18847632
373544843
998245728
1528511365
135533537
882521899
187815802
197287466
2575041018
2607718951
82831947
35441526
97498706
190186106
69773977
322370642
53754227
712840364
2762281936
181611632
216731732
164515740
280338585
2576676895
934464440
437561179
208546232
410232624
407138292
993111732
153028130
802295798
30017071
129292997
19977028
121240793
18847469
26257166
14836197
2557521
25324954
52422878
45112524
14571755
156380350
71048059
20304556
160841003
102652835
82579388
110144389
17158140
108384285
19980499
97942249
42220353
61804151
297380894
70093343
136729742
184584860
275115103
132164944
481461757
94166168
533202479
93131556
63692643
17329538
14857290
39710722
14123683
180733809
13838562
1484787162
59801744
288333760
259925559
1337785291
485511296
65187067
48348735
87769890
2392675136
848342498
789368239
161153393
1967825046
188157367
47717027
106987811
130870129
32745368
145992645
809619758
1855467800
104976980
310982691
58835677
11740782
22965624
44465139
69121602
38871237
138072143
306229085
309782667
378267893
144283393
243301589
227082005
2300466852
50126679
1465842902
827919895
238283472
244218747
34092764
2359593845
1198688340
2563607862
434506517
465855867
382959219
165536601
223838707
128934009
28058878
342200865
1525614408
34140316
245537942
2398849292
396162951
2156356443
635606512
859153764
1506859136
119392416
263456799
419890786
2751963580
2638024557
102678805
2586696162
1626666733
264197287
36896027
2756593665
320321280
21318183
294326550
2617618026
2781122132
2780601014
926313270
293117914
1465739756
66905074
1636933272
127483227
142398344
416082631
1120757960
307905943
214741178
323998361
2517187666
950687900
2305585261
519021362
148590159
2740642435
2561694398
3181561
235292814
381311242
514772236
923606515
297203053
108489953
1727685486
1483741417
261788695
101285947
192089225
196257854
2172883480
165111862
325608584
124579530
385179187
182877848
357443329
512285903
2459316768
1726625022
609117344
2305855560
183464693
283267984
1643062292
467581540
903036984
23648163
77223972
147884312
125452967
202030426
172770347
48591207
2731407982
349505360
488897097
446648596
321616654
2479877101
217547831
322306968
171944122
972491911
2400852662
399750122
551174669
194557941
441691484
111372842
102176400
237814903
595885612
2502565198
713044513
201061220
461613161
618195147
410111376
1347835700
712845613
550718457
1419031159
106433728
2382168326
92631522
341115145
89153759
11162772
1170058435
51806144
1567864274
84054978
2377547269
272212616
2728093298
183797019
149725029
288535922
259093872
949995494
634811677
401543716
416434232
2730245389
2729745852
2741729903
149383911
2730954482
2730550309
220434655
228585600
2731940262
924387698
2732296658
288256298
1373220204
271021022
2495366814
194216661
554031582
1234784324
148931228
750134322
1107569551
197551070
234953103
313380033
108169580
2729047365
250699472
235014690
189684114
2696670920
630338235
1969573417
483843658
2693085181
598884547
327499066
2688151033
1737156338
153444781
624001816
248761275
175815106
388070087
268814395
198036980
2334225164
286876328
2685327697
2726436969
298606910
280692916
2686421934
972243343
193400259
163228592
192791377
319831416
2725646985
2636592117
430231127
1064371496
243454757
2678338620
880951183
2711853569
543122496
482238348
226955746
559139828
947957610
2169978538
451075784
181123681
280701704
182763517
2667710923
1668240768
2660982955
1449715292
1658953362
159609681
2382397976
424551802
564939184
620034505
342599843
330446733
19596687
142730813
2359476565
78270570
96039232
240859258
330021348
52585854
536594314
248386591
386110772
213745334
189850197
2495199115
505915529
298097587
313913938
735309372
270147093
326825182
363093209
172788136
466701340
2203476696
220714554
2701717305
2701613716
597851831
322161051
2468129923
97981376
2437348962
2540622600
51443410
48332360
2165700238
891260246
375319331
2361296257
1666010714
1012443038
30471050
1901616900
221256593
1486139186
2601953167
190025438
2598731916
1431244806
414473162
267931281
371997211
463890029
1216534105
223314488
1087985557
241923681
407334961
288941030
249033526
1890614402
1608948962
2349255480
1648062913
332489880
2447440129
170931967
192602875
199525353
2282268103
502423866
979730502
1413197515
1904954928
406072660
550980389
255036853
136509649
1340647645
307512013
84429784
117077338
229234021
241181561
1648191296
131264738
125848645
2316853762
149324267
468656895
859145504
459761230
301239115
1518372884
1888765026
1302894367
54965862
67676086
2317180162
65451868
834523998
2361693603
729031124
28201776
190407734
236900283
704388119
176313243
151878957
420457882
193754674
721167313
264557386
635666803
2159587139
220107696
338686923
294860621
252974348
186513067
1085158082
493752116
1597117428
1646039185
1345669171
1546793208
805641955
2188480700
279126898
61540888
1200969494
768347274
89254872
234609597
2374831292
143541445
55488345
476162008
68176970
142139674
358196319
1694726840
271152865
92165645
249129928
587068437
57976116
511919755
368676912
146021595
217372781
750235784
449499785
1335029282
1479781075
1116797041
2563671781
253366121
71287338
189725702
91134517
1148221802
257774970
592264829
1636823305
2423967834
2392141074
1148576726
191322214
288832111
507648471
163173972
249952699
143617995
377487047
1240431763
752171066
601146000
284028963
1117225104
144889858
383858324
66033175
348360499
198547660
1183151604
878100643
249209181
263243239
330347721
204146998
351993307
299415015
1961328288
620398542
710064516
1269425228
1445077393
606211203
1966554482
612331433
2493199232
527883269
2491702663
1514171023
2541999628
1662472286
2330330082
1548317628
184493671
40533752
80363816
285583495
198512617
1601943840
248916456
269568503
921603696
551278582
577225891
577568046
514681722
214576741
223304073
149697490
155013461
2477879087
1891476936
2555725523
336817193
272725881
2581219448
736078950
2484577885
197307861
606534922
264965739
571850428
1488259112
574511063
144742593
569219722
268361752
2235417414
75405645
2518299223
198262403
135677145
1201290468
2356993391
1496748932
589404479
242433727
116441080
2565416298
2563521084
2563462874
164705988
248014003
163509933
1205123202
149352861
183511621
404248454
872185597
1602218341
142296675
2221931062
344129966
736947122
278691481
843925650
189534066
394167511
551535973
142418821
247288139
263805295
929053128
524531680
365248752
515034261
249404225
415810385
2573113859
2457176495
1690137476
385248916
2203834357
1712769492
21684040
129992557
364866906
278057724
474642593
392398073
498321167
213932438
352523910
729416204
516677125
274124460
410762826
569297271
226665715
2571081309
248903284
2492438803
1228065595
270748455
242589440
83675781
344895291
215516321
237208836
1160402136
121223400
19624977
2523280399
9890492
560366117
282064204
205011496
267274202
932429090
488731085
333534411
1640169925
304596944
550202880
485063714
701902543
340331989
556506988
2354602427
860096264
471387349
2265946949
152889541
1963859288
334033605
489950282
355896299
353037175
422296560
289398887
598275805
100610094
212612999
443915421
1948306470
2510458267
1558375009
328602067
105183916
2507570438
304201472
1613095693
558797310
317297806
349284705
2501470370
288372417
445108826
2520510333
486985711
2412888782
360601835
1472262420
1678577479
873558128
380032301
595236135
1631743633
195212793
225050628
453956324
175429024
1228385262
1359434185
216401559
1495120374
339981922
194196131
269566407
2282485206
581319595
863932453
294075332
80322400
64750658
2213436002
1321344888
380960011
92002902
2385662803
2482802288
2228574882
275329773
2483170806
162467367
303944440
891174888
395598406
192391144
389480199
253112080
145281849
227410329
342885121
445645255
628427004
197183802
84655052
447548614
294629471
157495612
764506656
943982088
562563519
1385820770
239760107
41977012
513706104
267796620
498061511
193415680
287272877
2348719182
449138842
280730182
301773477
249651340
1470471098
329289393
211027972
1965644148
965362218
801171264
165287787
234862013
134128811
300588539
190444154
548121290
280702996
2409683900
245204153
619352596
197211814
2463472477
327692638
350958984
204381790
201306592
1256024192
925953355
191182102
420666082
1194204462
259713560
2450834424
191609237
278288224
29261021
204817833
1926869120
132612492
14882900
186320293
389139384
111037335
272112539
1552506474
203232250
211616220
57166156
47719006
27909036
47736553
47288005
1344619716
9770772
92993433
2452037244
58386355
549261851
1305779395
1630696423
340104178
344768154
267298380
49849732
342959367
1332634646
1934346198
2294597154
836952193
145399752
229567348
1095957572
205529865
2377017272
195506517
306322905
955384549
2433909284
2429658703
198876120
995648598
719369500
2480837945
203324301
2285622972
169988006
394944563
194311948
2436276876
2434605930
2327530874
310256215
292637319
270935833
20348431
621092303
313245901
26383972
232841961
1635947816
435882815
281092677
264164085
534340022
372863742
1641329670
234558308
74886447
189142434
142414917
127975040
222458615
159550392
349117157
1898622920
1631877654
86867494
1948414357
217624278
68848094
723372511
362829923
166478326
505191991
341301330
436298852
2362864214
47140967
83972205
167245388
333612999
245189190
1022904036
195160547
1704716772
410946355
226746459
336314881
227139322
326171895
170143387
377001311
2300069239
352791288
1434221312
189928365
468024005
2371411188
132547612
553120902
958494361
1686155448
56302066
108959253
255119289
117290919
272729257
2387747154
185778747
228278045
2198480624
962464856
864894612
1961346038
201438773
120186619
2382432823
789478938
239434315
516874661
413304233
322256797
1072125714
144677341
342192531
36896494
252055463
267220090
255121079
781540416
2323847447
2360476158
276242975
2268992067
142556436
62860121
89086380
532727064
533349284
2173050786
2358225110
413406363
162543800
248879448
398061661
239990057
2260632712
1394865211
56455194
534461592
196812773
188865503
361340131
949897206
2243974503
2360330791
205501511
139621514
2165190313
279564710
372649938
192980414
315297091
790866096
37832833
385750113
384670419
2361202736
490988727
1227676670
460658455
119961005
278343961
2361410196
2365407549
162477770
2361616530
247876627
2361709902
18804479
210273563
2359368600
197251176
72891377
402757587
219087573
2362196853
405791204
2310837913
2189718139
2360045112
2332704215
2363769741
1226605723
435310672
601262055
1190932980
386148590
154821822
332016413
1694555654
246340794
220182252
135392563
228101552
266081173
328137937
2302334768
414246382
2306920978
404310695
26050881
223691641
546912246
88738873
198658714
318194476
240202539
42933426
358170380
26887938
442209771
484987132
255649220
1265260098
582036854
234941587
1630817504
92670884
142204481
158487331
489777952
1008271538
1074472878
38491229
1060751816
21870081
78648493
268037183
2331992666
197151400
195813252
244509774
240396971
40334568
443865365
426963836
49405092
1151483982
868644618
632015758
458488239
211754259
199446631
358847663
833083644
309725973
330291411
2167300716
268920078
883281212
1480299930
103310803
1220102220
1525256700
525908153
52527355
189936804
264571957
247771187
177355707
1656226080
2313439318
175825033
303303477
303511652
236574023
2179464537
437133883
177319856
114780602
155927976
230845588
252753618
265982289
533085085
285332860
145053715
1117317140
1174256078
438672154
740336334
452155423
627673190
1606809150
2270962736
2313752282
382284850
351951739
604040524
484219336
151098736
830259092
207780865
1286951670
258608474
464319992
126654457
2298152692
201697505
2305645244
1266026881
233751575
66436490
79562757
556466444
140922305
45580261
55033131
1110294373
351730846
49133906
1137490549
287377727
1873303801
265004204
2228781169
106744280
437636228
302028728
223009741
77380739
2301877388
1219963734
1258567020
288896152
2294856746
182598841
257137206
370536393
102522801
235096123
790678328
55066098
757121448
842267617
1215711409
1321799126
1107691728
142713156
216592856
452288535
348680596
929728032
337473813
151652137
419780345
240841477
237072060
1260852804
2284123956
127722754
259612451
217243682
140825811
155918852
198332094
1095827024
197245427
573369411
375689562
70483690
197196350
902572862
16213566
307136709
1247563638
227865826
352801354
1265859566
1635596180
529637709
200149161
318137061
551100050
603877050
167516370
144121137
10842792
172818389
246648641
2274349590
226214836
437748829
351156508
490904104
386249036
631493183
129579957
408131205
223358222
1096501500
159709456
2256975113
2272323330
273200635
59818208
2239973546
2239973546
230301149
915252768
1015228164
565698350
500144786
344960624
298342063
210122557
226656877
97078760
191720330
118204333
718560481
536697969
163491858
170408328
747612546
180200278
248372084
743499470
186667371
98755291
379891044
211752134
115807096
200300928
147328902
338782342
305791357
61393669
238422958
372103525
437914139
804815473
62107739
471037386
377107515
303853303
153620237
920182532
214974844
573037405
146677954
76568437
285176729
1321374050
252843595
1267997204
2235142240
2268186050
578418081
2268233437
569243641
1652453664
2269571700
402318629
185917021
154215588
566246428
1003380420
341856299
150345112
438557631
57096062
1606187090
2155211597
342939827
114875071
172025898
1130198845
137135111
212286292
441122575
2259100452
2252739955
884794273
54682034
371623069
272133480
1413808014
29206074
854891610
76181536
184305956
207820203
170057092
5943942
202161562
478370174
378258996
256706513
2254424366
1639108650
154645395
176611481
520021201
1513286353
231900079
396903763
74832532
345053613
1587327354
2231158211
130835462
154997070
776910906
289028670
197141775
245399910
576755511
1159316336
199757756
366217326
71700671
314522350
253387786
548059768
1415580523
379197329
1177598222
388814462
511942708
336862891
35382601
249707168
207148708
2202555201
560800643
1837251794
312441330
76972701
71794672
233543018
1551988164
252317774
1636681044
1190244714
147293100
107578756
840711145
348687659
118109814
1601846682
2230284889
981788862
341160736
309490090
1003023973
118171085
183502853
150788409
764388228
2200289510
1194875124
120236735
2227419475
121178905
196825020
274179016
1247689704
425215129
202059726
1208857152
609170387
125088151
136664307
2220597966
2222001944
296239551
2222125663
1851784458
66721866
291367030
523543692
267407373
126769488
167261928
230773336
140118228
222137997
166723673
190678803
74770782
76663258
271107330
305824021
112303859
782644039
592122082
785528822
193901596
718472359
791974104
382170066
245074969
1302779341
352463611
592241520
2211407000
2211342186
1848114756
2168517548
412126000
128305401
377416959
2149989852
46905317
352056599
792225925
544778703
542539969
216762113
387932534
506244924
241153009
1268146368
746115079
1374928309
1292094326
243203764
1360705950
267910626
960701113
193823686
226957094
188103460
74806627
74870393
230006404
191478185
236561365
2183224445
106589897
156705165
482169810
2189362716
261441236
625226173
40985025
2156364109
207766848
29280309
2196693282
271975968
217182127
476917008
194172217
217273021
1288871076
105563720
375440394
2190541436
7573792
356247214
2154181428
2188618506
233233485
136287063
2180969088
233649872
238176577
384663372
1658549365
2169534530
304761278
764894750
359727505
178040782
260021726
255556580
884532756
189915919
188740815
564038538
198032913
308674985
268075078
1892751931
69332258
287480733
1633262844
427349756
32769521
117225069
2166978048
242513885
89021007
1594524097
950299880
173851173
64265956
110419154
203590837
356370656
239545662
2161148213
516623118
230317704
2165691792
392466043
2160596842
2165648492
351151245
510533891
562638765
185389868
107449274
264418015
1877291030
360884768
590984341
146260135
222484682
1726494252
1511115818
218042973
1059088184
2163958892
459518396
727380007
274076191
898607214
2161623763
2162042546
1910014488
1708366554
1544592079
157384088
532280320
116728570
198977078
2153313453
2161366502
2156644995
565431188
1228742749
1729081855
260759764
1939351567
2159193636
280860293
2156833237
254094318
207245740
253201750
366405200
633308431
70791605
214113189
164085849
237488322
129084483
126189708
560734642
164910560
1323063343
65379624
1934689584
241297344
543686714
533811034
90286251
469624714
166750486
276700685
1264952756
2152081337
248283986
2154551957
90769945
256542762
317262774
106795960
308157581
285142499
577693140
159556344
217926737
1198367432
1707634712
165215352
372020280
1522895503
156820143
568585095
220023227
196151459
1512562040
51742339
1630697888
116008215
250844728
141812239
1965578588
166458741
156332959
2153066689
2153988222
627006082
2153696820
1476377311
289646854
576364666
2150262267
52319230
2151755738
1291277443
1692149437
211861314
1894434625
2151505112
188815118
118090963
305667750
412274264
198420338
1938534366
271720608
503863926
1898858978
1058549738
197211242
202408667
1976445084
597934078
1635462931
842304787
459278623
784969250
1967568446
1640794592
915396308
1967277774
631202122
1578766794
1498991252
121490502
531425904
309292629
1723522398
59653719
117787405
1675783598
718088447
278087667
1670958661
351669055
1675763984
1218803012
1160111252
431230587
283775267
1965203634
313498799
305345362
369878472
1963620685
165833484
312276104
1961320098
286787365
135208802
702194600
1961008698
187724429
244351920
154673353
171544513
587401447
153907187
287790672
216103340
619165945
705371254
341140519
291963886
1956627871
705247713
718288766
133072117
293905563
142949778
1119514772
538520040
380082066
247780171
197646853
290111544
187933609
1566730801
1953057854
257541002
225999712
700570229
252619660
27986309
296514060
279019812
1106309472
1106309472
182546686
470546570
1849560313
1941167876
57047499
183859821
270027778
259495577
1931660881
337246834
107884444
543936432
1911955525
1206174403
78046599
106523029
805630056
154143484
242403808
242403808
815414959
1928099593
264605736
197431863
507990416
296433676
790664622
933054031
176787205
138233634
548607947
279578930
106226824
579396768
634300645
280322310
518214866
549663069
200190769
232202838
43697117
282213194
580824991
862984638
164123446
297066798
194590342
292678173
564170137
168235954
246294864
202283980
364594666
307071540
191219333
375755057
127922057
739186014
63524333
922622216
164131740
373048997
487194629
384431974
372080880
354059818
1393540442
1110142027
290516360
1126897838
1917570044
510694741
1916051054
1682214686
1246803019
1581203119
377616382
327065856
221078225
48150179
575603490
1911085176
235362419
206321590
398151205
832356313
304766888
244789162
261868281
511081780
914932566
117194406
118147186
715525800
69504679
498505216
1902412400
1902271038
1890285344
1494665064
190504778
328828130
1898454692
1904504714
181783127
1884351266
1631126731
171584882
1879788301
304768089
1881424999
1874270251
386917449
135628686
637149073
26895879
101895924
532651617
67534391
56742865
15846407
153283675
378673692
268794147
74580436
28706024
203214634
179986481
250872662
288551809
930955256
186225422
1861097599
1045408770
315420707
1851627792
1137960103
1607302446
265197863
957537528
1654489602
298306332
221618398
127713752
517086695
412621068
203499463
948413900
398417145
355179031
547887982
1005253758
1834497528
742168645
225868179
165901416
76641795
159959918
397836800
151300597
424719400
714682896
102882166
20553892
262832316
18708177
16504459
319822288
124797604
239569161
196753676
80074479
221640058
134322202
281659266
878359141
286898452
221164008
26642006
1583149441
263465450
1673315755
206021503
263251227
284175003
1262516149
1730221964
1599221940
375100799
127613119
107085076
794030930
376007296
269431151
217858227
6301442
273622128
263760525
208128256
189697783
90756926
246359716
593042295
223988503
133839374
237076808
348402584
118764786
1722608198
121083853
232554372
407494174
588513344
63158225
202906386
232163874
249839443
149256712
128438921
61580343
14297912
37161728
456371599
53125460
261356374
36173787
780978781
458395836
457347159
216424606
493364524
1683516541
177346190
431795593
180921612
176910264
1134241249
1711782638
205359178
552241249
494409979
210583085
326889192
203712158
253628616
208737371
102729125
525609433
70489543
166172422
204613828
290712420
220926923
390356938
102195362
1170144804
191107197
563350368
1071624907
1703363142
205050484
418730525
777212738
333405161
1691639791
288015029
593920733
1129570442
515462913
382704636
333660901
273976036
886966891
1035730255
298711031
34826637
149684155
90075121
397547184
1602104262
1629337098
1681654322
179786499
1308419942
722386254
1174120448
238710249
1026772250
167873278
974163696
274583401
268325799
104297856
40083437
515869169
197687103
1325472708
58813551
243741682
217519786
1691690748
889766862
205048384
236919314
866295804
1308053743
739323050
1688381214
174025074
1565845693
1686572311
298574829
287029259
1682151606
220650132
1020947796
1681615958
137797451
562503391
611354630
987196434
329915476
76118806
154634463
327455328
149630149
328767771
1491512372
301505535
197242143
152443704
315909472
357641739
284353052
326227998
194420411
266011129
154311571
74469284
246342254
150730755
615467303
164705657
205949332
277974271
280183125
615776964
79246411
409621801
417468656
462310119
525957309
225101091
294809615
466620765
525927693
559118527
367151836
408168620
512158503
268984616
105152916
1673921839
1673549150
216136942
147091513
70162012
473347939
728472848
578555302
234161597
153040791
202782111
406744818
151635175
106514629
771955592
202691617
153686381
144866342
377530665
266748745
266010113
266009546
88102641
266011355
271094181
165162128
537485599
1041050454
62203986
1666769395
265956350
1139001474
134664983
246570317
1056265268
235006399
234511791
456290805
172218282
139551354
243699087
191206636
170503461
469417361
229256147
364481412
273128751
770985043
287968469
184676772
1099607053
381144338
466966076
224490187
365492940
377442366
37093819
146099241
24342206
139556944
96629035
48245440
1344828085
186578459
403580183
273984297
180505807
394145586
426738834
146468603
202779862
183661586
202490043
193556192
214310999
1657683636
335410379
348656630
603168922
200302294
233720905
411061078
1650912841
109698640
164075997
1653746712
161822563
267271723
183759138
527631119
247123031
468520193
574797041
475052243
138515635
175105219
400098285
123147361
82119982
122146334
1652448818
106477942
1651429718
269862460
159162810
368569541
134895754
246839553
198595684
210148155
271933511
235599881
258970849
141202258
270563992
197041714
409594784
207735455
212237670
338667650
58535652
134937118
216957079
207507776
402792488
202829724
263393738
161816046
93082935
512346870
51137100
136372603
31927467
222344995
161819331
868481143
222905238
381658464
239575317
370699543
202052904
281531804
599525093
351246681
323216555
467192870
329190322
120256278
84178355
775881565
86437426
29234866
67764555
157205699
38252092
145527920
118800631
111967631
345655504
52093371
173925293
228235345
575474502
231834622
1569312734
1647866124
454542338
255749900
1641780331
174663174
214521106
539338110
1644077564
175051622
374207863
246993383
240815039
1197354666
526571731
281925277
108740292
256077795
358415484
158941293
152695441
520583714
1626545264
1642835917
389824088
486207426
850260379
328830367
241849178
1641339026
205017560
219856528
164894207
125063411
294414191
245638098
207335803
209789554
358168435
550983346
153142593
1005215953
226782604
227197207
235678424
480659405
804534266
148576279
248922787
587463373
1572947450
132625277
201678274
307049804
257202175
399460801
256779252
186590564
315576364
399777737
210894528
746269819
19095834
190082188
273723177
157054682
1640879642
120285282
121788824
89770218
1640637859
253256550
632126719
153214269
297094649
277654816
236898300
297175936
151322294
114932588
1636987380
1639081746
1631348382
1638161798
1020143773
143486836
478246855
186677510
1638874861
233247942
1638425904
159201928
231961822
373060005
442966859
209254238
248002363
230869605
151216680
171643744
172048433
310938324
268862874
230164039
356440195
278685095
589323944
49175207
155020603
252700175
198705331
463399617
127077323
201334682
132673788
120183866
59595971
193397805
213384821
210136547
1195391629
361991941
229574117
305027717
38374363
343390630
139310698
631657338
1287558780
360246250
304689105
368911992
308584033
197544030
371798449
199981366
144882398
233205707
218615783
169695270
428730688
266409385
132379028
184824446
193910161
220715921
170674870
251692676
570092658
218300514
119951080
117241638
525824444
229609334
146964136
86434115
522576735
1031323508
136702697
347284977
240031373
707684424
1330609008
217155067
135889777
217092099
166792245
217391937
524976996
221710516
184182169
219196061
314065443
167563701
444065454
234080302
990275059
312850663
240186734
88584200
343768271
935099821
1489302949
255492787
268857037
237521579
171685731
455796789
232423191
553979331
856928641
296578723
173560462
272775168
339271677
582483795
284679278
274030129
179635620
7540212
1470618432
249130090
859898222
797204100
488402203
1304349846
237970125
733273832
120298158
347638708
71565133
986766836
138461805
171795665
178106423
122233167
1127030106
158751627
199430471
193192585
389491431
259470334
168205805
509161941
236404701
197200145
1227799609
318490124
404510661
325623845
156300417
301781661
255833073
136953546
197047605
518683331
101585762
199072469
1447331761
1353320010
607439708
213071488
111192337
163570259
227380957
179274636
582015835
314212997
554936412
1230467300
602044308
192730009
410066509
173576427
1231632692
197176786
374759002
235247925
244136790
377702059
162909444
385623086
509463886
226802637
238028256
69897106
158750899
521904564
257484080
1604299820
586869415
213796945
228172171
232383677
770626267
91371144
138949811
118834453
1354443504
228178011
1529543102
337221023
479846231
212015031
256503620
175409120
257617082
169941842
520978296
217049031
200868646
51289137
330698008
378011079
197635369
1335386274
35058064
219022952
153234649
118253019
806905014
165795037
522759209
219455515
237628784
425408764
198386871
243506975
68587646
952880089
153018715
741384000
92534680
241740487
221878839
1158876194
145340922
372369323
1500079813
227123392
81019689
98963868
106514449
36375587
193412428
144208633
137764863
1157847198
406444638
1387602870
181777446
1311615954
171600341
330067747
309124615
374780898
197252733
308204298
514432341
254655321
205461289
714855991
185928487
167641027
279310704
294283951
1434687415
300310435
258847397
1337467716
199351599
81215936
374510485
158138590
134908109
340027923
252871847
362732588
370883837
300656113
356575356
355158232
220437921
248233332
625256340
108308509
369743626
595641946
113669236
187352813
234095923
169303497
548058041
166369494
162072988
519604434
204330406
155472154
114590823
164539615
217932092
231452275
17526349
233704813
343673943
503231041
391771632
152886521
164376038
191190429
359436617
205459852
185019328
237000626
17818541
175207009
297055630
1354475712
167566150
19185429
1305065185
152084917
63263669
179577518
168713006
263388392
1355258630
553991690
168848844
251741948
1173276042
188455648
205588751
548618931
85371199
310620804
196847444
380126168
1114839086
275344427
1083759176
278574588
398153125
262801583
302436653
263490915
40131441
622292027
1261826084
1634324083
1635733416
358918329
1636201963
411834802
165912823
18466739
130011544
1633200050
199744908
917140572
274120753
198654901
273452117
469660211
871993302
1228312916
179688354
367397589
318832250
631256239
407065503
1371013964
385540984
891169776
404955079
413155498
217200645
381163744
128569344
371935942
339838180
1073159618
105270431
251747597
1608599102
1151484997
1400752808
868977872
142924165
263971039
1192016864
469830325
282731735
1252502648
126760901
116742712
60219653
239484397
1590101167
190137332
169735457
295744947
212795988
1601592949
422156015
351263815
1601234532
183842915
1600090638
221841810
1308825204
162120153
1589548650
197433442
236898186
343065585
1584378642
1362777337
151546198
978779036
308847187
217261528
260994791
149679088
359690188
220847514
148910953
169758801
228407160
549700594
187311247
330633798
219391229
331311110
394495001
377026639
422966863
369155906
298837071
751483921
823821816
1115223902
1011316033
205813968
148509513
1420761036
81722950
959864360
274548163
1249961000
278740289
148599055
1050960636
275115999
861659198
498925881
169160774
352828379
546930873
159209710
114744032
477444885
830311657
364865210
361343242
254275716
205757078
1059374065
747556207
166446615
913695037
314673373
321636939
143607356
28680673
419172257
127373397
1543728618
44737886
43213123
1561782170
290860423
297123766
1244036898
196739158
225399767
399410225
316092716
213793914
312784108
325943930
63246859
58678071
226250515
125733803
334298606
317143671
1550592661
1001874193
226931952
182612497
129828336
938390233
48742309
328039478
1468097611
1143897432
164060966
81526308
90773912
64944344
18109542
1416961578
340648894
253301080
41042349
171073024
289845144
193461115
409716544
161814182
1010915124
1378477987
254243860
390136550
1537307425
201466486
930167874
340624511
454132312
1517136432
356946685
144889418
1458417822
529926675
392500528
1397322878
95454256
634160592
134623665
543029967
85864450
281556480
883422715
374836476
833625097
394219778
501278062
397269091
795265566
869161357
259975246
216034417
297550146
910199642
4543641
210515206
294651310
312676708
296924866
308696097
187665301
1522395278
1522355552
205363910
176570750
239517973
316070000
95253881
264322196
250669009
85933351
220734116
247045365
515085382
305020294
576819052
1498614626
254687105
97318254
275348798
140932572
1491267265
1092383792
366237827
164803945
177699731
198395827
789795842
191594532
200690544
172498182
534702983
944918190
145094084
324566307
1395695798
255587815
1418268296
183712902
1480150272
94020242
993321985
561733832
46273033
204195231
230592306
307362863
134230718
475565453
293873656
348614284
868329630
231463914
182225130
72340754
62904042
297058762
102389104
300553927
134896029
783851696
204188177
1145968680
263956304
86394574
1426658016
266947481
103731508
295466949
1058733392
62966972
297728309
1350942978
215629060
112506643
87532578
156725904
224799528
725098885
455385850
186142904
564102056
761774791
93695153
245842867
236982753
57163878
97785954
163468115
193529016
195216500
193287255
343081736
140609568
1265953044
529795547
37848583
1464670188
126329015
276079374
118473167
340654077
371320769
182379105
246325738
108066335
212994584
1132992324
321050527
988988018
1375895034
746322770
259899921
81215227
128674903
805135201
205543856
365650723
527440610
266595999
413344695
518340481
194415346
773069256
732852734
438903860
90262194
1300185030
172436933
1202918000
1452019374
1451995872
244619538
407494755
518598286
400283454
201514375
210835611
22964886
463876348
738667854
197085524
283579301
294229794
1356870176
280684971
319862324
110631887
1444693364
797394216
310421505
1436579286
157453069
158394817
183480821
197621935
1434375294
919491494
142823543
444963298
1433307763
1433351215
299449311
958716930
179210080
1247446004
392425264
276686461
216923630
175247529
264961226
152860379
222345668
374789632
1408127300
92812709
297155226
1400825725
129845819
434243028
154182176
334288530
186009251
235257922
573942092
179297953
1424069046
77745754
1424603540
351829816
603189720
304437429
629683639
1339858146
764619415
284028310
232221106
129916555
276178560
1380822889
1421782308
101818607
1391068226
155583225
220816956
300977449
1418166848
216465594
101050596
163576153
241280631
784761708
634606522
318801027
298851195
720361382
277744811
497460623
756261908
242979800
199097338
21591351
325898948
855858062
1216809102
803367625
213432271
188858913
250708754
221129018
369803623
201054491
626081105
180032209
230566236
404394709
284219052
187574655
131670389
237742837
277757170
292041465
333170621
275599625
220501282
1405830342
132365669
168175841
930867241
233249381
345380484
1360919120
513430918
161829772
203240384
213317902
441158803
1227723319
204128551
161735807
1400930156
264304832
118774698
103975120
80124535
231231291
304556405
306901878
222145207
153025842
196463618
170150678
212737032
193670724
84462837
398762149
1098988411
198944844
246452237
440471595
321447684
65510348
81338880
214497196
627646890
243032465
266981391
545178712
1148538428
1339468159
228196307
729201380
102217815
801736166
308073455
150407817
486268261
125192326
883162771
886226840
273128105
168827998
324135538
355848701
196325441
226310818
619163688
169160378
277538137
193969651
174803232
282411084
209356830
242931120
972226188
171783909
797666184
202792190
193394020
474987899
289404904
1141329229
155089962
94461533
247791466
285417602
1091052277
1289108148
238352178
253856104
479067705
707785117
220356544
308749434
163575370
213140866
195605593
367997700
235164230
1062318656
338070996
269848390
511976212
208073266
49061913
254256324
336839304
208659115
251794833
1356862328
139934982
565817109
330391094
631314202
121183654
125815476
231433939
462095800
840695922
627737503
65191722
198747956
157886591
33440371
965287130
159523193
184594372
190720241
177246921
507263284
95801073
412053714
774696476
473246987
43339022
515980805
86620101
82985256
166215087
68068053
741363529
258667337
822048223
290032175
374700919
1250258654
188077169
336753078
15317822
556063993
253277792
106450786
197455974
96482829
1340341832
304258814
375227139
387261529
391170378
218509989
499988566
43152482
1250733926
473181235
74453123
633746942
237817247
192193486
29902104
22112212
211167294
101839438
202589958
227339301
278671065
240416488
150402326
274760072
493750077
306268639
452743635
635750002
193368700
117713581
118099845
222241455
1072626240
768799920
593333494
1035503786
448355598
166622760
635577363
495360040
1325515160
182424127
290590531
1096336404
383308185
479796994
1333298425
326930216
334325365
726153079
368016501
62569305
518040023
446610392
222331348
504650020
197186704
1087896536
712773696
791859108
705354476
234101223
989092333
332314906
350950295
16983240
594392918
334731323
425512764
95539786
85008614
73437173
278162931
1323289442
198689706
61343720
289054387
204090516
1048613264
259697452
155940583
769783375
95210522
264302208
110449197
51149213
259592505
320846390
1002145074
170069351
149668508
313597756
1131838290
1319049703
1320761545
209218127
931297980
540954856
134923791
820705694
59514582
29749448
15648827
38038211
264492552
184609983
303941159
72325179
193342129
123681659
86374475
327658894
254274083
15815700
40621746
154598390
145700384
126764632
1249685372
76807823
361348688
168329280
265770375
237460730
608591397
277129570
95762022
105687565
151211990
43628641
403559436
135660008
453111095
152734803
991500217
98708202
759251
129280923
142519068
284364013
216694369
339827592
152528190
620673405
107125043
271681346
317464500
358234762
772218788
91792214
180664268
76409895
581386521
1138108363
165461355
126145180
193896770
71668681
42869268
1305898554
411697818
98224320
172013559
209128206
208918842
1198592214
1081243423
952725566
197097278
1304626303
129057071
271503316
170191542
1114431278
356599881
299918176
592080026
203106197
