56716207
252884601
240874241
787407616548937728
789182862339678208
778949326064279552
3523229177
702684022904905730
749039075907215360
3836592556
2950530574
707231092194066432
775176686442864640
757184412240998400
3430913423
2526009142
228547579
741072699951329280
786930996780367872
271975968
413091006
939367022
217634571
3350807332
619775340
543082741
222379364
2653919869
4919587209
2868267098
539742356
543524920
754819635393036288
131301812
200955793
737686691096465409
2536643005
3699963801
296239551
376025702
493762136
30737533
243703742
246112803
201271300
556152909
703580100
1610285629
237170042
1548703908
248877722
125696803
255065036
557188337
574571573
552950711
799631642
183829598
1325874126
297108933
1342901112
551936707
274297940
176834296
443288487
1960613304
422201803
2330330082
1445077393
56502954
205703978
214123335
315230913
216037132
224662872
263393738
394723185
381675219
1062179456
454243911
406744818
801736166
96039232
111075634
120836859
188573736
224898965
251887080
261022029
161792834
63369209
72344805
204840311
15815700
161775175
23415676
186557332
260763930
247290681
300390462
315377387
24776620
367849163
213789024
239635683
263458354
1128246348
231956687
66550500
124501515
2377178115
162813695
260259785
161408068
1359603553
145142290
145918311
173688432
381144338
198666634
112757144
211937029
166441094
195048109
231637184
221790507
231463914
59714229
223537733
175923047
97513349
296592977
177195910
105186569
155549968
184457107
134937118
147020852
220886078
193041317
164715111
46130880
101895924
182225130
573808532
355809231
311159718
189173224
138955158
151046032
232212010
197273436
203755841
140513962
210204205
209780362
95217117
167178940
158732968
33884545
165616919
159547415
183075311
192378571
341864146
57333011
140960194
208272059
217843851
286959330
884556398
227677577
170028840
175114792
635793343
170895870
390220919
175206158
235625906
185658756
151174997
8225692
246327338
12652472
35047698
154138706
344849251
72325179
142296675
1205875579
1406121750
432506494
145575661
197869748
141486045
1354672142
978911390
807225654
100540784
77076707
348632196
208385968
467413061
85603854
59154532
224054791
240733743
236024779
1093429698
239471147
198226950
269069240
85560415
511112215
364645813
30412016
46919513
281925277
31927467
151635175
500711588
107268823
1217357004
305139140
305818740
321499124
491578273
161814182
135955550
311867995
198199348
