767910101927591936
755613039244619777
251343368
3068716336
262458226
56110169
757735733436088320
4893618014
3848658316
773139839302656000
2458975043
3250323787
50916591
2828273861
297744938
1086340632
992133662
808315058619039744
3579012568
3641591634
3585751752
742583174719361025
748240640010391552
778394660280602624
838772761
4851775230
255609802
360715022
3220864284
377468183
4662782172
134365684
775458829039443968
205575837
524552358
4904477900
777219725592059904
4885376883
509765307
4085241980
4280050006
4384970663
320488554
3191117990
619578452
4440347241
739897026863861761
758414774963085312
186971188
178070284
2603820984
759926493019447296
770115985
273687147
4050247280
4852068821
3438753141
731227498655023105
711745891904806914
3033966860
434635713
3972490992
1875388436
718879358237089792
735299664392654850
2546937296
3060506262
740305641093226496
755037743806345217
3718207213
3538538417
437828830
212105265
209915861
111496257
309801380
167949084
181300983
229614044
107245543
253755500
2983607138
104509355
100500156
100485425
150003563
3316270644
4385295439
2334774697
4107150080
497056589
3352778343
2511376477
485259990
3589420214
2600673067
3100777122
214118561
513752624
855393541
302243345
4700483118
