3731362637
755385791640109057
4515971052
335129021
2159190024
793752185360252932
790849451208302592
2455149102
50387814
758048028536078336
2288375796
798016019264475136
304545888
791814058110431232
128454743
3718090817
798060423954108416
4661923950
4621006907
797375291920355328
791209064197783552
22209201
2255477222
294448432
788199080853770240
1093813626
799939654644539392
4272004812
166062807
783152291272503296
791510749990363136
372119237
797989552157691905
729781035744038912
98460498
353087489
3297477466
3732018021
2809341820
791104108107137024
2784974397
797081869875605504
796625952314888192
781147522945392640
796537068260356096
2202617940
4834554946
3728767036
2825445781
3292168102
1521533432
708073560732999680
3000633645
178555145
3549080603
113084080
2806566059
775849588179800064
790822332721864704
4908795473
205953706
1249558998
708075117746769920
2723528832
788933937271754753
357893482
794947355917381632
783763722716192772
762853590855671809
173413459
734439039877664768
787413870373634048
776045735108349953
3729009437
196415460
796136267301920768
796145151269867520
85433470
787882131808657408
4712714905
317378810
186197243
4417274075
720777431951482880
113235387
297647583
2488931966
550374174
2499653636
745226890210775041
3063126855
770215354492719104
2849446523
772640208605020160
2588700881
3023563285
66656765
3167324761
791973791828238336
446448709
4524902667
2191317690
180870892
4242256933
21392684
717234362031452160
744150240136044544
4048807469
953545909
720828415
2419955899
403179950
2488205803
2736592965
778566180445487108
3697973116
298993756
1001472248
1003363176
3438940828
1255773595
4113911464
18548136
2887701519
772192000120594432
259200133
238134773
704038720069046272
2466381768
709980170699018240
3234072240
3336765267
787414765480058882
787422598099570689
705768686632767488
1219643022
1674479858
2434965151
398105585
3247993823
4851362277
143882311
2894922343
747773569954775040
229385617
2893099659
15025878
60126900
722188225012502528
2955906189
2893278707
122661822
4864569491
3038541493
3199900258
740809205444186112
740796701695475712
4728444356
2790658390
37614959
742709379045199873
747764605628276736
4864509335
272615873
747762431657578497
3414195111
705781362280816644
3167337638
554508569
4503893735
5514192
39740454
390511552
2548050883
756006091658436608
500929942
2617676947
148584077
886878990
185345511
704756831265095681
4861504624
4861268021
2283725553
746086890621702145
2884736442
709535172564111360
1075682198
730006226340347905
2998294389
427799256
81093355
775782214101504001
6108862
4888114341
4830910573
2766430850
705802219124355074
2581115875
4738310007
426389494
481376138
1723464517
706549105452048384
771351519446695937
258511254
767784553259868160
736175558300553216
725108999033597952
2269378974
2447767092
263544981
741107709982867456
1035944538
3759166701
723434570721316864
4512826397
413239126
3028664661
2766904927
14910961
180610196
2919946832
1853887302
11992092
755443503379939328
4431286295
2587680230
862407193
2950159255
765297011486822402
1270863404
3720119176
924033727
2945921772
2940452666
4640690354
4672731854
3106632018
1967939774
3289928182
3186561274
863937709
73377475
289076875
3373232692
2823532108
162177355
29645427
223604189
738657420872945665
3292908971
3163957336
2209034712
472728866
740987809012424705
761330247845441536
3268426520
166206996
1345928388
272706410
2324177720
20971774
702212278079385600
1369214586
722505580682854400
742592611614134272
4820137959
704022433104338946
4861562938
2927470411
4504560014
35841335
2952028389
90581189
2989962070
2690059747
31257471
446506935
2925684203
706556731745247232
4861339695
16249938
4675826173
2179277808
320071460
2377492441
3906632910
3293754308
1247227722
617731763
2365377655
4861333991
704025218076037121
4890792869
628625781
243237440
113422725
3062127810
3247941871
2743644269
1521717686
3180713439
4830626915
102108884
238266528
3018373396
358123677
2575561441
631029361
25879552
4792821021
35596284
2487143076
476341135
2485590386
2484527900
2922367381
532566575
1212604386
2441979264
361618524
248996457
2193939944
3500665514
2687619672
376027648
193386305
2177026066
337809299
2400826921
2984830558
731537628793831424
3165595173
2200290065
35718748
1271702706
2989925733
56938863
356891470
4827440671
740557982
727933412808503296
16542382
2480509446
11108762
44185213
115580069
14763734
21638088
157794758
225956781
4888156157
3074225132
2560200505
185307442
78679509
222937587
247278450
107432899
3056322512
220955172
584249577
724013068687183874
2886353632
71838594
568227929
30292361
333790862
21360280
2475139904
535572906
4088691424
980895985
3997701736
4011930573
2518060510
159918707
708312172619808768
562029408
1028998158
44680350
3401584204
2289565736
94695195
2888728116
1625316888
1622446316
4888239184
714493080523653121
1625369384
2338405746
2485945218
246160575
1331003090
700871716801683456
2927016225
497360396
2465436362
75911818
66807863
105863990
196342657
4267368155
1010146340
4011805066
3089617168
728786725
2465058049
2470276154
3350542077
133769431
268607705
3005084908
197723775
1622535060
258865032
3833502679
2745853754
4925360043
1288061864
136593420
3189092594
2383003273
404230843
73891601
2734455842
464867175
3115189884
2709286617
175262772
4490059642
309626642
216447200
559398769
64845075
2608298436
300762063
222433252
967087344
4824416086
2970856725
550867960
47336979
2376931286
3072347031
528791330
3351933291
3273553872
4524148312
2556959553
2963444573
1072654682
47352518
1131930708
761925546
3112063438
2651888838
1622418102
1849258736
148915233
3105221781
4589299757
48591465
1499899832
629106817
4708342341
2869331847
2466366882
3225945317
4349264249
47715877
3246345881
2980311131
2836320472
4174270919
56259379
21292214
485112248
2151881408
2300473124
3308050266
195747980
4435850789
4006863755
4011916569
15738623
100338893
2978559785
2392559728
2682287832
2884129296
2459316768
3613542797
21475850
2571250645
537390875
2970002127
29216428
572292894
2969994329
166501881
824334378
3176992611
2302275612
4302733833
2885085579
3211640693
2905543623
607732230
337862999
501010881
2900622537
2388932467
2515800517
1908533748
2232033499
2830174737
4110372492
3344617473
1249603178
410719213
2409511567
279700648
1145747935
846855672
3921791727
2424289652
863009586
4096829483
4038900509
2882475498
1262453520
23230387
896271056
24322032
3775655653
44085619
948140532
3322667997
2420024676
233176052
3063559103
1639934851
1087354014
19053307
183339534
2463727267
176435920
2689306344
60534563
2216130402
3956549063
3882522312
3379787555
1394720066
2434225034
3450731901
3924863068
2273196703
3894733215
3870156793
174836012
381993777
3921873443
3760007474
225848179
3856049834
3463241362
3282622268
3299661650
3905480656
17881816
3862184087
3309307486
3836697976
528766080
2963252475
240387063
203079643
1286184110
100375101
320090960
3513827176
3386304207
2360562750
147739036
220758654
256162655
472460889
3321167624
174685777
256214738
277082044
86374475
440169023
3530193436
2295217322
327525956
14513154
234423649
978692016
341311131
3311732568
3145383247
1958672718
2936097834
2373171826
1837565870
2336416399
1079031210
1897573412
1863423638
1885966638
196335310
38102970
1704926844
3262127837
3392119043
2777106183
2777106183
1502992766
3394987995
2449997434
708662247
3392067795
457544488
347209107
2335195100
2364942528
2356487101
2524210554
3127556759
2661861995
3004905346
181327276
1047160099
218707316
319835448
2634969189
3258966418
2279895577
232040618
3264253966
258129500
2201854276
1305488773
2377947056
2364648582
3168220500
1977666888
1441481508
3405786003
3115875522
3312472421
3094033939
2256488185
1328078114
2320624262
43154983
3248022980
1489703012
78926478
2848125271
3193607825
2892201878
578026783
2383005914
137144052
71346910
2973204443
731293177
195459251
851560458
3399310151
232591949
760890313
286271336
2214027704
3220543686
551341615
327618283
2246845242
3196593883
3044506519
1949571554
2490531385
3294417822
720334038
2523042548
2271890102
478648383
2942944358
1082790528
3165606743
1074134694
3071729471
2824905708
2861976996
2689134955
2896145509
2917577594
2848713804
1328750544
3292792068
554773161
925360826
407516247
2157994814
508075541
274818405
2444397793
1532699845
132813095
1607318150
624485325
3389474962
421407458
3287906796
23037979
1375130095
46492704
3093168687
49988878
3014641263
2896052759
36978630
3171644955
447483026
2899958129
1893319158
284821926
2793537901
3201168790
437441899
2234875170
1447458211
1838254380
3233129947
1680624296
1680624296
77240955
182599682
1954435272
3018496592
826503493
963008875
1650006709
208211058
2422770984
3241663782
2186734153
1345061886
87749789
1278425588
3120486132
2993429872
856998786
435343322
2597481756
25693428
750919164
843832364
2806641497
121938051
2915871116
2618190583
3357638253
1627924242
237958682
405042955
267749006
96216241
1322724709
814681004
112043840
69363611
382213082
1617816648
2220883210
26250653
3228577033
2863184817
2890040243
3024557889
938330827
3243732469
3004893892
393148065
769027106
2993248570
57502510
52753409
2995201248
443255694
1412168383
256362938
1225790096
2925160535
2388690985
228540559
347482522
122677732
1161664584
3310162180
2490232848
2904777957
2724557755
21452519
608417616
73422571
3054795875
115123902
1033028106
3047887129
2893952074
2409722701
299901952
3219762078
346670405
266354723
27410646
2475015120
361187028
487190766
235725320
1893444990
3248275803
2719988043
2672511628
210143254
968569038
3096483963
199186911
72210634
2325156253
2310620768
2663942357
3145611330
127715132
3142326401
492369115
566464904
3028747815
2592681266
462050709
1326451741
2443172214
6382062
2418823554
2751306221
2534034116
2998516077
2918365257
2956200488
600788761
322116425
2827795988
972488214
1288738056
1940896909
63012115
861552308
357547927
16323682
40530952
73824657
36596495
614335948
2735022819
3192112425
224048936
21146228
1321970208
2279686602
126680303
169175724
3003837743
16557087
3033752916
2395094754
976686277
2184276510
258977206
317818317
460312872
3131546392
2772614161
1023084498
3179433042
297866720
3224052669
1856205205
2886204629
1602762188
2741752771
620964406
2171590118
2187443856
3117111938
2968818669
2370979316
3058649697
1462409012
247436406
406433510
992662855
214236132
129494296
2533404693
373560075
3148060264
157158189
75724844
2611116890
2978347185
1058471102
632714259
2391747056
2901954311
2885853683
24921910
1149180853
3026360723
2533688118
3124313986
2560727741
3004614134
1868506970
2463171847
2458316496
3123503617
28493037
1659276252
3146708511
2514449203
859828650
3032091281
578453305
3109241546
2696887802
224869698
494359996
3014466380
739041186
620083081
3082932069
2223759389
2382947930
1340779344
1869819248
9843782
32257770
416589768
870761
2986540048
3121402904
434463744
2464933328
486287449
115186279
148270849
2679287521
2781096892
3210059169
1668526932
3169764529
535419661
394776692
81544911
2728757167
2937402363
2326370445
2981310453
2828381587
174900843
2395435762
1401790434
1075739575
3031414925
1190425374
2788587048
494053016
501213357
2607058725
2343998069
280431701
63987276
2257889272
3007787867
362105443
1498799510
126584605
346988680
2310481844
1049040325
1244480965
2906964189
409834922
2359311132
2161214713
2922351031
3138528908
863185070
164037051
2881695195
429212389
540249996
33109779
417178461
2904423189
19569136
292000572
2176186374
899594124
2867472835
473527313
1903393992
2410426643
339939511
442718081
3062561324
478381421
71554731
141864252
2983704284
3001446175
2563734218
2533220641
473285651
2467160324
2786115631
2941778520
2857967952
3089951013
710302327
2884363328
2981499055
2927745493
2848206734
159389938
1036578944
3016815626
3023680686
2897911683
3047481875
2320031040
3058934800
2864811152
1958569866
2906878922
54422929
1968100358
2646844122
3010543722
3028655324
2609001092
2281855351
2893505132
2866704193
3032860519
2148974662
2204538955
363189270
971050080
2941784677
2446926626
1462317296
2901969164
2250585715
358046954
2832687983
2361413834
2326867700
167117073
3004847224
2843130864
774072534
28950488
2952776400
1300867171
155428494
436726603
131239417
744539280
158461760
911512093
147499260
176424510
2843369066
1657368618
91828665
3069231527
3077936592
1664934326
16151935
2897524043
860381371
394777096
427758583
90969201
94450761
608975109
424202731
726795133
2959713196
181171526
488263289
74216411
603360127
2131611
2944758356
2973298333
36417162
45903399
169782869
624215118
170089500
3077700737
68419881
1951786886
2273626526
2500204220
839759545
1684008679
855018199
1409099515
2969951573
1191965460
2492122184
118310849
15421036
2994061758
377658513
3017888000
271682504
298429801
1679513431
2379757680
20351331
