273176202
74257431
3298416813
809441474215628800
212044729
174266579
2179141755
735131460949139458
215776690
807309441058148353
1266084104
139502360
250431485
247444771
339313044
486989068
2168856643
223464583
4719925941
799435078556389376
287505655
482604882
768141056001118208
497490854
131967942
293579444
197217398
1682309167
197851952
92454540
374834253
74563050
723379339484524545
827238253
3217202685
728239793096757248
99607735
1902653096
493762136
215102138
105208741
171829487
2174016564
730422288651292672
781311332788367361
269435379
817634803
1658641988
728998798228250624
1262831526
716424936202473472
245045986
4867970032
147778149
3995921248
1462120508
244246623
230860769
510592152
1096662612
224456078
3391957312
151989348
155131894
138477230
225259092
1278917156
348112681
135393154
746205523142270977
230531752
158737030
3020059883
2346013286
257523563
160018980
35563739
2264687726
128074802
243880770
3601425375
228547579
750442631025532928
4198688374
3998679429
978946531
729029675180294144
3092512761
411215857
173689856
282607688
202262990
280333104
4337273722
142704266
252619660
242905304
323842059
1895317938
175447500
179554739
4826918979
313587802
1581567140
190869117
265028101
563350368
303941159
94119095
720017783833145344
130226931
2545322064
219330873
393661163
3438517258
2288541092
173345272
704380717174804480
271961633
247123521
2584704509
718478075
282754474
390532130
2786413673
919697798
4902287853
150730898
3220062970
164919215
175156325
250912862
4729944075
3699963801
189697783
148085509
182644475
2238238290
542825044
52818366
260466819
564851263
190705291
333498071
114648454
1421109164
633728482
142061797
112065318
847389421
555264023
267552002
2788000434
1575222930
586732592
2745701314
4239942304
210894528
4205978062
2181452290
286397351
2883841
842999095
4189143761
3215553681
223234302
2604592956
219019984
278865709
390220919
359020068
587941622
1246582488
376381938
2484710078
120546426
3678942203
69962890
893500772
378253705
255501384
118719276
1967699960
2213367578
1231911344
931153814
296097123
426366526
3234409426
3853847477
2776695083
296239551
208831881
3622993755
483420644
2938854652
2282485206
18091004
707464434
310673290
410925988
3577472001
1611057229
68274562
2794795291
2408417785
2464096400
142181919
341567396
257749475
914948659
466966076
3429407315
2307764350
203372588
252884601
1365457231
900523296
188517883
525264466
3174317410
825861864
287273154
311354457
201393870
355809231
140922305
335344929
3091190389
2574322736
234112483
242454415
1122972366
969361682
1473962766
469844539
2969730568
296341985
1307958222
344129966
330021348
2858245631
234043665
2796134661
2285622972
2409683900
2785371297
822875239
1549118450
852059466
720823849
96138777
625608184
361343242
7996522
252270948
72129372
39692424
330446733
1348381238
1265953044
1285513909
1343533700
333481971
548687741
2496308910
2547096298
2511011850
2502380984
46205856
221900964
1547875291
1320206900
291998242
789856765
581483392
1689271854
180505807
297827660
2341062506
244730854
1347688602
1355772794
551585790
169627734
1102348886
154565337
506085138
1909361473
1594970798
386110772
1939191248
2205471402
253720439
627841864
364865210
1478441894
288528334
1523559925
257068100
2236304510
2182468040
348725063
1670992075
1042567538
1915757360
199117939
1712769492
295416119
1676559414
552254273
304596944
64900435
215996236
740336334
1689893126
1571475865
1613459444
274602282
1472920628
282231216
304526698
217901816
543533194
307057111
1669260781
388117416
1651738304
135218598
1247453299
133681320
1228312916
1610285629
568737065
858326612
591444970
232305773
577500814
131706767
584162460
1491094316
577103545
220741861
264419202
133894662
246467075
249825640
99165309
400476379
163210384
364422177
634283263
467775402
1014384037
263695056
262389559
757453663
1009388767
175115995
124450567
703580100
8225692
398384060
856950277
243234836
929053128
81888587
939340087
276591048
575825021
1062314034
771955592
234893497
1140252193
202906386
294398495
884556398
632712685
175419025
437531022
174505504
178562480
568583301
516602802
848079822
450451129
630767520
5520952
166433535
304217490
197905147
462192055
274131375
366900409
186310695
614447061
87531731
618882810
336145436
579281406
331159530
162762724
226009677
305846970
524729042
331855786
199463633
248451880
365773841
395559666
363308938
59254272
231644097
247878386
272221221
14573900
201271300
243703742
316781217
375196041
145739854
186471345
436840945
185305650
311159718
30737533
419116004
279229725
230538088
354281548
390879406
398340937
83972205
194405139
322865609
397515448
138257539
231597612
112757144
269130253
277133468
347014378
184575720
304808732
165636419
94243772
98775391
169048746
41145851
280823020
107226717
272087272
280701704
58531272
266323213
294340951
169763616
185068189
349290011
31969184
275628660
188976964
305085584
148759599
169049463
221122848
187764121
138955158
222231985
278361319
154666813
206876101
327011176
196446070
324063708
308542042
286959330
90408735
191945087
151635175
147325849
287960323
316003837
261348542
275222237
177754412
210509836
275620131
215659868
158393008
282422421
218626985
263694276
260773265
78519830
262882998
259925559
259593132
91488267
200297397
247239087
204649153
150646232
156370778
82985256
129925143
138657715
126765689
139858648
223537733
191949347
46527223
161834182
99031692
23819063
246602161
148590159
227677577
221512717
185344774
62904042
161816963
196741874
189589792
170141378
222653541
128105818
120229468
96187825
146308268
52585854
102838877
60143259
222344995
198666634
95706867
238003403
190277350
42933426
197273436
114570540
71794672
131904936
183075311
90260888
195195527
236024779
167175214
177775195
176417208
164879176
231637184
197806798
130987229
104530704
126217335
165569246
191076302
95877830
135503137
155659213
141408044
91931141
14872237
138119908
126827931
149630410
213000184
152188619
124658572
111416958
139556944
139092348
146099241
156545066
128351854
161468210
15095537
191464871
182181057
175114792
128937967
189173224
140960194
134937118
37717733
118840509
142758895
170028840
175923047
39652411
33905807
45580261
164715111
92670884
97513349
173688432
37093819
133954472
59714229
195048109
40101400
118085767
140513962
150008859
