631303706
3368968012
93302689
25185308
82362695
2463245832
2759376737
1076922876
759163595624177665
2908064489
468345118
132628682
2402134352
1955789533
202210082
2322714674
232554372
131413624
137819769
487382350
1602378234
144637561
4008057281
231012640
22002386
7273162
365975262
4614492220
69227791
57330551
186982547
125399079
250227837
571127400
2869814837
3592319536
56039780
1560875564
318844390
4886225026
213793914
300114634
738138121410215937
14505838
189124591
2514211656
314092146
713432056353714177
723123411329921024
186471345
3363212950
870380988
6790852
364087392
35407103
1479226789
20434358
20348431
95326483
242448965
287205750
119844526
3093937180
250926648
303941159
106837463
17093617
18510558
10012122
159686376
358528999
153938442
85618686
551290354
15947602
2174443129
19516523
34140316
256822889
3298359873
31939931
2900013507
3169785371
15754685
43403618
19202700
18045145
2186725470
178242005
289883736
351471660
153856435
563350368
774631806
2905671323
105309196
533257020
101895924
71010387
939367022
209780362
345053613
142532674
138208576
605590904
1150074607
2178417930
154661656
549799793
202235398
228531013
67848753
152413838
36963745
27158041
110509537
410203574
33884545
402930169
174399173
272091789
74193154
619372828
197644181
377540250
316882067
126348890
591182426
223359786
412384950
111800243
43264216
217262630
233512834
53565345
221617027
157043639
185823250
131382336
242124100
115516167
537465487
688583
144667417
14780915
210960181
17021618
328045567
85786619
34464376
266444087
360854858
95217117
73559604
14333756
20447073
175139210
12998732
15135958
22413809
