913131817
2891072644
1401052147
424607713
202843796
237230742
29913721
3430712254
947472672
4914651729
2808176670
265249312
54003077
3092512761
44749326
727578922213363712
18863815
58023510
710489890996273153
186471345
83972205
4853496491
364865210
35432753
205930411
156823295
55117712
161775175
121291296
410203574
34910262
100731315
1395988206
244246623
24776620
209780362
713009533032009729
398366539
202589958
175532018
105193571
287508162
3890886399
115304519
495321640
396945853
248537761
350544881
1698876667
266169263
266638342
189080010
3392205849
624141518
203297647
785913972
429039615
148801391
1623943610
53788639
281228834
277460541
201037025
3008885247
82562538
754430562
414789268
324560975
102432731
601127186
143215062
2818445048
134413951
31154929
2158048383
363301700
193359470
2460890046
2672931525
37852433
1671358760
164151976
2908698431
258510980
2939698732
184686645
181003011
2219166786
273570538
270765058
117182616
30472664
129588606
203441270
278172126
138869680
1696790791
307997594
389132493
211726028
94455482
1069096010
222496151
592896812
168411289
1097089489
279180086
294894941
2318196277
266284424
2325982578
102128952
258614636
2837765093
539303658
205359178
262842638
211970286
192585300
188573736
156018902
2713780087
216491853
2393423492
459803337
171681034
27505823
37130184
29234605
177087725
206495217
379771766
510465696
408186262
130995977
2687847630
57506755
175492037
2180392497
421316220
2658252996
291474410
2196941809
31969184
46205856
602321198
2443150520
14831125
66050222
1436584129
25901456
135793747
243475528
227303186
160780981
104637241
863289260
2437331802
277008644
2500649108
159608908
235279875
136372603
226655567
364941475
338388181
911235511
2467162213
23582614
2314508960
219488032
147570389
80646046
15967912
1921108945
280674674
80765562
462922493
283372569
1871915678
26289923
497480237
2418377431
128284524
174019819
313224733
2285622972
377527131
1405445814
1228280918
2303565752
554097029
53566635
328957745
2374387070
369971826
1689119341
105231150
318722951
581137366
27158041
350411337
128705648
89208349
347441239
1073159618
41686985
214105638
2185509164
885728996
436226840
235201730
57768451
2328376424
1138471938
56952428
283677980
718917810
164127513
188845972
298843388
71605180
185632245
758543612
208834103
103167687
1336656522
328650006
72193944
73975994
84729763
35911896
93098800
56547672
1920666932
50136372
213298301
2190547579
271258073
106901378
34765906
396497645
25260985
540945878
495266619
53990144
197066105
72697688
871689434
547238342
256010185
966672943
37910800
1228312916
67442125
205946807
76442053
1014384037
1916194698
140461215
134591474
340262846
307057915
1233015384
77677582
136163149
276802421
51937152
1641301633
45673445
162041807
574692406
722164963
85417141
246911042
134278265
1031432508
181434720
84475721
78532115
82936259
94174098
175619477
155670453
164747369
604026388
220896709
218389303
872884489
72987196
51167565
170528373
30559072
77106024
166378502
156336419
283387560
202542525
311036515
288369421
220186728
126761284
428169928
948603264
102840899
421354054
406744818
116133822
257096803
779686772
213793914
37254426
39055126
133071094
155868007
142154133
312784108
801736166
181857751
925821594
248915133
248877722
134995285
125986692
125710580
917149135
198909845
56736839
13522012
56006912
234512896
335999276
216469917
499013250
268623380
144184861
100612516
419583701
102774147
70253977
198309804
269475875
261568800
47276917
94232108
52558480
212005903
269561073
715437690
307648541
12197032
397632308
244730854
203403958
308589776
106149270
450200372
185800574
200712158
274897554
106614869
307052304
17934144
413694085
229567127
130613344
339795131
426843970
228609209
111054784
52619033
335114326
26945427
238838333
53091269
167510588
65646293
166236579
184622574
45992749
143153613
350970096
329508168
93129916
48023318
211971914
104047666
382400889
41831233
174143408
115501649
182254016
40737325
112477265
35673104
127754882
94593523
248869954
221813205
194568260
70751123
27991073
237723542
39323989
124960672
209945654
150065041
178562480
305085584
182141470
142057949
130540038
189627608
759251
232307009
148828745
50944133
13431
284896508
135216908
250273295
174667439
140048972
50121225
103310803
60835724
134993494
143327067
118742541
21525733
62907583
188078845
18630407
88562167
46986154
129280923
88065828
62546158
22905278
120683644
153686381
20118632
44521686
151530210
124025657
241992005
28253616
127755184
139366982
109387470
67465273
70646474
118557515
46590415
128619881
61276363
57682825
193026639
202205225
56890497
