834281252
87809737
19458230
764085938
268099025
809544221090791424
218149274
114068107
3397585287
430923371
105640257
344862869
889127498
3346204727
3034823035
521643954
3110616550
269474405
373422205
878954396
19516523
106471173
3152642523
2718333270
64904933
742720490238808064
16162783
874775042
174923152
225280758
1357356157
186642751
19421477
334429486
217580136
104085872
1344495696
726889408679448576
14134204
2864007749
2864111705
2864113516
66436490
53943452
848015196
700368678
723526755936546818
2938475925
1633876758
2520898242
162449540
2458993322
3326804511
142940874
500442921
377784823
283699326
1631230100
224027957
263213728
151649907
2682913849
271988200
161842201
24776620
243759581
1191137514
1268053345
317783903
2280854978
1426374667
112330225
402507660
308242645
356958260
1104285710
297304965
112436081
906408924
3370245497
151466863
1352294174
378761216
197211814
2196413441
133096155
4417835200
34910262
249706277
3063048622
242341736
365028876
309746085
234893497
569157662
121291296
67634114
242773632
233554879
249450933
2177898444
3150630539
1114905854
850429891
2407297898
193940998
468448317
296877580
328500611
624119745
113718795
229108168
576575234
1098294793
95772263
99989232
2996938804
40083437
104297856
67241871
201246685
132547612
1328399822
185674290
129028626
70846145
1354736790
213053720
83279826
4267868363
3900476297
819939102
1217120258
1940683128
1655484367
808469316
564068696
60668361
159342762
3307366647
137471142
271034057
1037593838
267552002
348812102
1254368791
337800168
475892670
24939477
109630296
3341985520
1912380654
202280296
369779016
247400745
45300602
474289232
3072284435
3144308476
194590712
2393343884
369729629
369528798
291719234
4805165315
254275716
295356544
142412847
4825329759
211554266
285097410
231956687
700750836134191104
214123335
251278445
1281803232
917507208
949960693
455450309
1335681914
2330759190
709220414
55001095
28601983
2435662370
3290423563
4466264115
450031507
273132659
1558587350
409282475
2618830567
48169084
52428260
345173340
1956392611
49111167
2868200366
2238597445
636648627
30004537
53350623
1549537328
2349239171
326561887
381721326
1719991146
246967511
226989334
3784851503
3196292541
229468495
501933883
2329392800
242954439
486083470
2562492817
24296476
138628381
2335826396
193859263
203207355
270524848
459534627
1350269708
176315005
57186187
332892722
95045430
2323006878
353840739
537561446
154660087
1090573598
39433050
38458321
1935950983
798661830
253777713
2485678465
458089718
226246601
163717570
32409462
2359302923
3065104593
3332801021
258791121
36599071
3189681213
2590873800
183632303
438536148
583680845
2887654199
580599327
3236660032
42956766
317900300
355472787
235554863
159611469
815911244
240520250
104614110
174740124
2297619372
211192589
157732576
258590810
353716647
587537521
2525414820
3086429180
3131990549
2875999482
190154611
51125699
804309362
884788459
222969876
167792513
2230666188
506420467
220929535
3110569780
249575340
973311612
134561464
705164725
2924910283
3083143648
240388566
162086273
257561065
250249738
200603488
188466646
198554964
249828436
93080377
236590902
1633284307
96938272
205368876
2499422425
783214
17874544
299888833
264191719
153685257
2244616314
113189145
1953708667
1214591834
1267997204
2820562667
190678803
282260115
2200774052
2254238180
2474668358
240733743
278807728
234112483
135322428
2161131343
175190271
323411904
344330729
383258587
178473906
157859662
279046813
361317099
254114111
308796775
65239412
2196345865
3027156191
57096808
138129351
2156594297
237095289
1210060849
306516571
134165219
492647209
339035334
344312636
430954455
1112609756
2560803021
2988586395
560281040
234362895
610375173
2610115885
1444693364
437133883
2233543380
314915748
253580806
3016303349
2499457172
175878514
164691302
157116120
285826308
211579624
328602067
2254931647
2581392690
2411790656
1470232874
1128253633
1732560242
942417578
272463231
1028571602
2766829740
1056899101
150376395
2727248541
712601616
971282078
472828135
952546652
618527168
315585961
173694185
99330869
415192261
111978478
316887954
258355445
22906581
2888793753
67141324
198594729
274848290
570902546
130059517
275140097
218977490
116577462
313587802
777064693
1858123388
140709434
34501616
1857583334
1368243115
123574364
117540746
82722742
1658843748
242584378
1043486743
360874878
333498071
556312197
215887102
2439061730
326349032
973526502
2854808531
283781733
805920529
238378824
33604269
2769361021
493769335
259674489
158732968
336130252
453406139
121498392
570216746
1129068086
2216091530
31601180
869161357
531585191
47809468
1674451524
220893925
1960912682
476875939
211259038
14205576
2808694211
970136107
2181127406
81779485
233811879
231169854
172439466
2506511533
179222440
193045830
107537132
199373371
175732651
2475931218
398527096
2717662046
742076616
2710521499
200389396
2338149231
60453038
183075111
51905772
1342688838
366675289
2258226686
180602377
337882378
340896057
14426771
483656289
257954925
910717387
633440325
1409041836
552094012
18204500
25165065
14071045
588442852
21279340
17463660
536017303
465890294
270996589
57768451
141867164
392908603
21038221
568491568
124273032
225629589
2770780430
245986218
180469869
1277872152
166750372
138273394
2700855484
182510160
31002036
30023371
24776235
31001575
348758123
77007236
77237454
548683518
2595876805
278232944
176332352
1926979213
2749406780
162263795
143650911
351822551
405011594
58835677
50348707
562312148
1535471707
92091451
898684074
8144142
2547405391
30714533
55123706
47525653
75437240
222145207
173976615
195358926
376894083
2458547576
288031880
128042009
18972140
34858811
338466333
312916701
321722291
390969828
1335312702
207861755
125867309
124826748
2666696632
609259761
193904961
341333390
2279792658
239911883
406744818
174565352
241282547
1267892096
584135028
195356337
718541765
242946558
2440661701
394360111
2495106912
1612152548
234001268
31478813
55764330
353122591
28848200
2535545064
2508761480
41003372
221534863
344634424
42220353
2179232342
118123907
1029350942
1935558217
353162939
270175774
144747402
422122772
315949150
47550800
1053241693
153499495
2298530780
487569197
150065041
167398388
22600113
1586349572
248490192
176701556
233418285
481502205
724359205
319391486
99221377
330613076
2395318350
424502643
2452148270
459519623
143684517
273182271
43232377
279829504
2367665484
544683452
116982168
308067367
1222527320
2441739565
900744192
100015505
205430253
2329710038
263976476
309248428
361943160
85639913
531844148
2422307906
988146488
1659181032
322720955
429936278
211357832
234520540
55072675
1918425042
486206942
1534642784
193040915
103334339
1059111163
919663964
1152312242
2411805438
465991060
789478938
164050074
2353179337
264985904
579057307
354883527
2308646706
394364478
2157482672
2288614376
588409201
620503618
1628816125
29206074
205575837
1087671266
1520908916
1397413260
966549948
2355561487
16297870
518325951
268447666
403712753
1666274448
463328676
2235171805
1568632178
404544558
2310677107
1149103200
296545850
2398130774
2400850359
163543980
1393556222
1713896460
2232079416
2343912275
2200737515
1096702267
1043137526
1724026855
807960494
1123410751
232880090
239489049
258430629
450671175
603223125
971078762
1112155195
502235232
1597228652
223196921
1901402024
2399935633
1137438198
178414252
1548469314
633129760
2427393850
350507357
322333265
1966908062
606829162
2266451174
353237133
242330748
544476179
2247591282
2214850008
1851916074
1365738246
337242581
1003229370
2168497871
2322873568
2402226667
2402111642
2225796148
2318001277
1915738442
2177056623
1140377977
337505059
1671944316
1671944316
836390876
2388143796
489698249
565298817
2428137005
182585431
256211815
567749021
472423262
2358822842
2252244839
255635540
378066075
2284080650
2427479825
2400890306
2211450037
302275341
155792934
155792934
1010351239
2428338005
500225445
2342460649
1561675302
484068791
2155862317
2323112970
634172356
839977446
2211212731
2400830270
327687499
2300732408
2319477829
965344212
2310634424
792264636
2346190292
394221224
2428040350
1009836355
367346304
1976954786
1947209906
2244977791
2279236429
1912421251
177700622
2401770732
1493642959
2242807930
1172537226
1888910676
720376026
2427503363
875629958
450965541
2205770713
1537524565
2416584658
2404946132
2407578170
365039715
1537636339
594932293
1873292370
2398902001
928585711
1494600601
540958695
1317005942
371901538
2400453368
1549736936
323978636
381712936
279265384
1597449968
2406260536
2232517906
2428240876
2426075937
227009765
2344137483
1194850236
617769764
607461925
1436419968
353054669
300603290
424618739
243673628
1058447473
335650895
455220878
251538489
1027509049
154565337
288528334
174801455
572151819
124829064
429073522
362013938
1068315438
203285960
549491359
129662446
420732656
233731140
234447652
564132518
511104035
2279536434
147341315
1358223794
1599435266
140245866
23298808
1337776009
318137061
288908949
216053371
1613607517
106523029
45969557
196246372
53434947
136494155
254598001
628799083
1186505882
237769667
360750930
2317846898
123764868
147715997
562157048
294187885
2336003817
267158028
72373653
234561113
130270851
62917019
2325909984
240095489
270017356
41109736
218754163
67942626
270842674
1924874324
351471660
2280010134
199040388
203688186
240682157
408917491
2168972938
2279773118
146129286
2279728820
158039386
103034772
2205178333
2218716031
320877501
2254373024
165081913
149259812
248912198
243877662
256628776
1633542588
236071387
66596924
34991410
229152214
212725539
400816311
274619042
167984638
1259772218
561350892
1090161913
43867397
327692638
82112404
166501881
119777071
151244931
33167599
69448032
21787625
233546465
1898111352
220030862
251393299
82974754
199560818
160682568
426788950
1728768722
2192977154
201963503
323950650
367416395
171974159
625037308
439760810
598420228
915573392
1510998426
410987550
263427664
1339140812
150649182
2183018779
112769032
522817846
252619660
40276722
898338133
812128993
24159112
355636563
211682243
150798161
63621095
44826081
175809656
8439282
76002699
93886205
70302734
38867250
30005043
587970699
371988156
76491067
340727626
261897786
972050028
151459495
121917884
407720226
41923233
98795233
902035056
1111720602
890075670
16680420
397439893
353163097
214066215
98751775
215262693
16575488
352729250
18033071
178242005
41387630
219985399
34269606
141082851
20766781
64482111
284549082
186952377
175437841
276981324
143843708
1656726888
163684685
248869787
281608376
170092518
214828107
138542770
6587402
239760107
124706811
368648931
122881279
743593404
756261908
765210
198541042
90589439
1867132807
730238940
97294896
50695149
112542037
15601251
1182074978
46630111
130006771
56389527
718560481
172943440
439126808
162514410
14116807
902161286
635190852
237777359
197097278
149241840
96138777
1131437816
17305888
214695156
1152144158
87403396
37599351
441970965
1280152508
52319230
539501831
133069307
21091625
599404748
153587178
119203102
302177489
57497901
204040108
76365551
18867844
837147216
33057154
1241109612
188882264
14856630
1392734887
72519424
627894204
198673958
339584055
342192493
259713560
31939931
75496615
981504858
1284895464
191920757
600369980
5773682
259702931
433975128
11342922
18045145
399856665
27235764
25661574
63974093
823905
487654099
252818546
248135834
140147747
9814222
81926449
1096637882
322698264
144260719
14178998
141758206
30409023
102787821
262842638
472163878
553524044
48505632
14313180
15164905
22253014
366563895
340971863
581072105
148875483
373407512
300646867
1286259584
399744132
107219237
59236963
378253705
282763305
1421710596
323842059
24774508
93935921
94360081
117555481
481609962
18424872
1308666559
119902829
99990918
105203822
175419025
588492837
1531099620
327658894
465243950
175447500
392294710
1241855976
731186269
1018530788
465788328
585855385
183024577
5943942
78631494
50097261
200755344
298851195
238769203
88310645
1197404173
1608304580
206696742
448065154
239050704
262769735
501174098
334913791
764178372
219683356
520810457
296831568
250236331
99794697
1583460468
540326547
264202063
437025531
383254413
264407113
208287045
152044714
17813022
55593866
297058762
242758337
131903485
219024755
261075737
84128808
622521161
1365977370
242503691
85391668
267774517
92618902
539280316
38254052
172331963
153125071
355620207
193386305
323889443
322082897
272106255
172025898
157590817
67365132
58041391
213816876
201128401
356421769
254196587
215023996
1433456208
573393573
462671244
202274022
52238596
1164236611
219012622
15726324
505446136
268355151
231256800
1173172591
161889073
391790699
586719909
76529658
210497561
303578916
54185345
77694285
288574018
76038813
275099066
90974409
622486247
868758325
89380994
120836859
10228272
136033299
221599274
203692512
177412013
327734000
206800269
468469701
76422314
181484050
217813575
277965662
592877804
290105010
625989807
573416289
598895867
256785940
39518909
14424313
141411636
224735942
17881816
153546412
267367781
491623028
557463714
39260028
35057708
276670217
29547045
38709939
20887937
92391348
526975345
130213510
1189175084
117843976
195109777
716965771
561325545
879368456
467950558
186215821
75959559
320782409
88431768
245153182
491953956
213178591
1167163861
1163496104
137880494
236637107
125710580
338087422
229909286
225802018
364231360
147674613
58505147
172613149
65261162
194193284
224749379
1099537280
222704899
332946396
241248366
109341094
202282454
291893017
341191560
250864362
181801599
186258335
316721802
151217285
305139140
327525956
144345295
153473930
858228181
513673392
17919972
213253555
51282515
27863115
23976386
1015516164
203441270
85625564
619304430
71328972
202398719
167660539
292466912
146697911
731537791
807870157
255778095
128716724
431680915
292348491
516830480
488834931
405033914
153606995
488625812
105016400
169998643
11740782
150893102
234916423
18079284
144056249
142028962
146594357
245098582
744366564
52536758
994398980
102448916
161354140
387949871
282836853
207867550
534385390
320496551
423156191
423764833
96452560
315536493
156870191
304260635
863265602
168882041
405850503
172411932
289066140
129703328
149219876
69939288
287279949
195420835
183656615
174279908
176830928
137055087
213115026
303753950
107523746
200684462
891986874
315230913
80883761
230894957
202779862
450163900
220054110
219666325
381766129
165181809
269011852
168687634
133113560
197476461
599776545
144210736
168753622
764581230
34409850
122459359
335536265
77940305
44787814
829475438
318255154
213651310
4209301
61844201
148560727
213298301
278579885
359194660
168630961
159175408
121777383
36274571
147778149
228852387
414030131
184205281
15056866
55624714
568950567
748274215
93513055
470388650
111735201
171295656
492412104
614124315
77238229
272116240
337936630
245904031
33008621
30037998
145410179
37701575
37020181
162900104
251429012
374068220
242450591
67444883
423079013
276398167
111076219
32573359
173976132
86006923
520028153
106427579
469878846
380569832
256237198
129069003
309274418
265727516
763093645
213278629
144680161
213911262
214967417
529222453
762250950
233233485
198027959
143861585
137207400
138099903
267161977
454132312
64385921
45575107
135009793
397632308
181976167
557154508
720563504
128386554
126741060
217169830
78654358
260032050
568693157
235671811
60070792
213475700
607652617
42340069
177785636
535593791
615678462
521087329
620050991
33779101
587442680
443279472
219193287
128691363
275121779
540429340
623384872
15024911
172514988
208423473
234008119
481500910
288059410
213664472
333570450
195922640
603168922
304526698
607233148
167080647
240336710
551839530
275638684
228619705
54411594
114783901
347373001
561742590
64477046
40996173
231715482
15212604
270005881
149655003
38515056
142066564
374794477
278541786
223932649
278200438
75603019
347271715
165200504
67665104
146640944
65186457
119758810
32061430
308467164
267392644
165886793
158453329
487851470
461660905
159284408
423574736
462370306
148607364
96039232
34353078
255738107
218046836
175863618
435872944
215466422
250723681
433895305
137882100
184628775
272029660
269518521
191963896
26630693
165270575
39652411
35058064
38038211
133184048
90425965
153493818
107125043
409594784
365588731
33271531
298684166
110601509
188433869
15830716
17485118
69959412
530869595
124728849
159869284
148845577
175824869
517914791
196372300
94900238
216916534
202677687
188340013
65936474
110331469
347536592
213026161
163621493
254090808
291947175
331637076
459685967
281260954
58712843
95715393
384376453
290395312
17243213
261022029
110546573
455839340
333211205
178053705
68036460
240331936
116982190
189589792
69013273
263899798
336829802
143098564
43175955
32899053
410065370
170834195
317781760
257068100
397556599
337779762
429772504
86310533
384861838
459471835
99566858
237314591
235310262
219348251
16187388
137202785
151211946
457047510
181066806
118704398
441422924
56575562
326531945
450795982
291295598
25199305
126672013
445645708
249940605
136343754
18868617
178146603
330635048
128271159
174717361
35289042
270178989
225359712
245204153
395130778
232620726
338548389
225879032
135393154
38693792
317649928
96417553
411648375
311846330
279019812
52076283
403075399
141749146
167972276
236566084
378223565
26347170
390841272
19691643
137136848
70805914
184910040
411218931
358413107
285731620
278065615
381658464
36464932
103705327
30364057
25365536
333573183
150401574
270120020
271503778
156344442
409063018
45499851
249366293
303948907
265073138
355849478
48814170
369315101
365164072
188322083
239196350
256789515
377192100
351949497
129882062
231352407
156813087
233021600
188573736
236967489
19058681
759251
21786260
222898823
234096284
137125115
196319177
39347328
15171377
91057672
109078042
92627943
27778893
110827653
78465034
212005903
143490099
176832220
167536002
377045439
169098508
63263205
139934982
256739326
177072767
247509086
71978435
378246020
166574655
52934731
82785438
322941780
176158817
72900795
79005591
135635793
165288917
148570602
189629902
194479277
176627249
237092406
190689167
288045709
304052592
197449499
135323871
209747378
269069240
98503260
90065524
124592054
325977867
73972297
172094189
301716505
198382731
162199962
104297990
33652317
50846802
69121602
334840737
289588690
33922163
182698522
293339124
300557379
304629850
261291747
223347086
125824952
157521222
151844963
243344504
21425125
92587383
179986481
334735101
280335106
228459263
107215705
52245641
23006794
54437089
136037530
282189946
303374997
205802556
65668018
62897090
156689936
224776674
284176296
255755317
40621746
203232201
235228308
150402326
49133906
129925143
28680673
184457107
134123412
305164542
231065141
174806285
125971693
44458669
109131154
55714542
209110979
199136639
300995007
58813551
52219633
66245649
47717027
252600272
90436997
15667155
177776574
225696889
238352178
133945128
161816046
233643941
107124268
225622052
156791186
259379883
66918684
38608784
308122601
207818457
268573162
68153747
129619816
231182630
61087781
50751556
161834182
35047698
159024529
34610490
169614402
129280923
109387470
66162040
192585300
87783471
65432405
40527958
46548406
166399621
66803670
48576249
77799178
20560294
26757599
274656485
211418071
77919417
86119466
31927467
167420090
246507155
197932909
214740111
111157576
256747696
36307418
147020852
243330184
194736570
57039782
181964989
16409683
183452333
57912874
161822563
46919513
145657132
102389104
149234407
2367911
64944344
224002252
77010454
37130184
245463832
203093566
41221076
42114992
104974333
45580261
29749448
18661588
267494688
62904042
36232430
75958100
49871196
30386845
42538668
45986928
127400020
174319969
77243413
53486002
266347505
164060966
81526308
84219696
48142372
161792834
55033131
74622617
210509836
272991747
16983240
136372603
12416472
19236074
17813487
51254405
216037132
110802948
192098185
67386464
204415570
202014548
83516967
46269634
180616561
239189375
174866330
198226950
244246623
57333011
264492552
174297283
98771240
131677165
197297485
118860265
171944122
100191622
222344995
17498440
85603854
128937967
148824317
214942749
215364690
195839897
64244685
151046032
286972441
224856646
51153797
309819192
49355198
237468867
56599977
54389843
164354410
164704216
183307747
161826771
161814182
304732609
183423944
105838056
208186846
167391967
139661368
202334994
220793233
77512825
126217335
319168115
5520952
87808186
109698640
176431526
135323061
48247264
56039780
274562974
178729631
106538753
93646686
24929621
92670884
170895870
59714229
192689326
138478860
240083368
49339195
254082591
284901790
54676127
235625906
175923047
5494572
38261736
45432801
21894603
47384568
145676563
47288005
91390383
80717031
35013719
93938597
119392416
157057216
202782532
115702700
222162057
23396100
64790542
108716709
222276872
164715056
179987182
86374927
172374477
82985256
84709877
38989818
236258013
23415676
218557970
27463500
88057396
41820310
71348130
158028837
40145535
36425725
67359917
55320576
98886687
48812582
264291433
227405179
14845718
184520834
140154898
65103733
124649784
42767135
51832360
250232548
204406337
71152134
198754644
164715111
95217117
161829772
161824863
264316809
96187825
72637376
166171874
14780915
47736553
144943055
196657759
75809461
141024279
119084981
32167239
14333756
44409004
79327591
56521114
185658756
23605048
97513349
224898965
129899054
193862553
203292601
179998960
262882998
342508462
156735668
14230524
63369209
183764200
339833278
183661586
244136790
274259338
99741780
161775175
171516353
43152482
186557332
30040682
228433455
217843851
90773912
118800631
38871237
15815700
57099808
33884545
184865852
4101221
182852488
263006990
168237661
221782917
244196372
314625513
177639025
218349134
170776076
177449591
45989187
39203045
24702915
60440032
173890785
47719006
227061611
233312956
140839232
129973351
136042801
25410548
58941487
26256322
49997423
36484116
76741014
64919796
26289923
85990933
79218920
165928180
40255499
157149632
215603385
307624567
186443862
62406838
43116673
140934503
54343277
69489500
249806298
72325179
190882813
111333708
40924038
191147492
238049150
214086191
188520805
155698993
236079716
202708065
291459521
239548764
36751350
239530544
74079542
130987229
150008859
8225692
232241717
340080502
167178940
175437503
223622113
239575317
52930397
193144510
67078807
237439269
52848989
121779106
119564401
187681394
108657857
