785961338
3440218353
239938002
225141154
809750448
788175392796446720
800438967631941632
224412471
65707626
821805674
190826809
1008141277
2281528370
2384464374
3429875201
783592524736786432
144654413
4699639692
768477607897731073
312083262
4871020067
735199933901484032
239646492
2950104041
825444744
770072524289900546
278009154
236175657
719598630588559360
383144838
752928276222451712
186471345
296298290
761920896
3432022552
392815613
952396453
144687764
739902953583169536
2177365743
3430051094
2588061773
713046453749465088
4846813401
2926580441
2871877148
719950582686072832
343560277
361945108
4222348540
3378202347
706871495407104000
701085422592643072
4925412135
3124644228
106810737
272589975
1688941284
1483600292
165420759
149280393
2169978538
4623188631
123320908
4701442364
1141118028
106514629
3528383535
2341394720
4383872488
4098275062
2853626943
1624301624
582185202
176505206
1377817639
310463188
3396130750
2326034198
3392384373
3373330247
2455118215
301766817
525264466
176114499
143487726
758345238
199959913
1390461720
574095860
2157786023
764929812
1317547860
587721266
217847294
962335850
3331354629
1191642175
253508662
89611678
307028619
77216996
3015930414
187714585
158487331
2658392229
207876953
3028119827
2430622334
178757130
1173058483
284902285
225919462
314361835
2738229611
1390512968
3077596802
3238904807
2859901521
3192977099
3186864009
872892037
292725612
177505965
3149737041
2273196703
3080509755
311722682
116071648
147471847
222145207
167399420
2893449641
3000142112
373589725
206809801
63591765
945967266
490959521
93755347
224016728
373132815
2699784818
48116098
145484398
370206024
468625875
2791475831
228117818
2901818890
341823661
2957779223
1120404948
820708201
286069791
179633866
1850277457
237792958
252303506
398976586
550282826
308299110
284785109
312262600
173965898
11181472
18078187
355226716
213720520
234307376
284175003
460188599
391191773
244823585
328767771
235584015
234035164
134962901
56720795
113096634
555421291
1097093798
96039232
622851462
95217117
137034509
221941927
216456847
395429154
15359514
278668845
181996486
300009845
185470390
52097896
174825461
188945505
751644254
175114792
197041516
178035735
223958901
412576126
152734803
759673004
955618310
327499066
70203768
98467847
181363890
187678990
160414885
229444368
490054517
1319721991
146571542
1543728618
215083191
1458417822
308776066
1685270858
287517062
245030138
282754474
76118806
2549115450
2513737578
176836959
1602218341
238272942
429337123
279388304
2890288976
988778888
180986965
805670130
1089377652
231936800
234916423
222525189
420722621
1020208705
96169634
1242500419
371959778
122527092
294922462
447140986
171741859
372335829
463374687
124558024
200735429
183651243
199442701
298268687
596857220
482501556
198375877
478640441
357215260
517236299
557087829
1387302168
1587346272
536545546
363950663
332443615
1621958059
1106719105
1271065945
376971791
177306287
825796848
174130241
183821833
350950295
469612977
187743682
721319244
1106342875
903077250
857416992
478805534
1016044296
88559972
164778511
1850488854
1020811178
1621606897
1309030020
1337173316
2167557607
2161873796
1865841260
1582298910
2203478954
426834124
154882716
509178328
840306668
276813883
273030000
851713478
2417744614
2437627254
505208148
163183991
2456743530
224428179
2554869677
190436856
243222643
203348561
267923343
536565495
1552230792
1569034970
2905254861
876222805
2617649900
1688742266
2666204458
2782001193
2404898478
113229462
143425805
2747789776
235806427
216070487
269513295
177478931
2397350558
200171895
2838186899
188568058
379370613
164715111
341864146
