814347586433875972
813835806683131904
4521073503
813444891489501184
813429384115867649
189427890
813142138259173376
813089855471226880
4895399259
3193215370
812442073320357888
811353335819337729
371422928
187296391
811060809690398720
377676817
2252171287
1022861750
266246173
1979040048
134671641
186510992
3872151193
114068107
142482238
553751490
809401463990534149
409348864
81691066
167046714
78465034
138099903
381766129
343592639
382870325
325191251
289606342
94009674
101788047
1965740845
418782370
198982294
252884601
599525093
798897366514495488
796441152991989760
796546721765556224
985849999
395094348
909871789
494663219
556466444
632142013
159162810
2361383022
394145586
297139500
2960633189
793299958384431104
1002356814
961757870
346132871
1019776832
808841928875839489
808717529950593024
32325104
805557040739446784
780899826397577216
808376527293452288
806268089566433281
800039811637768192
804069176285466625
804118097326129152
764289243170664449
763214506126442496
2882867366
804499693271220225
804523060116262912
774398631268855808
625111231
441130128
804446903186362369
804377810580148224
1096368456
802327609392721924
804188802210299904
793252688414777344
803676929647902720
197933866
803625027228827649
802187262867963904
801647580648194048
801162981153325056
801186623211896832
801268126042222592
2567820159
81537992
800202788273668096
800362598562566144
84120748
133064658
1149744500
1458947797
416732344
194003208
4102746569
3005532190
36740197
787812786231541760
3060204957
397126789
152687357
188628370
796888860965928963
982724383
208193665
342869299
2587839109
390212257
161916370
721734061119705089
388020862
794609341311676416
794947118385496064
2184765414
13623532
720786569792253952
737496892695711745
1332179948
794682717921218561
262442542
3646398441
794154627382050816
794029370163740672
793670005565030400
791725657617272832
731943116241043460
792055902597709824
791648311895846912
791362814816444417
790988300093915138
789831405111021568
790984080506716160
1623857378
790660476111822848
790887254524825600
594011978
1578003836
790281597346050052
393586513
790228004052099072
147963142
257545057
280338555
789693863338381312
743741220069879809
14640553
97354141
210148155
788813050090512384
99295157
2897441
35485571
361445173
784163298266710016
260951296
325554207
197932909
721774437050269696
787864306733973505
180961772
142451794
787686792149467136
767502294971772928
783882639107301376
255781753
4715884179
4455710416
786357542263857152
786373710320107520
1372939538
331855136
786011946818609152
1074715758
96169634
557130323
2228424470
347344077
254319748
67634114
140922305
326344160
207507776
279876160
258970849
293597186
222231985
207260279
269862460
249813840
270563992
362721307
17316914
360682978
424618544
1092684408
1191698119
784955127878778880
575099907
87866996
291561003
760480744909205504
766684154943643648
714891968
122068311
784812376080154624
783231260
784546671782928386
617732065
267021675
215970899
3341862987
767544763000184832
767522197246189572
783824825416646656
722950873001762818
783690977554948096
88680795
218183479
782621691763580928
782370634781327360
782025096257007616
782171584647794688
761194940051386368
3403108269
270805118
335994740
781646562229379073
20086542
3306281333
3306281333
193945083
2585814003
138834285
781493688170053632
212437038
420009257
781321473273323520
361037642
465983898
106891797
36821727
95448533
46485425
131618749
53189543
116590031
119129106
73521313
130694070
122498057
151190865
119881872
115148628
104927840
35726000
291220589
212237670
279126898
197041714
236401550
136372603
97056406
378253705
202675636
293117914
962679498
221442560
2866516931
58535652
888144919
900461972
218549276
176627597
822306008
2775374466
794291773
2768860224
4895147265
4928285463
419890786
215995820
367492196
950404052
739599314
1451959237
372072891
989699988
1064438202
456186168
235029658
2998552953
285086862
4898918817
913131817
774270417498288128
769255663436431360
772933416002125824
766388628826226688
773017868573282304
767441369161949184
768652276781178880
758729665271832576
254609924
383007244
293735751
404844598
101299969
279199336
779738925510324224
232949990
2693739355
4903287503
785608782
540917905
871032804
4230883473
906871622
3319990162
2880460253
2859565461
1888101320
3373092088
1106476682
281298857
840667472
191464871
1004441708
145842037
985495704
236606553
238576558
1154747899
1539034994
1027326854
1262747966
360414271
464170766
1154915047
878375490
2591947364
785785518
853837746
776824591
1626663703
318654763
616422449
2207855922
636476235
2218727778
2996363608
412636613
778431369445797890
4477356436
260772330
778349038462758912
95003996
777931014534471680
4013823800
2788926543
3416795457
777211276103745536
3302374617
776858215690674176
593277338
618632639
1069514480
376224837
1178841534
161466893
2309939720
776476928912003072
2176175436
775881881233592320
3816080853
3392692385
775564279848329216
775520154860056581
1918041372
765602004840419328
775476739359305729
2228547439
774470505025777664
43832721
288437061
774279674927153152
719389615111684097
2434368428
2363648081
2792621250
750116662750408704
4242463221
163963419
398896341
773801250538283008
203665201
352356850
4248575592
233007895
257527563
364911013
132595055
1725754710
987301237
773335339247235072
158342368
381765738
548683892
567538455
545541525
3867517043
475977728
772910357878824960
766101835430109184
222489712
127953818
96039232
2967197317
754965793851441152
1831330423
133057686
15828014
53832123
74215006
34996429
105155795
131574396
35778170
75883996
105180935
14114420
216457140
250265046
53778621
29622459
102482331
109040582
42434332
24900072
47491330
31133330
61097151
119998164
64839766
138814032
4070359642
3324131919
518712307
1960912682
768270564213547008
752314155835678720
769348790100881408
2810644628
711742819417890817
3892009840
4230596001
768225597587947521
723521159116017664
768278723305074688
768463032284508160
768645578905509888
768816162641698816
452112626
769184027119063040
1146688596
767572634313842688
420274084
767848362100097024
767829675922120708
2564280651
255772191
211682243
139138385
19103481
602406088
206334566
3019190679
299943331
362791210
394392874
448589375
767187627611189248
767197573295800320
620714387
4126193889
166303183
131653553
380906558
766475664702705664
763563564523192321
765320804049510401
131104039
765770565705687042
766454395194204161
623713330
1493305765
1275617412
442365870
763214115821281280
762962594768490496
221565358
759231857691066368
3105692317
760557825806503936
732725976065527808
296368998
761252725770387458
761763542680870913
760181217358651393
272481641
758300678288707584
155051881
736739698866061312
1535600082
749621381726367744
300518361
753360205367443456
755074962487115776
755780279265099777
755935137322467329
756178464890298369
757395555802898436
344129966
3093366364
2270033355
432506494
757294532329369600
172424382
106612496
85289376
563350368
303941159
531655941
738134683083378688
2918585583
3179720105
2855297145
2885230361
275082327
118864905
45013575
742540846386577409
17881816
749627420655902720
100731315
4878927381
2680906592
772262280
2647493086
277474483
696831294853013504
3998544795
706493064043483138
2190608479
709310221357678593
4725843209
1641971022
712036190845837314
716057466988007424
715253258151936004
4630230132
712485880938815488
712703500241805312
102844262
4383859642
4896263632
721507747947278336
721807004696764416
722254663249215488
722897667156766721
723161443416322048
364054221
723732589916368896
723957033209331712
245865633
724685560607023104
724961709966942209
726256492719030273
728692199299399684
2612494788
389504098
856451437
3413566463
2874572865
724283877964042244
739299745429131266
4026165095
416428473
742139338276917249
742219859090628608
730518632086835201
743818352288743425
743875715670630401
4561924274
744048462333878272
745086924772220928
745068261318987776
745813117213507585
746022739035684864
746180459114143744
711007522027642880
776910906
745814656426586112
742201751839899648
250729244
110601240
246112803
556152909
342242098
712279844189503488
716124841410215936
716250278723457024
719956672832278529
723161171616915458
721742967334158336
721517568239013888
725271847877656577
729935208271753216
353409437
2509617340
2422597848
2549078707
1365309272
463270562
430537362
296891504
318609429
255047313
160307809
296389976
247317586
544925853
200685199
284290990
394087385
328591192
731577165788160001
1719884538
3045775605
1630572138
2610372338
1679173334
563226995
600249450
177732291
460692207
247262549
195032979
1646310037
586260891
223696882
626352889
1500070674
253561916
2737867788
721917012323278848
252726959
4395080721
988497074
307479277
302128918
214212557
785410440
1686560898
304105926
293340629
192482633
4053998499
994974013
456296723
178473791
183010867
544805366
532301095
271601184
275744996
159583687
389734540
372036357
1702831087
2165451685
370535670
764421630
178955148
131402928
812286384
4288989081
3215770666
580603728
496661456
855799730
824135274
1363068576
167953796
4396307715
100648514
1143650455
258867330
2957248624
136779040
3093202949
2724699287
235713354
1666915176
2296699737
705629484267900929
129028626
237919313
4704443675
394008300
704372809909325825
898157042
4924245477
2738505646
703664576114597888
703365940164042752
527654079
179706108
703221132267229184
202319736
212167990
82372243
125181356
181087392
301058590
201902281
245227017
170773192
322374140
203682580
159310220
243680463
215835319
230295122
267898213
221896042
119129967
139146705
245956284
243477261
228877059
236458759
239857675
248454940
140288370
403865257
139158813
214669306
803635050
2306627149
1315668211
229083761
127862175
702547017109737472
4926455429
700539683734949888
700677648813576192
816442790
701897748463939584
4767367401
701620232947892224
350936512
700545218471403521
4924626431
626264748
128973965
4924381774
4827463337
2905292565
4875527560
4828078611
4788092001
3151401327
4856305419
4786943417
4727970748
2337835692
265600674
4686266124
809696832
4627004176
4556977036
4573487309
4517091514
4437618329
2765464564
2287090325
96951800
29479000
2841179493
4368214996
4363743917
4399974622
4336568181
4335703756
3421058974
4298166081
4295019316
4289986036
2166016316
2835470451
4260727762
3335365623
2386290360
4261985063
4223442621
874399231
4231527279
4235107222
4134512553
4182598462
4228841746
4212177635
215037063
4196796442
4214929709
62837148
4058033535
1262453520
4065280335
4069108575
3550500556
4071239841
4079367886
4113254865
4121526797
1696787707
4168573324
4108857046
4043780475
2385915762
3998791997
4004204661
3364313973
4006389077
4006513185
2512941839
4020054940
337285043
58388736
359424051
4012140952
3310430626
3990669742
2888286412
3997342827
3997448043
142096416
1344507968
1247693671
3922227441
3919659737
243372354
1226269268
241528513
3881071047
3864825423
38301539
327658894
251887080
3689654422
3698690602
2282485206
389076636
3724390157
3736402156
3690056596
3819429040
3818189657
3602387415
204532853
3296067327
2595366655
3580506803
636369945
3495235461
1423824241
3525023416
3394541435
3508886836
3486817822
133829815
3436926711
3438780465
455247562
3448618479
3457670721
431980780
3453065836
1055671194
3254188013
3435738196
266189655
3433006803
356914364
168893529
202872142
3144704812
404230843
136593420
601424129
3424388615
154762563
251244044
3420922539
252880047
1021090406
3311622577
2998668123
3398048765
3399068607
295749317
150841846
3399627682
247829566
3388428460
3388432161
3082136909
3293296874
3293802356
314193944
3295476121
176310993
2237008381
3383472113
446450358
142507478
1390248008
12608682
3374385443
84382121
1667890820
2309097422
296239551
1331669083
257271003
2570688406
3346206947
3346715249
3332985029
3260794148
2193115325
1376168496
306334354
124783680
3320479283
3346069115
3335052563
3246474799
633107633
3342937090
3315895336
3241225922
2850871192
624849603
7593542
400937783
3294344813
837041533
3329679569
324536429
635490412
1725551814
634166199
2666154575
3243676524
3322373956
3315165142
1378089271
217447122
514996215
2785279670
739265742
1011840326
3300859180
3234743869
3234311684
564135913
3304391920
3234586320
3294166553
3006596589
3295864762
3240652895
3236845857
3239360710
3239301897
3241317179
410148561
3244953988
143168862
3205686472
3288392955
3287907009
2169523780
393555870
3228550173
254098644
3222367720
2718325874
3070209669
365184136
3125394611
2393423492
3195135155
3194936386
3196122617
146273770
512319770
188349877
2822885549
2972016676
183388068
166329867
315585961
3169949855
3174357527
132547612
340004961
361343242
163925931
3090195007
2784321290
3117850395
307051503
2268570447
2246039557
1726771550
249272021
2986725647
2990024992
2422827121
138269674
2175750981
335574722
3044796209
3052742845
1415914010
2991802115
2935985512
3004326677
3051708136
1415978227
1123567770
3003220071
543741654
2215043958
1425911738
231993580
197180752
3006073264
545676229
2295665118
454132312
2339834180
2926285827
2337772249
2556430915
410163657
330021348
2337852415
392745763
62208151
2203199618
820260950
93633567
184865852
204840311
2984717860
135542039
2536643005
2783140839
2921563221
2887163205
194332669
230269652
215024728
737785398
285053632
345657504
389709764
71669574
184128776
237428444
2910218171
189427972
2960178159
2464588787
242869232
559908670
236191470
297195565
281577461
174770664
1602104262
100518995
138901126
475329140
2339495048
585076554
526892847
302845862
434546172
1965851539
482375166
1955021569
213442459
177012756
1003023973
423213011
315554273
2474956555
799538976
801736166
715487874
111393590
162486302
437700557
215996236
756099037
198911080
267271723
2527794168
233634195
2658311202
266214314
374868354
136728947
437048106
111416958
12416472
107856830
144008573
202282454
947680712
166084923
865399039
959062039
2801986707
858621074
241268869
1205441688
242824079
376025702
256159528
453569578
186985810
259612451
274099537
174107148
274099537
132996186
545528256
186985810
333208109
343581664
249760360
259612451
9734612
74332190
2978081537
423890494
726490476
1071624907
221902296
203729967
170375914
278065615
896514840
406744818
385650827
2688199819
176806320
2945099901
145790747
753395696
305971323
249334946
353704087
170704345
131062331
335361875
790056782
137819346
475547888
77116064
189985290
409428254
248375532
1868567820
525264466
2774186108
128327402
139148530
83019092
195358926
316684823
363934016
1958797344
184945746
2931450143
165534870
18481795
1323093584
287405230
538475714
863010102
426844845
327499066
2865612454
2925594931
175233237
275341191
32573359
374879260
42479903
936983040
1026028028
172624785
1020221484
1380719617
269453227
977435569
1267255147
162914261
341160736
148181496
718462116
2746528858
2221931062
164762522
2827213875
2450718089
293230631
1566688328
2858289928
465881737
2858102890
626944218
2806699983
2806381523
2806071706
2810636405
770470610
2787802353
2471592456
1260479754
287414747
1832522725
64421909
108656237
53911859
93050481
897600224
2763509474
2773031345
777064693
2283866118
219012622
620052148
340222446
2777008417
2711113788
286208235
633377801
2792132670
2330252036
836732892
2174355331
236422073
1604640936
385010565
2690485838
2285473224
467527154
305346569
2236897418
361271001
1578917006
1952026980
1260014018
245506971
354076699
2304280396
721006831
1411128086
1321799126
168184821
125795155
843925650
1429318410
149300743
200653876
128970707
379284146
317226926
1320619884
2149629182
25661574
1571545393
2376982122
2308966171
242946558
1936640000
1478351612
818576358
2658167929
370781705
1975799011
204085139
2396520642
467901013
1229026994
1309241449
126982552
1365443442
1211973696
182381868
1278108356
375365371
264588614
720492847
179147702
1633906518
270411982
2485431212
224135870
304375845
1491468080
2323145072
1732917374
1960888514
45999516
976677782
808098794
1218354258
264338246
2469837277
808040822
2589344057
1278334777
2577596263
455095841
905970182
295466949
43867397
1234159392
1856639839
2279193534
972767558
219404796
2307179807
2418308795
2456180632
592328703
2344077246
2162246773
217147315
270722918
282911315
257577953
372091709
211589783
969972115
285137536
202792190
589547433
62437668
546185804
108783193
2238350083
916030976
101318094
19093699
713439462
309274512
408083851
167022350
835675735
1963577612
1423883749
322256797
961579968
127315130
877120789
1947484758
157395362
1225518936
2353841216
82794341
744360228
202782111
451806951
464150104
372604703
518077619
1134315744
2342896957
2340569154
271212705
2338514592
1596514620
2203774850
344825557
253638345
127904811
576907422
122422941
1517383291
359047288
2278080944
497797925
838594874
1919945029
220592932
2269403682
277359012
478468896
544309956
281684300
1523284238
355260364
788511001
215887787
529154893
322523705
1061819010
42894971
291835851
435882815
177063221
1876937288
2228768934
153139530
194866195
1678862780
139486627
937727580
1422083371
1668705432
227677577
8225692
376721324
2184094174
333019445
192257396
372018023
531425904
129955773
309490090
2183045984
253461540
136214725
189373152
308614190
242584378
485259990
593011709
1380862530
1160214072
223888473
947957610
1292425285
273581317
18234444
1595081994
94477473
2803191
56505125
243381107
279226097
297169759
1967292505
66436490
46993792
1214541726
1457814092
223838707
222344995
109586468
21021891
1858233992
153190930
119392416
402792488
332452750
311027617
625703560
1496442445
369929116
626879664
256627221
1270902042
1691068218
21361705
768876012
233916847
1092496831
176851777
534710545
318650539
819867930
407105950
939953419
204200935
593115806
400485356
912451561
630628965
1855426512
369663350
321950303
14824411
382111375
95711439
229614044
354508293
93884635
264693907
333691532
399572525
147032692
321666632
305321376
388475141
153622311
1708106850
132564731
232405247
355827944
143997360
308156222
262389559
67665104
431129074
967282766
1228312916
925841437
228609209
165111862
1014384037
540232268
1337758872
809942192
128815615
498030149
269431151
23976386
239760107
1616163734
1143765456
90692053
615452497
173925293
258178842
921993973
82717109
235599881
267433110
41221076
268687416
368569541
227921622
191872261
250864362
518424069
275628660
14369839
149159465
120118435
85426644
860007374
223707073
164872539
185861942
468586302
1578252042
223541823
135955550
820068295
1643973787
319739971
231183287
521714633
41152239
307840540
782613510
346234679
1609292636
212387744
345588074
1374736454
1300671612
274473788
615462223
480779666
197645812
1311666506
171620597
290834911
461579515
522757820
186471345
283969647
1300306536
783214
190375875
177639025
259941951
144534134
44557512
395644591
1350375259
18096700
1164436856
154649153
283638094
1569628226
1486621645
787357495
461905916
244301415
185546909
269069240
142103640
176863954
246507155
543997465
253366044
150967145
126603221
77694285
223572643
1536724363
263393738
771955592
816032599
429101108
435798197
409594784
264311527
156478798
501843638
186389585
271975968
199514754
176490370
63022056
388037863
250846510
1494680683
336816065
95715393
471270070
237468867
214807647
319296983
203292601
180960778
267939039
1347595850
258468841
325752179
278784432
116928461
485746897
229252295
264316809
233021600
171211605
138072143
783543487
8273632
46700541
282768438
7540212
275712979
238694063
169194787
1043280044
1408644648
177764909
69101907
148890646
155659213
246372950
216783643
135323871
127884921
130122646
533257020
208177054
1442275123
199021746
1319639545
151960739
45580261
1426230188
1425459649
218264611
180515028
231637184
181794427
333086510
379320607
483888614
184413204
629646218
607525767
570342501
939367022
1259850050
224673384
369274772
213141663
1079714233
413091006
397491670
251246275
245870256
139858648
574607464
405328188
201067649
233958164
189931653
254274083
902545394
442160847
312359585
232442882
482541724
179603215
185658756
716772510
296037556
372085263
199508198
205274536
264492552
223622113
1077111296
1029009319
536923260
884556398
77512825
161824863
202829724
201892470
256058895
219119487
143893842
209435758
367465431
429130941
458604693
917357222
248473309
240549837
1006403798
266801190
605021044
195992593
137034509
14333756
133184048
150008859
410203574
343025081
242403808
919868078
268485186
134123412
247221227
585828947
367457808
41690040
58668318
335541047
272504043
1252764865
420805484
341261348
192777175
205564339
280692094
372666765
170068858
421311238
612944909
238393950
56502954
125492611
182225130
384084877
1063939472
732027396
247684195
273470612
1315564381
933594584
1223380447
129973351
494386072
195048109
128937967
250944344
47132215
961295922
376006122
127873874
846199544
114245326
228494991
1194564385
331895839
427349756
214118561
571236407
175114792
190120807
186557332
1265306316
114894699
296602683
587936297
229948052
81004111
1223045257
338467650
217843851
17813487
1220566196
1063234476
14580438
1099157358
147020852
208107883
175437503
27737538
336960813
834178632
138071160
277691972
286869078
214922319
24961728
317630994
217709246
156113195
1002632869
192378571
396945853
163496053
211989951
250727347
316793473
198226950
803226990
373958957
155549968
17210091
244246623
429856209
752063450
287527214
1149616110
1123988017
814337502
375153016
301718851
1102068404
81526308
5520952
29644800
876330686
401008179
233370183
379991898
424554009
891546684
305791304
479688954
1015966772
1024753100
892486255
172926672
1063073426
43225628
1021927820
420638768
760167582
122500174
295416119
166631118
355809231
171699112
191805715
152091541
278151033
566043729
175199327
263804867
384002931
761833159
780565458
260269008
324611459
130574416
801260310
344404444
880615380
285436139
891647551
884578543
343089993
170022864
360624504
184506146
849631483
113997962
831613946
606958761
114592551
605466830
618486441
230624432
209780362
460794563
561805510
292713073
423200668
195951485
613573607
723827312
586024215
233802655
599558463
581183381
296623811
705152629
64581825
166761697
148978235
269483693
424977967
626265762
474867909
211617518
554464930
236490498
165514142
945071413
316739958
21398294
34298462
940280047
320797104
291413278
372609986
344634424
351817299
481517387
156785056
445943260
898413990
70846145
285341901
457778940
108137501
797121834
337263529
297164177
355721895
260420903
251922978
165479653
243711677
382351801
177626255
380957466
312929054
356946685
777061892
706473144
581910832
129590377
287891008
376186166
130030030
398933451
173991609
36717830
801473144
103417704
494742971
788158520
375229898
485207048
373587873
229144847
621456758
211374036
336659594
205562604
55033131
794843982
18661588
196457934
251753783
799596912
54989438
273102948
503828632
244730854
71355299
775021748
781233020
212006153
174502975
358611401
772916372
214146592
385621677
278199283
46130880
91096375
138914899
399057827
313294323
161792834
308476149
306944907
252752897
133417120
354922489
43232377
626349836
373643414
282763857
219760295
597910503
263985382
592881940
17549677
376341507
164900133
572709509
250304583
570875950
596576199
400319677
379490964
600803985
415596452
394839312
144583716
441143069
224024075
168352280
175178069
254098372
137496150
265580197
157483754
228591309
453625415
320794445
349744801
256769033
260852470
348589319
183661446
479679501
386604756
479123680
308109482
508288862
503708754
532759945
73963503
481876464
547749128
514626502
199531651
552132034
356439696
236986475
164031863
560698884
560694301
555684186
569536621
79327591
270983744
389725838
210509836
377688858
185086391
15964377
551522582
378619817
423042217
183453898
274626744
214185073
518756132
245876977
227233892
494304369
414803948
218046836
70215184
164757005
235723504
272078175
310453902
437595701
162891560
327490387
336186680
373539722
490663347
238807707
240921888
298049151
182699056
200687248
252857724
479722678
64051613
208744205
128242439
302966994
485892457
262470710
51581070
418323449
347286966
266105020
286441760
401919765
417428722
180949648
360723022
223227445
219353003
202906386
425112073
395985132
349736791
296419663
360186287
350450101
379912269
469983008
14071538
248023143
203755733
133889199
295223004
260809138
183244787
430788390
121523443
121231129
278143680
415089744
215347418
134456482
189018789
104692821
253842991
427803437
408776955
162114035
300369327
356924979
322264671
371998801
412773059
167950137
418405312
128637475
146984345
165942328
189534066
53852707
237440982
409709948
143958398
13931702
5177541
228537127
95217117
196029591
178338250
235720076
54409889
19234322
297389481
39441260
83492250
58148152
266982282
200816010
216456847
14894721
116849263
300317291
444817720
150094093
411850057
316128502
25566762
320957659
377113536
121899589
151635175
152539093
22209668
295968140
146449129
417850683
203235150
383323804
415065181
241340364
140944946
141398629
148990284
322689365
291873851
412688692
90214403
208721550
131724209
97344485
179770589
321156353
395431948
308126331
135213477
165207366
140960194
87207468
366820803
72325179
407227740
245087607
224925611
226356515
130380538
87028573
393555471
377386123
381144338
51886023
269503422
57623010
405630580
251293595
55926390
281371692
178835920
169932136
58945663
396156444
371526467
224054504
287419218
164715111
154601397
228054407
270208933
209286249
283803186
138436606
41594550
107862900
84231241
120138942
62361763
66909640
74804130
73731440
226414928
140242911
158516246
233943900
252732084
178475282
313301120
202252824
98653911
397821960
387268400
234619972
280794995
149641425
44519799
245925396
259699382
88559882
164120788
239570147
275867452
144604518
79605291
139508771
141368355
204417257
222162057
374851931
15447575
305623032
64785099
65840344
236024779
52422878
17412404
57808707
215178443
392489832
359745937
59648152
393009214
262882998
221394758
142066564
250384640
273692315
134937118
128389156
112922337
44247973
96446223
320940441
196805615
297826226
92670884
334229988
145027546
39702314
77590634
325268841
286887169
177840762
341864146
215655104
323236474
76719691
124015632
285646924
285088905
198009338
373456268
128012597
145874537
300825648
105706357
233690725
72697688
130987229
275945075
178540658
192984880
271598503
44681058
225148433
348007022
195934025
228129263
40205882
263736883
72637722
234528963
264315132
121070623
143490099
293167090
54819323
189589792
311867995
288027117
311996645
165262637
90521317
294972766
284260926
22222535
113675830
225129263
257076586
259576296
77339386
337252277
346902817
16578259
140306173
200100784
136053806
341201411
354469340
258667337
224374815
200506359
359180271
304120502
143673790
143256179
363530604
259136146
104196750
96036508
234306659
156242287
225539878
19900778
37921383
259873265
182181057
220356544
119826263
21870081
186320293
203093566
186265128
340493934
96598579
197517721
147626000
97979210
212758917
113534088
25093616
167091294
133427683
222261166
169024593
102802923
96187825
191949347
33884545
56039780
138978553
328059642
283204407
349552219
215009934
264468102
222300674
68689251
367546905
188103460
244576586
29554412
106876550
253342613
186691270
132679073
297123766
116898571
147007180
236983585
300663011
258459132
221424401
291960024
174912182
235423422
284283395
114883862
305085584
299334912
259501427
177626533
274149978
116307238
161846193
39064811
182010927
187692065
225112241
193668762
158782335
192184075
187140157
110799221
115516167
78380296
190689167
293667159
191894048
87220181
229997320
200767958
135946009
45335503
157725514
52551600
228231252
262061187
314586423
232979251
176836959
185682899
36412555
98708202
168256739
331278349
124353298
142295586
139556944
55947313
19373729
172037769
84219696
10228272
219073294
91731959
170895870
79328169
330233345
330632363
151046032
40255499
251905111
302240132
163267119
98913831
71528103
19570513
201513619
165537083
141089927
121537423
232250782
46756487
39733770
22526389
140542953
24130286
240542492
37792771
48050854
27404781
31508216
167178940
87808186
85603854
60865434
256747696
24702915
104974333
244136790
220793233
167904895
140513962
72344805
43152482
196850638
274645950
199788212
171168465
101895924
235625906
97513349
47288005
294774329
283846674
162503422
150735852
177393838
