376481567
735159471861682176
811339524794187776
805454608588034048
758724190073679873
98077816
49094503
464146153
1944937140
913131817
801878834106798080
786666542708785153
583338984
145489167
720075989112328192
768726162361163776
56886098
2932940666
457271229
783457132653998080
2548722356
1125235104
784145048141230080
88981946
1462815415
596049737
781335085714931712
3435038313
779019480747876352
1424185124
823905
96879107
1222040899
126084292
202274022
1551251448
327618283
266715814
1546652036
712501340983975936
756525061859897344
247879150
322285049
558370022
3400683100
1521717686
3168123472
259612451
2227292138
755441011678216193
2709755227
1944174330
734623871173791744
1718610066
948536400
797489377
750739430558855168
604168537
340662376
429231940
126388327
11354672
33995343
65336010
734556837920538625
277153832
3352783671
259843273
1330242259
1720276135
138305731
280664473
697119223173275649
2912033722
34421926
715004813101039616
1902653096
705487409824137216
704714788174237696
63625127
199169494
198883618
713211527076052992
4164208055
2804037643
4904905281
3240880803
2825137444
719389615111684097
167153115
69572573
4871842817
727009739515826176
939367022
228731911
2148302864
155258221
2844841960
134861098
320488554
595541920
45012573
402117731
321736843
2957948579
278822771
278824679
182059443
703290214131740672
142376657
197833194
3237357929
1230694004
325608584
1255473500
70797067
379356429
242556894
23470777
274087824
1393037281
1262277042
2884134490
271571170
3744272656
481694838
111735201
245917731
3246859578
1242628128
247825601
414473162
744869204
1056651740
289914768
3664661367
1052968567
2826931208
259407830
4194245813
301252940
2297774846
309336558
2279656928
157748163
168727677
130613344
348112681
68908117
3346257455
1615920390
227753394
463373935
3129721462
4227850943
2892992641
2377837022
151049816
2692453066
2891010761
16753364
175825033
334742763
2540694014
2328135656
97138792
3429986631
230565433
344231234
188379688
3398799461
101877575
703347038
190907104
3995876878
412528701
2494306278
3033805595
3866934676
2586832213
464390557
585875421
360028020
3337042007
289459458
197158651
19740044
382267114
243381107
136013235
2820738389
3363075345
44521686
624685133
244224691
1034658091
3298802431
1960912682
2467970358
2724774451
3110534385
3400197881
1321828548
298178720
17230018
1525449176
3196292541
3118913211
45676501
216252927
3310856914
3318419405
111424434
2798288803
56377143
310584149
93090464
3063048622
1126269282
3209793940
87477695
1278917156
1119759354
2364242874
179603215
186471345
384999359
1419031159
99881056
2559904411
584191036
232237571
389681542
1390512968
147672511
33812924
74473079
265758897
152188619
116519220
129582169
848015196
263434572
557382478
2329710038
344961236
1042456220
239864581
2464937908
2606068909
1016663130
30989684
18776605
2781240973
2211405674
2802831359
70162012
349214240
2610805794
2340997496
2777443433
1040917393
2792132670
2784235098
947800100
2314117544
2398444394
2323333298
32189132
955133202
21787625
989149765
284743258
254529494
1299193638
382469423
1489131488
2327832691
1006416366
1260175920
481752013
2294597154
2302334768
1716684746
480421626
2667747774
2201660443
1373142721
2598228256
610589023
1172066358
779166378
2478548160
592202860
449113011
290555960
472134842
492412104
2745969178
2234899513
234447652
326513866
1090382612
863335338
1265133278
398922706
2182871762
2428702427
571878977
31356323
343503011
2191189159
560134362
179047586
452654206
114839271
733130149
2508018775
82646806
1395083234
153644517
19281974
269862460
207507776
303941159
49355198
54387680
1400650819
2474205428
2591776028
255521035
1319475456
891952592
618141812
215272543
597098010
194784408
889776104
1314274046
2500728650
557815293
2220726241
1081917361
822306008
334267542
202276138
2295045973
236430279
2551038918
894739285
228901291
319008556
1891114320
1259722740
2658252996
2254238180
1433763380
556942410
1439708952
178835527
146902244
866475817
166595057
205077281
172581228
128457623
134097349
238205649
69074131
947431411
762790214
2485541059
1450923806
872708983
1952099869
321426038
372937865
2361280939
233790141
2596009483
384590696
2510054715
833556338
783214
65540847
271191856
340370187
180505807
389042865
409511813
216398366
555264023
2287094006
2616028403
339018570
1167554780
2449755156
2244881296
135441589
984077684
281331229
1187492611
2214954411
116589017
635176233
770245976
37717733
105186569
87531731
59714229
15447575
142295586
138955158
135955550
142296675
118292510
163509933
149352861
133681320
138388408
149383579
155549968
175114792
140513962
164705988
151046032
174825461
164715111
164872539
260852470
198666634
199788212
176836959
183511621
175923047
202906386
191464871
175206158
214757909
183759138
195048109
300009845
223707073
229578348
197527048
231128821
278691481
248014003
200955793
468586302
703580100
311867995
1602218341
341160736
1147019574
884556398
466966076
1543728618
1205123202
1926869120
872185597
391587526
390220919
1195463881
2221931062
344129966
2409683900
381144338
736947122
54009438
299930785
2292785371
108783226
58836528
428457089
170834664
469546070
2466681433
1906028466
1123590236
2297823301
1958569866
2538320516
167215976
1710291146
2478434213
2180766594
2179872962
340287514
547087571
319148114
275932239
34027004
213371057
191403687
238748713
69538323
1686790926
98729265
263847272
464639904
589401636
252511491
243651113
221769997
96459791
121291942
325756456
58535652
1225200452
293597186
128921707
2512930062
303309476
150097805
456558476
2396193266
151095180
2288369742
209255840
2203021249
2276258911
2466666534
594156345
1654783512
319082495
1077779743
2531624977
870238358
2318458664
570095545
1243935007
2425941414
393416757
242916684
410744414
2296435987
26041011
1553972634
35683040
136372603
2265511669
312148756
2330679384
378253705
344204588
2406419022
39571220
1085595140
1674375942
626955604
2230241166
2534013235
589332942
306033802
154652233
24358250
539493397
615360699
1694041999
1947628230
2501909959
601042396
898135826
951990583
468764739
885597565
900701538
495086242
75931520
465873743
933130836
367282490
444301972
313753443
1118589373
739502515
2443534624
2275208040
1270243364
548850667
622257982
1007960136
987342132
627330853
2171002069
337862999
1938069216
554629512
193475569
610521725
1321182901
1716974600
205374358
2377699982
223752663
195382822
2511479816
1616006360
288328973
64904933
2465010512
2467936736
2384968284
2303681647
2463186445
1729917553
2184841976
2254825729
2556803225
37848583
82509977
130684475
139986343
596344490
595211619
479809444
1965740845
900358171
185502526
126654457
574866262
1191466099
1432114224
874362817
25234311
1887456704
1641120872
886230144
624556771
1959586644
523060215
137123859
420868037
2430936726
15606373
2495367817
1446896970
2438551246
463232447
2229736476
2321297287
518464615
1015230234
1409099515
2170317884
277547642
2470710314
330283992
409469178
218847307
481700882
41431123
559540556
323514230
396988769
74622741
218837319
218922058
305852846
2350727587
305759370
1481125170
218895162
365033122
301591469
709267688
221442560
2337563804
471875378
2284118570
1491784338
103432674
2366953786
487843424
1167413821
38652873
329408729
1268090160
242796672
1620869582
239189375
309218361
12569982
281625212
429117964
296239551
913508845
355556650
2160435593
1541495900
2336173154
1553828750
1131604519
247082495
267577250
586719909
292042032
85004107
2196045074
1267939554
332243015
223304073
1689468404
2459568864
240009788
978381134
203070991
575169882
190689167
144748040
1393796970
2204920100
18383434
304526698
167092925
150920918
113136430
147708042
2308737135
2308737135
134985522
239186984
240709764
310006986
2248989025
2472961595
480470444
208183126
1217362326
2194374963
264219567
921094284
2434056865
937723844
431890448
195358926
1707852025
1242091075
349843908
2460219531
367029847
38038586
279700648
327499066
2151713924
2456590785
1058001157
573380404
972767558
1858760508
73201892
1625700270
1716322927
2169505449
206764331
772670713
558102939
2293932576
234641829
46130880
104974333
40445356
77694285
185687488
633698209
394698136
2342485034
263866627
267158028
193895526
537328980
1691581711
2396930252
2342172302
461598199
145475909
238475531
1648836541
1924874324
1146736561
1679411972
2298761844
1923367386
2374910877
1281198366
2279868816
474308110
774202543
2163629248
817397502
2280119330
451388266
1209756726
401652894
130865523
225178805
1542191372
1525256700
1117140031
147284772
777064693
442772750
2210883218
2205178333
1452404270
2331199313
1106099533
483433466
758241776
193383094
450956629
2343590257
191090099
2191564322
136272032
2294904390
312480410
1045053498
240764142
265727516
107118834
1713203982
271524726
1633542588
47693072
128601914
961315538
898684074
88559972
567596230
295880781
1580810281
351823558
2181173423
164803945
545497664
1415978227
188823982
144077022
236180955
1688919756
24988227
99192397
155316922
2315498608
134397052
156399110
208911269
1397576286
765558151
1093813626
1633839500
1932113742
131629971
195839897
88681373
314625513
182852488
263393738
191639063
28201743
1965539497
41609143
20609955
145662347
173925293
1511390095
457127043
1150247370
632156439
144866342
168352096
21895095
813470966
307002326
232380502
1486295689
35514418
144049593
86584390
67618752
1398633798
222525189
47491330
525264466
133184048
279589406
235310262
947957610
37508518
197449499
473182085
1586403649
1615885231
259410964
205930411
197185331
2282998736
1646838488
179276513
371412771
266978135
239164101
2229544883
146232101
199560818
131576801
1205617201
832133460
239428198
187611316
1426145047
80320215
256627221
824705958
22576902
855900102
1138540519
785965878
188904733
411253086
27737705
19380829
375369761
19812133
1225014020
53469538
374566794
863640985
1911684156
219889402
280672148
1823201
2234665823
1594970798
803367625
1694957305
1549368266
241282547
258457555
378805054
1592167124
239050704
1857781232
2220970231
473123904
9974322
245388749
167403465
817723177
303913552
937096382
731060616
716948538
131533783
2176990327
2188026250
1472551812
619798818
2200497936
301640427
568736930
111333708
20616055
1381261400
118108910
221098826
2179293884
602174515
177269632
2180145241
216591309
705194851
77003840
94103414
434911435
132653113
24693705
2179110228
149217919
596099002
151198065
186923446
287377727
210148155
204198030
10514322
245904031
248563144
1183887576
403877132
39478848
1374724310
23976386
55033131
146985042
18221058
842316985
140830740
27711339
75916180
196795202
17029979
19661294
3004231
209708391
20823773
539462986
22940219
62591415
492430426
472460889
370699543
534786383
462192055
325656930
164927126
253628616
1118563368
140960194
1495730846
182098987
591871711
21447363
177478931
854734256
117109734
92637856
40018037
1457233609
313631499
1170517807
423059478
371765022
7668952
22324918
287711837
227061148
738882930
848013590
397614655
71028751
84033646
1481270780
433514094
537439257
378236531
1311092023
250370921
2162239656
329840383
1864831824
299270846
28641033
1195894393
1158987338
166996572
946032374
600998629
606732183
371025920
235663492
256644639
280217458
1219833384
219012622
98889393
1616700763
1148786814
1947971558
284148966
1360812242
490807097
193400259
386272834
472121062
142052601
543524920
168314627
245016267
1168444356
235671811
1408119756
154565337
308842322
1399969483
1028810210
1578082904
572522083
1137960103
1849759129
510930627
1016696390
180224548
195116645
1852029452
1488649628
89531486
307636580
337999640
337245635
187373440
556152909
1074623918
135277905
1389681607
519554279
375861459
1083499874
291773990
175553133
283325190
1356336122
305061728
323588250
106450786
297634830
273076622
174415993
1398755282
1697592158
1403884568
531975407
213011715
1164338792
397491670
1083773101
35688644
94379906
169629294
243673628
1392666852
288528334
1633166424
460271173
1431044886
882246302
83174214
263726990
2459371
1513940504
1629483914
146999602
133981563
81289637
260777350
1554084998
1134240727
1705109616
354106515
967163238
1134224840
1683093594
518245069
1622049972
158825174
537942820
136054913
137530447
63083076
123519239
935479952
954518912
179738569
941930306
468380106
299945621
636003684
1118511894
161555269
590133904
434466344
617763192
873523224
231247572
1611506467
525919862
63627909
455051657
1265021533
1436640931
1424414372
1050960636
182828634
243711677
71597234
325321943
301768053
278714919
65528172
14872237
135950294
187059988
401551293
269069240
1535610882
868190528
1229873828
110608919
531425904
202792190
408230501
163242091
29206074
48212295
584290563
5943942
296831568
437636228
1634258012
90836187
373756651
136251520
19395504
330170319
376452095
16365636
214922319
61386916
126348890
584365682
45013575
202980278
342991010
124481401
1141848870
29236616
138505894
71928442
797407728
303898270
870760212
116133822
1391068226
452831938
33549858
522745341
93942223
301084643
559965259
1523514918
1576564890
1083803784
451690258
1268038723
1231578109
1483469220
295849851
1541317272
1562094139
282768438
1194147031
971023513
409365486
1134595680
1561056824
320460377
574591650
273182271
602123332
139824862
819916820
113441016
27260086
1322560309
229594282
781197048
130997878
162125750
222653541
551039771
1263007837
458828779
130692488
416797466
1480453009
1308677785
231182630
587020233
222145207
269099299
218550875
165871685
757121448
312274759
135514581
45580261
131208675
477103961
781096219
444940567
17891624
1272834674
280174615
327692638
326616053
311850048
1490805432
230349168
150984439
248450035
295774704
15957929
460857249
566052751
72340754
966725503
972651
819660612
1451559326
171211605
369779016
430134528
72325179
231713030
175437503
1332079694
242403628
167531433
919562222
258945965
249060363
831760087
348565877
547222218
436795156
505076430
1260336325
336839304
367823696
1362847130
359647586
1327778305
191913797
818805026
1397848148
779509123
163221375
860505224
157440213
188965922
453535270
388313534
15687962
216491853
1348082443
570943426
38325080
309339784
1325546166
928596859
140457052
501440873
233309923
271710335
2557521
1123214365
490516017
46502816
235599881
15248067
1018530788
1103074009
921519337
1056729385
226041256
65913115
352371669
43152482
15846407
249813704
272152861
906853309
805670130
468220612
360682978
126145180
962737249
347492967
67418441
1186498460
858767221
148794487
807095
14580438
131677165
627928094
178473906
1062318656
423871265
971250776
180463340
223010356
1305185646
227320138
108203246
384153510
204840311
264200846
830311657
801736166
313587802
609734284
128955581
42479903
14120151
62536844
42661739
413357256
1072626240
834281252
465855867
500704345
473347939
538518502
163681322
564836633
170528373
321503927
205968192
162900782
506323682
24285686
119776110
85788068
142114827
61197254
240389001
822320851
387123876
264346483
176636286
151769540
234569993
423588710
339059495
607708941
282794675
376006122
57771282
961421665
322843984
1107827971
906644893
507927630
744366564
844045346
1135325750
181949232
921804180
235676879
996249044
974705870
478754350
575841639
857407884
257554752
279768188
882582638
60661915
559062912
400931576
203232201
402756108
1087619306
516602802
16228699
158897840
498260842
813286
522817846
515934765
232475459
276981324
632079802
612913138
213763476
104846297
636467073
236864134
586298875
764800237
743593404
250980126
25410548
322082897
74807204
1002762997
718560481
189210784
334961502
141219232
186950185
49133906
267858097
138063805
440992266
130960328
111152411
113294334
929743298
182694692
522515893
21694413
774578119
733263901
135173107
635912759
260540051
15212604
132547612
131375346
144889418
605805760
239196350
112757144
397556599
728472848
298027535
148759599
30549707
246112803
545469601
147778149
196657759
234354167
29749448
239484812
238375442
319485952
271229052
111416958
130987979
395383607
40255499
120435116
776412794
170093314
356526048
268473258
150417444
467531484
447288473
440254793
599755076
165917027
182459441
211344774
304096091
170830280
143943845
159162810
463141836
149655257
440583700
186523313
217295030
555607933
483197476
202353228
389079021
354139464
202953417
89782785
128668358
49174591
237095289
552949196
198433982
834052819
551097364
559852459
516982999
344275981
306464058
4101221
712541377
358317485
101895924
159175408
540519665
252884601
231463914
118840509
825854473
306582250
571010222
109475538
213404291
172025898
590307421
273655112
146642493
448041055
204825315
398316309
31239408
358844013
295021176
246839553
175252654
86867494
100277835
208293949
21425125
217448503
242338920
594978490
635085623
123057032
65205231
766452498
320285330
79327591
24702915
268010773
202782111
724331239
127566622
167421802
431001230
238227894
381140429
64340930
454132312
508939851
298811176
113771891
236314503
108310104
135368352
248878069
273789601
129853307
614454653
708032976
372426200
199023707
81691066
282586624
334154699
140922305
240859258
325191251
226432158
19900778
375932513
627827996
118103719
307071581
236401550
539590944
232144384
188406736
175516915
214924340
68609111
237585749
64505519
419167154
610408930
273129515
214807647
539501831
573997641
288099673
359128030
606378376
280625835
516830480
599044965
19315174
410163657
106143046
20155071
16409683
219019984
172374477
537717428
145326632
471121843
105270431
200719789
582837875
308918599
690623
347420129
218626985
326410805
246429969
358450312
184520834
500412567
108740292
296252209
580086971
598971522
556127630
91454746
35268925
137758278
127968593
583381449
247622668
179377091
556410570
76529658
260814047
38185503
207976895
95715393
254274083
154605679
47288005
65186457
141666777
140224526
164336294
543806322
92670884
493240583
556985173
178923222
353194464
95852086
211028398
322847441
249325939
515557365
149966243
250227837
404248454
26182514
467088095
418998558
218674044
380569832
430255183
312805520
192945606
499225548
44247973
403157354
280159429
163542410
450163900
509160925
262000377
209780362
202589958
369198132
98286802
306834787
59870237
525971084
242413984
271175437
175419025
235518841
240008178
244487578
283180628
225054586
196293512
155388951
361343242
339631004
174298035
465326434
480616855
64051613
16886390
364443057
41820310
375912043
185344640
476454444
71026122
353717155
115467477
376997543
231967403
140681526
251887080
210888774
158196460
330021348
463078486
42712551
373539722
339825200
16674500
248497238
135697779
486046294
177639025
378673692
351757161
399096866
152142811
36751350
488397391
102585022
22952132
497678678
352123424
185287304
478158437
43808620
263494686
353971127
215003258
127945804
149652241
398074209
44656301
449223859
473489429
240167643
91286393
85603854
85363862
266247054
57333011
430219793
129624692
99518295
21086750
126760901
85426644
174336430
382504121
13058232
12925072
171166775
145532640
319499686
140175450
57037685
426814561
185023855
261957598
193784225
309154970
165942328
286062420
189750974
325879810
394306962
409594784
92091451
175096304
169781844
262882998
31927467
288677807
256282505
203292601
359707035
147670806
314276021
358445506
194327389
234893497
406744818
254275716
305288079
200768239
250236331
380556794
347344077
124061018
344173937
366730485
112757459
229620521
37624297
58947222
167095344
92776344
384919326
235286444
381658464
288405888
176832220
390841272
129830210
205562604
148862570
238181714
205813968
316781217
176627249
112905937
10228272
369013687
36916922
323252255
159254571
186301266
188103460
271468136
347324891
216429245
380012146
355620207
138099903
360081950
204406337
344927838
245503605
315585961
74866233
381766129
216440126
199026852
14230524
79293791
17316914
306288988
99549658
317262774
202282454
135401453
286538650
363692053
282231216
231873188
197318098
136214725
357124148
15601012
33731638
30973
277094955
20536157
252692816
339252764
59818208
151673924
106538753
151825141
376857726
319296983
198308606
240336710
349717539
118999525
325071764
97065003
145779996
264202063
357002580
101788047
270099745
279105297
261022029
285132695
161852707
56716207
154138706
43264216
270444093
78380296
237831617
52169920
222231985
125733803
78465034
277359012
239471147
258642148
219666325
337779762
94009674
334452645
204673313
253717734
219497196
331329417
323624539
82629642
91361382
108608466
77792947
329754178
161814182
150008859
298638577
273692315
323243704
167420090
142519598
182181057
185305650
275514297
168183147
14369839
24748345
62573615
77786701
238807707
174940175
169504563
46919513
170895870
285124854
94426205
284169430
258468841
96039232
228232404
139934982
200252830
170883433
213138487
306439596
149303221
67665104
248877722
115516167
136476447
152100550
182010927
50782772
52124399
212005903
271081165
294328140
136763677
212010051
241737255
240000044
200265700
26649051
66491566
298353614
175025392
253283916
244136790
197642500
184457107
274259338
289410114
102465969
191949347
265156145
167046714
281123516
269896349
191872261
147955162
183661586
186557332
147020852
182225130
161792834
44409004
235625906
249988425
135771183
135635793
161824863
172094189
139765104
37580930
270755199
276640903
235672611
266801190
264492552
220054110
179787317
82985256
256747696
108959253
171944122
244246623
72344805
63369209
32420070
167178940
185658756
28058878
217843851
136032003
14333756
12325862
61844201
47384568
24776620
211651348
60759084
130972964
170343411
119361204
36483808
189173224
50751556
72900795
8225692
202779862
203093566
40621746
23605048
65432405
170028840
95217117
33884545
192378571
128242439
77010454
129973351
79218920
153493818
74042781
123594658
128937967
56039780
161775175
97513349
