161425305
253395986
3440218353
114219311
287690539
2869601399
538407602
297039501
2233984280
718528050514784256
1088207396
330705266
193041317
20565284
553608699
966204836
379408088
2437244538
1482394435
1368020239
9734612
75916180
1020208705
27711339
20823773
14583400
18863815
180463340
226262972
255773815
213478296
1375736322
1345702333
202782532
221534863
108361327
1475488394
2308856259
113343866
281716303
108512521
256306989
3401861327
281579408
37599351
2751068705
3118916925
58244743
1338233479
463120226
2905279168
816532916
1244325504
18173624
2282671736
302276389
2272861032
2180163722
101611841
234837312
2392675136
133448051
295416119
110195330
109456412
2428406155
73693918
201770926
606070639
729389672
3342934864
240254671
2495199115
201881473
396126027
434354380
152734803
1102616598
1876540573
825644322
6656132
3319112079
164728123
17512274
3007938286
3337874998
237354846
125988399
33578424
284944250
1132112545
1667890820
2594949866
2979043750
2370533838
1725872756
348823142
174723076
531789353
337509504
442984214
166369621
551535973
1315774969
294346884
2826764011
355210658
117741785
1041925698
133051204
123681659
545497664
114570540
195947234
89225092
190226598
2763207678
2149148990
419750703
85659017
2784105782
1976173279
2473170019
69099918
25151374
211918976
169686021
2880073185
512386493
2319555152
2862942629
219145796
268361752
324421611
2442901376
299918176
51239707
3252384653
2415461295
111429630
1471068170
466965150
1117317140
231783118
99136051
2553102601
308677667
3342758398
110557695
145504947
2938970123
790318040
2451894367
906834506
1277463265
403533781
76777454
2246450720
292092669
2178920792
468750705
50780782
802939002
347344077
473347939
247779151
144866342
104538011
832174464
2790748504
336140672
178931425
3092686822
329407983
66240539
1365457231
431838129
176945842
282194090
832443350
2202996331
84725174
2729815936
721559293
96131131
163967603
125170371
169628364
16210975
599522633
2492122184
1030818542
37494271
1322934925
1563379416
257695242
1444730845
2284213807
2385578209
1610646036
2742787710
625608184
150649182
209167384
197063222
2798288803
126142153
1570939789
2981309913
801426762
733763166
457347159
42933426
259612451
275186721
38863427
242782741
34119937
3179669793
1246582488
542059607
552758012
166791646
1312222128
520938512
68412310
95955871
238475531
2836755090
349340391
395585075
21712038
47285504
2715115656
580097412
3063032281
556152909
47786101
574168493
291436331
1552230792
624056226
1099716366
242412046
1511477702
304596944
14872237
1640169925
151123001
3440191
274019220
2512716055
48320268
3106243462
2485811094
194318384
42244392
830495870
103550181
309133460
838795892
2216867011
2435940931
3304212419
38673878
566676282
3253756706
167781199
2693445744
360235410
146608951
301831339
244098882
14885549
948683648
11859822
91478624
2365610757
19583545
34613288
14573900
22910295
1489703012
355935638
1373212712
1136561982
38164846
2813712709
154557577
245562230
970695534
1610558076
2660603530
250227583
2603028468
87331481
28665877
250960828
125819369
2687959695
1110018464
1576335277
2487832047
299693936
2417228712
53585111
718625752
100006033
198716366
277153832
363961928
1016696390
1931811601
3158499373
116270039
161604690
338995273
2938450378
491355440
54857969
546103238
277226519
2426143171
2482350949
2466502273
3316302683
2684458159
469773045
2285622972
142296675
74426491
311867995
2492320292
2409683900
328602067
1712769492
2221931062
833378442
981788862
467413061
178877472
990036548
171671469
106450786
52585854
16877611
64244685
577500814
145739854
175863618
1578291984
2482802288
138265966
164715056
50136372
467775286
423156191
52558480
133681320
22266203
37666100
190737799
136033136
3323479282
325652787
45013575
568683180
309340221
201352564
1704998570
973277052
307807956
2178230389
575565118
84249568
586950556
14172201
187579374
15898172
43509357
49355198
252274577
280338555
17348224
109677490
82978967
82652901
100334672
319018723
318571154
1861240566
166635445
586652870
243381107
5943942
74594552
66515223
17135313
74580436
16807528
28201743
35762475
40076725
90415857
1012467841
208273358
177202638
316553700
102659037
2726514927
511183393
580529615
21111883
23375688
17919972
153694176
34507480
268439864
254830969
23497233
10228272
26565946
184910040
457554412
100220864
85452649
90428011
442209771
103074420
379911422
14299778
128325965
14638581
201821705
2455553011
717976821
71849134
142114827
217847294
281850746
3024433020
1389454866
2739852153
13948162
362583379
134544889
1565326783
535763508
109312021
55324845
583545411
1058376110
2610985152
2842254868
961766004
169144381
2390115776
135735811
181199293
286390030
2939313501
493985399
126464987
294085868
1236969025
155993419
903073380
531322850
3298239136
1857637490
160600484
198318121
85426644
2249235943
73431867
2153595469
533423180
744008916
116932581
70031747
290401936
1014384037
214312078
63376202
53106875
300009845
150678850
185346573
51658330
40131441
299869390
494642170
3056059539
71303860
3130731453
47693072
3153929027
592248104
364525918
336839304
35180383
529691970
1551251448
190706828
69313350
88124686
88950878
3306557691
803609900
109939365
37717733
962572027
50175405
344130339
314789765
105186569
287277445
316943795
151605789
118292510
1128545850
437133883
276816677
380384325
2773473825
758018856
807537800
322364874
163836684
537529554
359647586
425282326
359623534
166039630
142950486
277823156
72378139
2895322300
173634832
2537426221
2893629665
3311989689
366592246
268400722
461922813
348939569
1432977446
186386857
62440334
1571217913
838366934
943646011
53463972
2900674173
152891321
301864401
223283197
270722657
296686418
135955550
145007978
240776797
635426680
492680819
164872539
240786054
211754259
2580447707
708106117
390285821
2463493831
517589413
1101370176
450724632
355448054
50655148
2872440381
476875939
80281006
17572822
2786959013
227390518
80444646
265902729
108568373
75684101
713993413
39360648
1903382054
287029259
2149683295
2318135749
2167691497
2725646985
140185545
71971374
91676535
353943587
858684494
174361247
199978728
126418880
215138745
417402628
621199163
152987149
199023707
750444343
175044990
133860926
16033623
281220103
190700824
3124447810
713599928
219410605
217055647
3032826521
239562878
112205782
2162115302
2359639584
2343673891
148516500
224348290
191975039
2159356184
64083835
634793964
315931130
252176459
2468767594
2902436622
456799145
97190495
1640533620
35122163
159113258
17461978
34430522
15973392
16812787
35982046
220332032
50811932
1059194370
16212685
35936474
42384760
53853197
19923144
612792060
53643297
23083404
317370751
1703636814
42562446
26270913
19263978
199292097
268072514
786069818
81062326
181458855
101823090
283343848
30532537
2226312997
264265801
3179315010
1567372633
1021694605
1546929224
169048195
3146469275
294279563
635453194
150003563
253755500
317121087
21017888
281925277
491578273
68750894
23060739
809750448
18786579
149383579
214757909
140960194
1003023973
391587526
376271338
252884601
323243704
14369839
142758895
185344774
1037993712
275178249
132547612
198982294
145282916
472416515
2559452162
54300756
1405180146
306334354
327499066
190057596
2837308158
2282313506
510865763
306922362
138388408
108488345
466966076
2890130472
326177717
954587713
285258447
83475430
2512031618
300582693
59236963
126654457
35726888
1643762905
3234022441
984319568
286869078
326908440
794900941
1034130912
245972999
2742374360
66436490
314943793
163925931
1646515322
3217557147
2694414438
123355219
1482896646
337862999
3168999588
3008261032
3224733371
2734221783
86917075
241747585
26585095
15513604
25073877
145507674
277180205
65186457
57912874
218194726
1148302248
406744818
400937783
118764786
316574246
1297142600
182763517
2318196277
1018267116
556299224
3073236250
2892675647
1074297002
3053275581
361814092
485137059
74705029
86962432
25410548
191118351
36483808
69413371
67365132
75471786
44670915
153433497
274848290
231577324
214807647
257965632
29749448
95715393
77512825
43152482
55033131
47288005
45580261
77694285
40445356
146985042
72344805
105270431
56039780
346832803
15815700
195199664
161775175
28680673
348614284
64944344
69101907
70822545
486075780
78132725
297058762
14989672
2741469299
814486183
3095183050
172416204
1328099724
550282826
343013756
22890422
523536623
101897382
2869122575
2170653103
69074131
334117664
481395905
2540699294
141923361
193326295
495384592
2332832394
105244226
376302030
2297987072
553236330
134610969
1422181634
490954207
3044488403
167434200
3018442479
533573263
1308559987
2443236152
310613831
121886027
149678357
220141191
169608784
156826316
133951081
2215074883
1654643928
2914262703
212105265
590278852
1279133588
1242879906
3090642855
1086340632
181300983
61409113
318319280
266496042
223272482
3070989903
593862367
567984036
3046688379
190374635
2457607411
2891788979
2490751225
153492074
49643444
239264158
553644583
481752013
3052032673
469808946
18438022
870478753
501483043
18371803
79758113
24342206
703580100
377911576
554583945
98765275
57778499
18307793
1126867837
807608628
178117805
314792669
180821354
539004555
234053160
217518231
74712538
27758112
27760317
72900795
61844201
276510842
237435568
234161597
231307908
240002071
198723699
207316164
23812140
962737249
2856282434
3070420048
80688967
266081173
2691231012
489271454
147973743
221877935
1920286645
172747887
3198086526
62930111
134517120
51008528
759823321
268270621
543794957
15234657
718167032
17610785
67590249
105297123
58386355
159145650
441227490
564968215
98199633
1594565035
5177541
510834570
893500772
2866223687
2983110483
35541975
44554692
60661915
435299501
169279319
520653311
41156599
3255700162
44763162
44763162
35977487
84613584
195049253
2949295595
282763136
74631384
244218738
250419387
1419812791
873872808
253508662
240714255
459514317
1195051111
38001497
222653541
1960613304
630169165
588693341
366520644
274805972
327887468
422201803
886426412
1147019574
45644351
468586302
1445077393
1006701828
606211203
2330330082
452155423
138372303
1638021792
2560881480
2326857668
1469402426
625593977
93680677
8159472
549435714
72325179
369779016
2541845341
380569832
182501483
182330628
167207533
35075352
217493607
1222060448
2249438515
3153907451
3057605987
322126448
1846234722
1613095693
3239225673
386008407
558797310
1389999588
236347294
283364230
51211011
46445800
520024203
351628073
3189647229
149630410
112523709
15590302
838352730
2495214973
1265260098
487964326
108066335
223707073
111416958
55023814
39335610
107107799
44979747
111076225
15591680
1884163806
1358190091
24920669
60865434
70443471
468668318
290078349
191088059
480782173
227405179
18248645
143672012
343627165
7996522
29479000
19236074
2341412985
789605024
16808626
14727959
54283678
140070953
423384542
145517924
273538402
3082447282
157981564
102700680
25098482
169963553
27860681
14499829
69231187
16153562
14700316
14159148
18730977
33933259
198554964
217995819
92622085
277744592
27175203
69191493
119776110
2445049166
247407535
1977445939
2647264892
36699606
295709523
220983975
1354587091
969989642
3027361180
2437697388
107889570
142532674
2712802087
55032392
3172425927
294992050
426076591
152036941
6446742
199334022
131251648
231463914
151635175
54389843
15095537
231637184
221958540
112757144
24748345
159547415
36490059
348632196
59714229
200955793
175114792
151046032
24776620
262425890
203093566
113545332
192378571
244616510
204998743
38038211
202782111
227475065
7996082
214740111
141753382
147443195
272106447
196657759
50013632
35289042
175206158
189173224
17815629
21514980
161735807
200164223
43665086
338798959
202779862
230959235
145874926
6017542
184457107
174442576
315377387
119588510
220054110
189628123
182861781
282632853
131301812
161816046
183764200
133477784
351822551
317888472
123462602
168523229
338667650
33958654
366425921
40543652
283257268
256085318
270715755
109646676
103733189
234812507
300390462
233663589
492377646
51241574
398848145
386160392
204198030
164033062
1228345010
46703236
260420903
301505535
1671358760
610449351
288551809
18079284
161824863
370315488
328715511
819727472
409594784
202282454
183661586
228870345
9633802
20849512
170834664
303938461
194261624
129577181
206724138
128308291
1617907476
223838707
573808532
1689119341
524501029
168336607
352179845
403039302
129948408
873065394
926316978
2396731321
297584962
218708666
2816119311
193144203
268325799
1035730039
150924937
214515564
208214385
120435116
208128256
41017936
247622668
2239233709
6135622
774631806
943982088
972139387
207819013
541370431
248409578
244136790
67354601
821206428
287768886
525927578
205930411
156545066
128937967
273504835
104354030
208142856
218326688
185658756
198960193
803031794
64912567
196448032
181721881
36050391
924418520
201983779
113810681
3121494165
909332616
3294460401
1195050816
933424016
3094944120
2752484214
1350908648
1301512446
950957184
3214215155
3063912408
3063964609
28058878
25992212
34140316
69416519
33989170
90558638
108384285
533202479
275115103
93131556
52818366
94166168
180733809
288333760
259925559
1337785291
344634424
57981270
90227660
57986415
534786383
454243911
26729931
219860628
515869169
170479559
325554207
185837232
2455821468
335410379
281302673
947065093
2626836397
270627522
3059070709
18804479
3192773648
1242212054
265982289
140750163
183387449
69796300
1087486711
285332860
5402612
62453566
167604665
18510558
91488267
15317822
38227815
20673048
2254238180
1083845100
31290887
545036484
147801252
1656575280
2694405102
2549527577
87327779
627673190
280701704
96951800
58531272
340281069
2158159202
954145213
3028859955
3247034458
505915529
189850197
139092348
205011496
351921957
569358733
350118701
313913938
142204481
172782604
273984297
403580183
266871489
426738834
185827887
136007061
2239961994
1323368180
300279484
224223563
2533070650
90836187
344801362
102482331
209110979
388313426
47647053
161705340
42434332
344993881
158487331
213745334
112764971
446450358
56728617
164132081
200267797
6015212
15007299
197642500
1228312916
308115043
67634114
17485551
606582192
235029658
285137536
402792488
348514673
202675636
285086862
114799838
212968729
2739226330
2978479216
2276303300
260852470
381238517
225643965
2521437925
212797587
631865146
306843307
1181424648
315505313
751891178
1683015180
176479853
716965406
2425835396
152113136
566033855
2374805912
266065101
3178655926
1061998334
494386072
177110606
205568127
59794267
52230540
2338785109
729006852
31926657
169133370
1355960977
108998193
144184861
3154434332
284026066
872892037
517984915
381144338
2978175605
334299056
2393423492
195048109
87531731
198666634
390220919
274583401
3189133486
2801454765
3109403091
43623854
216863016
759623490
78129411
315585961
1004826906
361343242
17814938
291907932
137783526
595653152
973311612
227853062
305791304
2273522234
115757192
363993509
961040029
101981977
87340114
59604266
110621588
360854858
2903303944
1660195272
2701054705
451075784
205564339
120256278
15447575
161734463
3165977253
192732004
3130690905
191663270
197932909
3161543033
377191852
35705840
2571250645
1853091926
138814032
293620618
2916295457
92569561
19624977
25409162
120907945
223624411
3065880717
608326050
87037686
391470461
69957918
71026122
135021809
26787673
539501831
118480750
2200335823
71943222
196761283
501129196
145349157
45499590
1252618694
85465281
274760625
146526833
972767558
164715111
163978358
525264466
8225692
1960912682
95217117
118794370
18948541
273622128
456186168
12569982
485972717
1024365918
355577999
239938002
946032374
419890786
2457143496
308576025
95326483
21237299
160414885
161819331
2241666912
193400259
216807756
939953419
139818493
73623870
179987182
98717917
175437503
360870858
360870858
161792834
350411337
342949888
326513866
1382334390
365860744
40974469
410163657
108740292
1691387581
423687132
2795203509
92993433
237286607
275140097
389076636
14894721
17813487
22952132
34641036
25401359
26297176
81289637
382254928
152142811
260894276
221941927
267271723
232163874
882582638
274703361
637149073
239484397
545541525
146526833
156711834
67693913
240447091
119844526
242448965
306245721
1241984528
60954521
139727749
358020200
487194629
545416010
188457804
197095948
174361486
2985029278
201697505
3082776021
475977728
342969769
325635790
1620869582
138228579
343581664
2977427205
332638587
80096621
25399731
2676101808
1905453194
97056406
6301442
274259338
263760525
485259990
218549276
96417553
343083217
226310818
493520499
287517062
185743524
1020182065
102164760
