789183316607967234
813046967702089728
778310882203996160
127952545
15464642
129348511
4311991761
2287671788
721064342
2927879268
66190349
1275221958
281192924
305058336
151825141
974940085
738469551122358278
99741780
3468597257
606349760
863932453
175447500
2970934120
14825344
3152105234
3240804965
1271176836
177431346
479809444
1315021046
45696879
67104464
1532058048
2524210554
288849596
1093189939
3374853094
3317827966
237763374
96187825
817988299
276715521
3124768953
242573598
261788704
3012897293
2549316808
3140816470
163684685
2763663865
186642751
1612152548
214915082
125452967
281225331
583967687
203441270
198718136
169129870
129040704
242671846
236883369
63369209
2983293297
2976799853
1217084515
181353068
821543684
144889418
217843851
289766480
167178940
219116075
2891130580
331932654
2860916122
62904042
2735727940
606805919
194736570
229152214
2268821313
193428516
227487635
2731222354
171292260
264977575
516830480
467565022
408079526
398366539
2597039491
176431526
2360106180
2437492921
206074386
142686421
2493337735
624329322
1513934100
460226582
2293592490
2428158590
1653746712
40580267
25744322
2387923914
278784432
2396992988
445785857
340360210
302891604
174279908
2381318140
113021640
325608584
93663754
216441635
2246100098
1569146540
326939683
2166045109
900480973
132291106
281330536
304011057
179791239
378083403
113432956
565752595
257360844
227780982
223305391
263736705
976659804
136082892
144957594
267367781
459879966
424773548
201343747
772344246
423144465
144595089
165200504
957601963
265517472
242791137
1584014450
78465034
256404031
174264157
166358265
386168684
636467073
634196301
234635616
212303661
190832412
265546624
748720735
264237000
129925143
158024806
288776420
71975507
62897090
428414990
224856646
1325589822
250830051
35638705
379885136
135393154
149671824
289066140
188934205
190711514
41035747
220359497
220359497
769440445
1104873805
109766298
175743444
231967258
35432753
394390044
192257979
354489605
614622748
273518818
1319367937
827238253
47491330
1225669754
538442287
308039016
197269456
1322506351
138123999
138648923
278175061
254131893
214348776
228490549
154660087
44796766
237165923
36978888
279147272
226007697
426963836
20120040
150019652
170425150
1182045043
73751430
1170070603
1005399942
210091374
1257912336
196319177
267161977
143501571
66707553
1125952592
958183296
1004273594
387723615
111146109
155444481
150026433
616471292
172459604
176595256
367851489
135234468
154360794
209780362
1012521918
229749704
1126671848
727175186
101691564
1179750714
481341808
929041022
989845482
189387541
272751554
129945582
272216028
138197544
172562810
212167990
157236694
1051551876
1114804327
1059499681
275627749
218765370
148513917
495058135
118562822
337551783
168252241
595511693
148200530
231071744
566052751
214695156
395367909
157205699
131560571
99242556
238075342
133048262
112730701
290183244
290183244
250413668
246630131
149259812
360081950
186923446
280367592
935777792
66385167
223286901
346058149
407105950
242166318
910922814
79844748
254167920
351133359
885205519
837982392
295724116
295724116
302192076
73519572
203232201
132337337
260891995
801736166
850065108
387247116
836751056
163172314
243980757
226027456
234887326
627241745
308722251
278725466
87491816
349729764
450982091
180556497
632712685
626503803
425313276
232674246
397617412
438142718
774085230
267268425
272564886
170503461
142129036
142154133
389023528
124673879
93646686
89471614
241552482
419254097
613522222
302403407
202319736
172159024
197468214
116056113
406744818
55675167
383963753
532699439
237927715
224656631
284587994
244952126
614416312
342525882
273523508
517680491
5520952
160700368
262870911
210209233
296859261
326622252
565978298
224465362
566730448
300307231
327314646
22952132
44946232
354508293
514922194
333095579
264316809
35047698
203173037
33884545
128242439
376799037
262314255
390220919
311159718
198666634
418205370
112757144
318474243
326344160
471381453
276293029
198023418
485222481
108192135
77243413
181621787
275572320
19070125
276127801
183890580
345770260
357556980
233787901
512737918
516238987
175114792
179576237
173605886
172411932
323985445
306005974
140609568
377192100
481671811
197468669
288677807
221670404
151635175
258041401
82629642
172407112
111459200
159301225
186691270
273692315
395668257
158196460
359060339
155000977
336186680
202282454
242169113
128072304
188103460
136627335
147823753
56800690
127884921
119480969
64051613
396679428
308638263
227233892
143490099
326520790
194327389
378822421
169620409
124061018
334954726
276185922
336816065
178204132
235190946
367899055
348551345
262470710
189662899
261301960
274626744
142482558
177176161
126406414
222078648
228232404
212010051
211374036
125492611
204469455
293100224
66714703
161786390
178373654
62376597
221958540
244730854
185861942
192759116
70059358
140681526
135368352
276256416
276389601
26652986
17813487
205899669
148162812
188478643
8225692
179578250
134274721
53086977
191949347
190130374
137034509
71531833
136755395
240749300
240000044
165111862
152138694
212005903
215314387
155378039
191872261
154538260
233427700
68531193
203307919
97513349
84778025
202589958
70292642
129280923
54273432
132679073
139554452
131611757
61247482
52907245
41127511
74042781
44360448
133060453
201597084
177590896
172656367
104881844
101120623
52649602
162228597
20030549
88952237
41182287
158488705
132731852
