474365942
45620243
719027013
803787650796814336
307012251
172091091
758322492830314496
2312590328
372603631
421499937
797125140911980544
202675636
235719637
226623209
758645500795088896
4322542635
248516263
165001795
742569351002329088
4219612595
792424403896328193
236994974
633746942
762654527417974784
1924561866
2396692380
724614213931524098
201044954
751948219576451072
222223526
2990461277
958650277
1679167166
546331176
1115415925
148042418
3048138300
4898345771
353776141
398933451
340586307
191534278
1099859348
734469718149627904
547417905
1630968721
157802610
276633399
481803666
330021348
201362031
709570341367054337
3382659917
126179129
138464607
159534975
180321488
2279276010
1952242782
68028830
2552717943
245182769
120073811
2260534921
231635726
803854681
226416169
3355951485
2150005974
3291414254
3961569135
4034525063
4050786683
4806300760
2810394605
250309277
701920196211113984
3397423257
4926139282
2406272672
2564349944
707686826543357953
3365315518
1397375448
168404123
4735818556
1465871076
4602360076
2670204542
2312920103
502379277
172993639
1395814231
314789622
3137956402
320372407
164310099
972909968
492560631
1260912264
446434005
3331556548
3350807332
274175641
219543252
278357666
185064572
1219437043
173820856
1305853722
213107441
1000549496
781763467
2998552953
202274022
309328299
3904894097
217525572
1184161914
264367647
223968264
1074977760
524806459
3082607135
1686729192
354701320
437205073
287442950
924261276
770691494
304522178
370138552
249945994
820666124
357542448
940266440
1892183947
523573185
266687309
1643519610
222600873
253067161
193477920
151607866
170189415
346800047
939310405
541322142
326504333
715422343
389881178
2230387922
405898544
206497651
272002026
539531012
351347379
219425876
188929421
3072249067
634274937
194200276
3820566807
267939039
2296253625
178242015
3874540996
2676043667
705937798
323396739
254615872
3290981682
364461302
378839848
155010854
284190984
181975208
2766829366
394966309
147684506
3005685221
2344986175
248887926
245638098
260093056
150337568
331942531
1715741203
177017854
1416366600
487641700
3296053013
477285996
571333431
173539460
3244311755
2299205613
124512170
1148198845
319456336
199464814
2883091419
190819549
889674726
1596699834
80320215
1522758740
333464517
2162122873
443008944
219939829
797280720
1263409309
3184444913
3081027743
240841409
1059008640
2958729875
3228550173
3201176704
374203959
181582453
475322975
2870776605
326344160
288019087
2808979419
2992596789
3092804969
212968729
1398721231
150049030
401400425
3117585171
216847391
3099393633
604212034
237554895
3001814381
108729979
628889725
2885952729
213536880
2916808325
756334303
3034972552
3040773887
300025589
342340685
2416753551
2307338148
301110752
50908485
1942490887
592156296
56502954
1372939538
2981336295
140922305
1253197399
2719344837
2963325406
61356444
1134434172
280349452
310667552
491681117
1064438202
2763700037
39652411
256705149
334891424
429319630
1972365122
948837618
2926999714
341065099
174911223
825246913
2802003121
2306787706
2149083576
2855764503
235669758
2191610185
301691957
2764150527
376074693
211244922
359012771
726622658
870187369
761608200
18105570
346774441
236975044
2421470532
309822558
1212594182
2380831165
1553991937
220645944
338690734
247348602
292612282
1627054728
244669454
2816419149
1570723766
199815836
504877437
385020668
115174868
890175312
2677619683
93983667
158342368
245482447
321160113
714830701
2745423821
822306008
239512213
116798142
807454674
851252988
41323803
128637475
5713842
1525189644
1613585995
1382334390
138200175
108195719
2604081976
1571067589
285086862
900461972
620052148
204406337
51254405
98708202
279126898
271975968
563350368
285137536
193079130
317526927
876330686
219012622
518077619
347344077
578051677
235029658
133477784
939367022
141742288
371025920
1622856049
158390374
326270326
315500853
159491198
339066942
381612317
37294647
45008193
386051376
398094340
135955550
4774881
268374665
1252764865
45013575
1403177384
397547184
1855467800
1318768292
2527161208
1517644441
41380789
271212705
350597119
2181483997
304652699
101895924
226310818
368569541
176627597
209857443
467606172
218549276
1057936458
68609111
997999537
796994780
215150336
932922150
794838846
1067077140
1093231208
187677353
185810088
394404775
263729142
299692467
259110791
1526507682
1905494888
39203045
159813225
2817461
336269387
1257549121
137685507
269551645
199095125
1681798609
622867609
902591006
1173048301
167043736
216501454
1290433946
100731315
305629216
301125661
184468485
179296195
275352452
95217117
141422558
209780362
1463699395
277355861
