793721040681574401
1922218297
2576238121
1155159421
568825492
414434603
1286871470
1183671240
3306484243
2543698248
2836016851
2788904320
613297929
603269472
1016021178
2828190381
3232822076
302748777
1681431577
468869719
1849352546
19496182
1668461551
755152143141703681
761942605009518592
2625176466
3289246159
251490287
1575143502
3241967302
742846710024540160
182192543
236487888
1705838707
132774626
520013555
834316544
4311615622
704060694816301056
994348968
2401023024
1254944101
2543705066
3928196296
1469402426
4253176514
3386064567
1020696116
724105384361754628
377631599
709338865
4226310314
378952975
3897457337
799358136
3249921572
17936793
714348638521200640
4870339624
2985884885
2232996836
4925056922
3292154559
3158074481
42045512
708788265747222529
147813919
4093909455
4809303660
3312804326
304805441
2235319897
3418192474
3139065045
4855780934
3273271572
3486555494
4156849024
2372871345
2719143096
485370684
750840786
250084070
2552515015
801296900
3168060733
2797908839
3240708018
2919926216
472967330
1463880866
2430552901
2853891805
2810548262
3058933838
3256182960
595141915
4153417894
58852415
379526391
2772194880
2877754364
1343501912
2830051135
3275621442
525060895
1261249778
2346263246
4254935961
3905669058
136123870
3975803721
3676755376
3000130765
2920293953
2239555818
753593402
1714862840
2740221450
2718866414
1299828764
1578672654
925389540
2769077220
2987620812
624080501
1446460165
917927328
2730457879
314438963
889499024
2778537414
3193835214
27266362
2794441796
2916242880
221645799
1514090245
524123262
2944293612
3320811511
62077734
999639157
3627219093
3189476390
3232759501
2200376996
1188215184
2592489013
1239557918
505173351
1674631747
2396372088
963558108
2937392930
573459961
310730506
2380787539
2973971350
1909219404
1711420320
29741175
108785026
467670413
2936394746
2562756069
2205211224
3142573433
255594629
1585166256
1703499732
3118486842
332788870
2321792515
141695305
2933082598
3178916892
1315107554
84513115
3103963466
2627618108
1618754714
59826297
1255985299
737940427
1595323280
2492442187
843848210
1018702363
2649992983
404843921
2599339346
2786666684
751540034
631310245
2476503910
2312270635
2295293390
131102007
3067050536
2899062062
3156957986
2967673022
1105455990
2174769278
3172152151
254098644
158263856
1520006918
1135464354
412373159
32340023
18954398
3167572160
1407277784
334431280
210522059
520680283
2325445944
373088820
833826684
601244563
1642330915
1546270652
3116471842
2890400179
3047367826
2797777938
1678941206
254970902
401439271
2288763768
2441915767
587465720
1423497067
2352259565
2509254458
27785451
1959334158
939959742
2313227480
1154754404
1357107872
215697900
3056651405
136306829
3041781618
544721329
1861970364
1034085661
1242466129
312230865
2305405063
380110781
22695018
50618718
22553169
58806510
1421767806
3087383476
376012115
168978866
487736815
179279481
2870078111
127245578
2668625109
267492350
818941136
392574968
619500299
505395257
993799010
3074233476
2864128344
546199761
2984339103
412948496
547607608
588730194
1681324362
1264788474
1438162062
43042353
199110089
551149727
586189030
1649633971
567649511
2602708329
2318169193
45066889
1854486055
89526339
3073610134
3008056408
249249080
1396161031
1204567627
1260376260
1486561416
2528032772
1305995330
1382700192
188818968
543017569
27022925
1358449622
629097517
476234589
2577446084
2868194670
355326979
2695339990
3026509066
23089997
23997019
256409561
1319921
14790817
14790899
34738598
17074714
14791251
26787673
71026122
15392391
167421802
89858807
314662792
1648125986
239410525
317791587
2968622933
3032095464
2492266410
2913225397
222193457
390861039
43058461
50715703
635436233
872287994
1002608912
2951669119
2711109595
71153860
2460716046
2738538433
927086978
826594820
701997872
90730857
926164638
803832930
21125507
615214819
482658470
2306888959
2900272616
33926931
2934211394
66339576
2989032606
3008634181
547867015
34502901
188952026
130328346
296623811
324775564
3015969984
3013934096
1866124921
325081088
2595045592
2420903790
2933980339
2801187326
516910639
2377403714
2840335598
2815078226
2661924918
2909614393
2579310565
2658951540
2678834863
2898893402
2908686546
500389608
2718470369
226676310
39271691
1164814458
47068365
1491851738
34825334
518068404
267050478
1711769965
2792692524
455434521
167252450
457235175
435012497
102819523
1131739027
95749490
80094297
382271636
38234856
84092181
246571305
30793542
8824902
403165668
1011986790
724810316
543654994
586671909
427827032
241814715
1102056092
601397278
1564739616
468092588
1156820016
247538172
2623247074
126990459
2450393978
384022619
60694754
50005296
106170524
246225682
1406346067
711465248
572225386
144966534
1191510920
903161893
2575879166
1213728272
543899162
743793398
116970335
1009630045
605984154
260038327
577375866
260878159
1249434392
2585883368
2398366862
1052366618
2567927706
2554387400
1345756304
254882360
2514433225
1831454408
364163136
321821895
347616293
2473070484
38724129
896455579
1282097966
1056689564
906641220
1231476648
904918116
1155660415
2402156947
2434078850
2453968111
1555512434
1958034145
2448444847
57141484
2366086668
2409981242
2491917122
521110796
2413535282
1327906134
1187647735
973355760
1334851932
803874290
768710641
942470940
937832288
427511552
1069389308
2513912867
2429615017
593269249
390860562
334283156
389225863
2365014763
1119710088
2464979539
827447803
2194546286
1222547948
1432138212
1941664279
596772719
19090871
946276164
2195142744
124582782
1120654448
2227266128
1650671748
536595087
616412504
505201152
719746166
574548688
2345611573
2303681647
2290277052
321607679
368037006
592883609
776180906
796872649
349907733
1352533285
502590187
403711102
87809737
834281252
547992257
573565184
2445797099
1177888878
384113064
1058790152
2415077984
581522915
1667654144
610139222
1239979596
790583976
2227111424
1543898988
521593942
2165197146
2256057271
2346412626
284441324
26257166
455557046
2266575150
1573949738
2309642947
2399901008
1631784284
1424573684
594325467
547393298
560750373
391817476
2345861238
370428124
1413249950
2154170084
365806072
2379891996
1434015348
783976321
879032779
496518061
292131326
44612148
596190000
531524384
254189974
466645191
756075224
741529260
75569883
749952350
226690054
706726080
422141600
710425003
2317229408
410111988
278146795
600340461
89304457
979499306
78714874
310894361
251295402
450388641
1018813284
1253539909
2324930401
2334380478
299800115
28207950
63253045
17540485
29191062
397281913
393080313
443605395
1693208077
635435608
624257399
625288779
1423503626
479013168
375795320
368197797
436814422
139399835
2337897781
1154072965
614823835
492607399
455645374
2331055477
15069555
322788062
1544496151
2229177978
1096423796
34538961
1595105605
259097408
450954337
104969775
1400363394
345753724
1149024330
590238270
497197493
527042811
1592399504
1183616984
347496860
2239559730
1976799638
1481125170
459363109
18174186
548070384
191590813
27961547
269647679
138576951
37655212
226887759
1489156890
18479513
829495351
1018225862
2240504415
128094292
1966204382
62727561
168211392
2259776286
64019328
352145373
355741893
490064492
855555626
348157378
459708773
992296856
43486429
1497379123
370374001
1000413138
1065417524
408086702
394289832
313013855
961649995
164434124
372549508
501422181
2213399887
1390929464
434545375
128721120
266367864
1864865216
527791977
389841973
605658613
1302677425
27123980
323927997
1947987487
2210880041
1287953599
1419312870
1529247637
634322536
2252877168
851636119
881439205
2237142565
2247623156
549488642
322086382
1067391204
1898395308
611358661
553765382
31201500
44557999
94455148
22894572
390911131
112776055
127415031
97225858
612009655
180164335
522871292
449517017
339868554
2228523128
1932228168
584972363
451264939
592496379
1370089166
853512121
473528951
878734776
375981440
51194236
1332255607
602529936
551543029
2160220267
2203218439
23725055
1902354217
2215166958
15153844
14920785
527066764
1350637796
709969940
75494757
478229616
1648975471
1375891998
1390742384
1396130017
1653330186
276411637
271521612
1730249617
494565850
394910306
628113850
1438523286
1099584758
43044537
479080130
1571770098
524064188
359481489
271193454
1268662320
53010236
63807689
287433123
1605014018
1918641896
1642308810
855667273
1110713096
1403849786
958978429
1365575442
704147448
413531692
417653821
992194400
865925707
174864573
1471613605
1918349924
1056955326
1056955326
487146856
336147298
1325448871
1398759751
1695001345
28187573
400507710
79312149
78120081
830249245
598362722
318906995
1889136356
1553866730
509730744
525576550
608564147
551386570
2159760943
2159760943
163509447
424787668
1582707416
417565340
1969317146
297757293
443590691
739806962
416051546
480991524
436443959
1302036776
41037399
25389599
477573944
794435480
522388560
344533559
465368246
551555881
538650443
471428420
891389538
342282308
1419948744
530853883
700118294
708417937
306320074
435976945
55687761
40173945
437893975
1562396558
561684253
515980805
339355535
524013648
975140820
115865877
1096061611
1424250512
593316906
758543612
1391184644
64885695
709446565
31289806
514416875
455303192
768508512
546878111
344514161
467953601
321266409
415859364
98533811
22175551
16180874
1253411059
966887186
1353221234
459496681
400380016
48451522
93071206
79380551
194986310
19382500
9570452
14946967
542241162
545596080
865758326
967087902
798872528
550649194
318165078
468849603
1184495916
839004326
381247046
1383468620
102325442
466019093
1274492916
588388624
985840849
732069193
732848766
605959985
151596846
1353419378
547894522
42535805
20066666
415093336
1062210343
1345826810
239161478
554818467
407430849
705904052
548024553
205518601
790080344
166747718
730890062
233121289
470894573
332672165
476216246
1262720970
614829880
529188408
825687042
551468389
992256924
430812977
570553263
417562191
23045383
38183161
18845188
30981244
90635015
25407657
452013267
304092105
320610850
832536824
875016134
338110607
397743301
168873029
442277767
46139642
23263656
80895821
243394428
70554692
338128301
237590404
178172552
216699311
25189194
537765333
169350025
364575394
394460366
552908435
464712735
618488821
499476040
903058466
1005366228
167088401
465928523
319204299
580657932
1086820032
588682600
538645460
198795314
289348420
23298808
20833944
44436088
22030851
35075304
460835701
850483027
397697578
366910141
19607400
26270913
16332223
15693493
101338018
563075379
445248727
317962406
289130370
495425116
165985578
734108790
579422270
556460012
471665165
448567561
164405718
551526078
983957371
393855486
448304720
491016753
278782820
509523115
543196785
553154626
739584662
451646035
780885025
411794080
478154046
556152667
427971612
263004579
234151280
378924016
589645496
985575163
41009472
390399328
422285392
330193254
554613552
96904088
67971700
129337529
345743470
377747819
280103698
372622527
445095943
454712826
403545318
422424611
318262474
417435762
443044736
155111702
458126269
401212322
167158212
58310152
582292466
550711367
169290038
20835423
341301398
328161458
492819813
444114190
358884394
526080024
258638992
478286257
334455871
401551142
302883298
430822335
319525951
466003055
532773928
245601222
151738235
166300010
11243462
375236528
357369782
