66381461
435328652
365860744
4218661635
65594904
2445207488
2849817341
766796592393310208
24901827
260852470
151891787
2249418181
3429986631
4434157995
22801014
256182078
226310818
1571067589
271975968
776910906
3269354994
81722950
2992596789
179991054
2455821468
4704443675
133051204
296239551
317887986
2422727923
186471345
1235021870
4868047509
393929361
2951077745
176836959
215996236
163978358
4017208696
811565582
56502954
819733292
889060034
173955464
19425947
378789810
31130639
706458288
4504914675
3384944007
3028464264
2612745918
600591565
3126943349
581552784
4465534521
2654979367
253366196
1962918864
4047945629
3077848439
93249521
15752968
140914319
356313081
3187882024
627028875
198982294
356247214
135556030
319862324
2669964260
185658756
527329478
1055044232
2838654687
226250515
2751006737
213298301
554145354
2459316768
590183951
554852086
516874661
453509226
2603857069
163141178
872598289
3084147904
2886149199
603168922
2959476087
38038211
1467918776
1058219036
2710521499
1646708144
2586832213
429136239
110534957
2973794283
2988171022
2530952618
525264466
820076292
475977728
963007182
2800038247
2920056173
2491954513
406744818
2398254906
2784537733
202486005
2739570724
410163657
132547612
2717416668
115721217
2244782347
287159064
2525848868
147622461
253662919
232202637
2411707297
1218803012
222344995
116812044
511173147
433025478
2499422425
120171471
1548540440
454412740
185302291
303853133
631459251
234199022
246269330
296877580
288500995
278083609
2616363979
315966469
306516571
596955029
2208320047
1190930065
1479869312
312916701
2330759190
580218517
80966065
150733169
337726224
1687146469
712863388
2348695166
2192463414
2390265715
1242696890
200514688
1876843832
353847425
133264331
858590532
365112624
770990042
730899666
1343275046
190656013
906560870
2155061323
620270463
280663158
2218453945
544856570
2289785155
169627734
252443039
1048903939
842912251
266679227
138129351
2156594297
117328764
1397509388
275348798
709220414
305817136
202867788
212623902
106754412
898684074
1881022663
1414392602
1683452348
200883526
443865365
267158028
334731323
629585381
1151483982
1839755060
391600688
292257737
587020233
712647342
80810630
327470494
68250106
871787401
1373852257
456216017
154668993
45350809
188077169
21398294
441538192
434639035
385473817
521001477
323252610
1028107152
278339765
726545486
96452560
980683206
465855867
579816913
138298681
223707073
108066335
14333756
589368561
51239308
606381733
46804607
35058064
89563373
252866543
