53936897
2953800645
45350809
48675602
2601571772
720788863304597505
1433522965
381144338
292027344
505469948
16563750
3302033626
2157248880
625496752
16838106
53521453
1117589324
178253101
2321331529
913131817
40093196
1322649409
177622110
359447114
125831869
227108333
20582308
564729737
16496156
199844850
607534369
278036048
404062599
436402119
809761243
823072062
1851255878
71482802
465075107
464973289
593050113
98660192
76017299
636343715
169880157
502670344
119684023
422022681
18056328
853010233
279478220
257543836
60873452
100731315
18144310
29685348
99747874
949995494
71360442
1350377718
1567680954
1048903939
2228547439
416220994
2790266914
2885003608
2443683164
2610855262
4081105282
440972391
21904217
67418441
63296944
15291335
629804312
43192807
480470444
145781550
427475002
36947388
586198217
436266454
2357702933
1856639839
2892901924
2309931002
2309682624
219435276
82652901
1413770556
718125542
2309685955
2309643890
4137094754
87327779
3130789637
2151593665
2422605121
74928929
394851482
2307323245
2494314547
2555821921
1948036093
1328399822
94392385
239925121
15752968
913648164
2533485822
122211977
20536515
242170324
621092303
600185810
71847523
183719556
842539802
2883681010
161091006
196687822
107160180
102165440
364941934
1069919478
2352055639
102557437
263954680
297582290
625243821
568426610
356313081
154959673
917487848
183006491
114925795
94142719
219096856
131330156
140914319
15814838
93249521
456216017
1634782734
2889289549
1262611021
2458576548
2914219092
487118986
2604840877
1689673904
148581410
325652787
3130862871
1416912774
2440605319
46430625
136214725
197517721
171840420
905713380
149280169
160576387
131574396
2823187725
1337698735
2897441
1252764865
138814032
24900072
9734612
466966076
181648075
282064204
244576586
334742763
1674173154
965704518
111459200
77792947
109425290
167414305
247462556
15324722
6476522
42924530
34593728
50520434
40846993
285595526
259291649
2333742610
3305467241
719518631747588096
761392783
712604355514527745
871787401
2918475557
2599463354
2460045182
980911154
2918459926
41603176
724322729881669632
430824555
383542913
3145272501
569565580
29384821
21001534
3028700411
3224946424
819843656
2705145014
17801505
4854596824
2694414438
1554260346
2726813218
4670311890
333683445
15248067
374352420
123355219
355210658
570368789
1217284872
624858417
1723169869
954145213
2804668723
102753286
1534189298
2396552142
703154619212431360
202691617
51581070
264693907
563872908
223304073
1215711409
420535612
1321799126
1075101384
10842792
35856249
1469402426
2326857668
759673004
230180841
26809714
604988212
21254264
223234302
26417813
26257166
2557521
25463270
114570540
18886606
19509652
71224303
393733873
14630047
14400787
14763734
12512092
1528542631
775881565
3415012858
2793937078
86085425
3280054515
4438642881
300750327
170778716
2445207488
2153396943
623033834
2666965542
1966131036
2630189121
2657344399
2990188697
88944305
4830806973
1411245606
955920972
212327594
60865434
142295586
106876550
410203574
116270039
20434358
599522918
138372303
216264820
189850197
35758259
586950556
252753618
480782173
287834630
213745334
313913938
1265260098
468586302
351921957
1548317628
181280529
468668318
8159472
105297123
710064516
267274202
436702610
14573900
224223563
139092348
1432977446
205011496
618420295
543533194
34613288
142204481
22910295
183387449
2533070650
19230601
230845588
713993413
108568373
344801362
1283561876
1670174994
19583545
285332860
500704345
1610646036
1610646036
176210542
1269425228
270722657
142730813
701759219
29479000
19596687
2984535609
164501242
301864401
1347688602
533085085
341864146
145007978
219683269
632015758
240776797
222653541
135955550
112764971
15648827
15447575
492680819
17540485
164872539
223707073
1147019574
226087776
54502344
90836187
158487331
2658392229
590532945
4855466058
2169136170
63253045
142735084
389732460
400172247
50883209
22030851
4826680565
14882900
61312712
1072125714
20348431
300114634
98533811
17351972
476258341
17424053
3504991162
40989198
15445811
415859364
337726224
365975262
20521192
2370271862
41427948
1373852257
3216353350
4217377677
446391585
2859933355
1359126667
1467918776
2525848868
3372106840
17230018
3438829017
73134924
151123001
343627165
789605024
627673190
16808626
452155423
893500772
3344103190
183661586
333534411
376378883
932429090
1964571728
304596944
550202880
330446733
1640169925
740336334
280701704
491578273
155659213
14872237
1003023973
730946996
133184048
254275716
294440321
1399330561
751861993
1876540573
409594784
198666634
193041317
1020811178
239484397
216070487
1458417822
3165902589
240396971
342231977
2325817254
174025074
340118690
2167691497
19169157
419971210
1113207114
259794418
5520952
635793343
376602924
2711853125
200955793
412504583
1020208705
44409004
330021348
2717416668
327499066
1397509388
2499422425
240754635
395429154
2806505887
2747430822
1503365310
2450664920
1405180146
247779151
52221922
179356623
286055252
254274083
46919513
36928426
59714229
311159718
157176279
143860873
2980386791
2586896050
1315335834
198002829
881356148
380679584
405570529
1417760310
3008797311
214977276
248877722
161775175
264492552
169627734
134123412
132547612
204406337
14369839
38252092
214123335
801736166
2273522234
1479869312
189124591
435882815
987218906
231128821
173925293
563350368
2409683900
24019308
611823
318571154
197041714
38190507
468741166
82978967
9773342
48436234
731223740
2551038918
212237670
15830701
130942339
37019708
180505807
212005903
533257020
285086862
66515223
939367022
5943942
74580436
13
6385432
87532773
95731075
751644254
300009845
17874544
6253282
86374475
783214
130649891
1630968721
373471064
10228272
2462382152
2156213150
2340341353
610234416
2459066051
22589987
90794394
239196350
226746459
86867494
33246493
2433755996
2285254892
374000958
855548964
1268216508
942500161
1471042038
731296896
2275500770
155409724
312148756
792303348
125492611
176836959
213720520
128961202
139818493
832649450
139272507
1586565332
1684828681
1196306713
1339468159
47288005
56039780
243370737
298102919
373132815
712647342
525264466
559097575
257045330
51137100
963007182
233751575
96452560
72900795
175114792
342995532
164715111
355809231
37717733
104297856
126329015
215996236
155549968
589368561
47384568
1581203119
14333756
101895924
558797310
140960194
884556398
221941927
224327430
282754474
234934342
219667152
215083191
251454347
18804479
358385934
14894721
174825461
141202258
312383830
47498127
358954167
29816798
111335375
517192519
147589570
132196956
209780362
182589756
336678454
365644912
97513349
95217117
56502954
33884545
8273632
121111763
186471345
175736456
256747696
15212604
349230384
378253705
413091006
727476360
718204394
222525189
531655941
726545486
278339765
267939039
237909069
128637475
202282454
239484812
538312904
311867995
20673048
115137653
385473817
89563373
71303860
195947234
18919620
701442223
430082167
35785401
210148155
375426712
187272155
149234407
201542646
238342803
51241574
8225692
58813551
35058064
40949882
68620303
39306797
224903571
89086889
83240465
43908012
279660449
52777272
108461705
41850691
117889228
39606621
160686620
14213549
60509308
255618732
74594552
15091403
16454936
3968
36443298
43977584
8903612
127789505
20458105
19790261
777859
40355149
85924706
47558894
263246080
23724375
43162969
195189977
257057233
149241840
247435767
151210683
25164616
72325179
135963398
15729027
28870086
95749490
19362299
270949258
34701524
55396775
16228398
7841652
19380829
19315174
2425151
813286
20609518
50393960
3108351
14293310
1652541
14230524
20109973
807095
14780915
14334532
5490392
14761795
14803701
15588657
759251
30313925
6017542
17093617
18780567
18498684
16589206
15907720
