3012599843
169964505
412688653
1558817664
1560885632
1560805166
1560932618
719973875719782400
2734602576
393676754
220824391
433553224
264178315
4461327973
69113673
129587612
4493878043
344728138
37251672
121532774
148503054
408567020
1460872387
266973143
166576948
242341736
209230133
1280912826
400264530
1472242296
531481487
164803945
12831
2932570293
249706277
1558751198
36176023
63796828
361343242
252884601
14369839
132547612
533257020
1363228020
243368244
1223552760
2249234689
87532773
130649891
1526228120
1726625022
268485186
2211323067
1259722740
401689832
197041714
51263711
153667093
2992596789
240396971
186471345
2228424470
424618544
291773990
620052148
2530754654
555195664
2803614443
2582618239
515869169
965180366
263530683
301142387
2350218440
1872338011
138388408
136007061
42719109
144742593
57333011
271933511
1904954928
173925293
410163657
1620869582
202792190
939367022
58535652
207138024
423687132
1182074978
214123335
74426491
142295586
142296675
138372303
76393008
55033131
484046114
707203452
2492320292
14652154
269862460
556152909
428227009
712539811
2449961150
237831617
74712538
326177717
1485772502
2305631360
378253705
312148756
27042513
2413456418
218495526
47786101
226746459
2424542178
2161627459
2401112659
789856765
972767558
2285622972
193034203
1363141099
2416922627
315585961
544662879
2341586056
238475531
90558638
42434332
219012622
924139424
813286
21447363
368569541
1691387581
108168264
510465696
161792834
239196350
266801190
270099745
1339468159
86867494
265491365
1887228691
95217117
599525093
473347939
223838707
1190352217
1496836309
423785570
167391967
51254405
163505407
8225692
2142731
15670515
56505125
19315174
169627734
525264466
1965740845
435882815
140960194
803367625
80688967
355809231
15601251
1338815210
574642872
155148628
175732651
326513866
297803380
14679798
89366493
347956997
21021891
1633784024
150008859
757121448
1071624907
278065615
205822561
212380599
239760107
63369209
977593712
214807647
182225130
129973351
1638631634
322847441
29749448
30040682
23976386
206271906
856765488
184993287
17549677
927879558
119084981
343468956
102389104
74928060
1114905854
51149213
64944344
110783844
72344805
69101907
47288005
111136758
217843851
102872017
17126774
213244929
33440371
40527958
28641033
14333756
69121602
107574872
279759389
251887080
81526308
23415676
175437503
850429891
237456349
348614284
381197468
250227837
204188177
868329630
1145968680
261022029
256282505
269069240
167178940
411489339
76698828
252777360
225392368
466111838
836738167
376266396
393611386
1482826928
190607256
456959464
74238127
779575519
118800631
329971149
900744192
267978097
180014279
101895924
209780362
324464560
223949157
834821784
856928641
196586872
500704345
180505807
1112151775
37717733
1392191881
194248332
17093617
402848158
56039780
77510666
10228272
215996236
158157853
1068732763
202882944
157123825
180524154
47459344
101871065
171230123
287898134
20632796
548715078
202282454
149966243
362316087
165851752
134938484
125490566
263154598
164545011
256146313
220385152
284773714
171490396
267028716
166635445
229188027
225049729
72686194
241190094
331176536
138413644
75121922
222172133
162585381
187336167
142468709
277232724
282734732
87191445
191604323
101788047
256113751
283728662
