162264089
1026642138
219330873
94881404
169633744
842412043
239939952
723379339484524545
175490296
2264687726
317426912
1435710336
247993658
29191062
441998843
576545436
171737683
752330682605703168
2342440848
215715702
219019984
3298802431
24748345
537617976
358954167
236983585
977593712
185690195
215797451
35279819
1572235844
455247562
335719084
123057032
744292930416939015
143632981
2396731321
295458299
205364510
306978806
186471345
712815575437807616
345001781
317121087
323842059
35047698
119066228
3159653124
748720735
247568671
315377387
18811660
326622252
304526698
4880401751
237375436
4198688374
215451519
92148995
1638712752
148590159
278361319
1658641988
349907798
250725043
282165235
390532130
3699963801
344801362
29479000
633728482
1571475865
716335118
22695018
342991010
301864401
164501242
4373455995
380906558
271539296
1046610404
251507032
41225562
232212010
155868007
188408415
173688432
3372106840
295884101
570995510
719383229
1089620636
433773638
92627943
88253176
355809231
437570718
194259835
157463644
2506481287
44521686
149179298
72129372
1415978227
701759219
172191045
2648782534
151547476
469844539
215341083
1004311669
327499066
12053602
63369209
162394413
176987202
2205471402
500440742
437636228
344129966
266693296
374328309
116843330
142028962
106450786
332943379
1458369252
978074594
980404003
442395137
234043665
269542126
7996522
251320512
172794860
223962260
55896960
244357108
35673104
129603014
125557639
156066508
852773486
219842976
160080023
171719670
67773270
32123725
156440972
161450075
75628977
322983468
2766829740
2710521499
46269634
300390462
254274083
398366539
15095537
288936531
374074975
177445933
325752179
274193529
604865350
387430690
65787483
311005506
501440873
605719455
46205856
2530159076
1003023973
2411221668
181749732
236994974
2531844615
61037132
2531001161
1222547544
198255130
209110979
113350428
114346377
2409683900
259917098
259612451
161356536
150008859
240388566
577500814
1523559925
1213964173
248014003
39055126
577202165
36483808
579488098
260277491
565829428
1712769492
215996236
382484857
278787862
296312207
1392734887
90679277
241321846
252902785
278206821
329143190
62387297
311210998
519009440
131370391
305199389
321651034
36751350
42759427
323058192
198900102
1669469898
102740721
330541356
194748241
165886793
155549968
595931380
1610285629
198055125
87531731
635111237
1508473890
283684065
1529596664
237872308
285137536
271975968
167471218
610449351
347956997
227051055
202282454
1019963142
16399647
285614809
849646021
775190221
134561464
294154130
92823239
226772145
72141176
182135382
145796759
1043034482
77694285
111089784
281618851
246113621
96789803
267161977
99143879
383434786
47491330
285204671
138955158
1045918825
44918846
493746801
240859058
273286970
200576781
317922898
242483213
313757021
252619660
364463911
111416958
287377727
65089635
357130438
858703188
412710680
866879191
761801916
274583401
243603363
625608184
231693082
884556398
412900746
540286761
811876226
501459147
1062180794
51921151
106798182
23332003
576881286
495325398
266101991
796353744
74036080
566899091
525264466
619630256
467950558
163950809
276801926
207333818
410203574
77550526
385666022
272261990
266409155
263353783
609578086
263212245
126464987
208578454
280367592
16712366
242063165
265521899
268367883
94137165
107870454
732051590
753064332
44981712
118525998
136337194
252866890
177659992
241183704
171347471
176701556
707028240
133916934
637063484
207387811
347923748
265286770
67420596
1955751
182128896
57482480
360171181
200955793
175206158
301409048
240336069
211873096
270944235
264362967
213651310
382097249
53995965
236925802
243519768
221513503
391434997
358043380
264237902
44629525
42479903
88463593
324261614
228835209
208358666
264425790
155693377
133681320
219012622
176179367
74042781
164446882
156728781
166323867
272987112
140960194
231637184
151635175
212005903
219193287
135368352
59714229
164715111
104974333
409594784
203242577
301510646
161083605
185658756
317262774
385837196
19477451
78532115
72304682
173573853
240764142
146953024
201885591
256324210
179134442
31927467
342791888
157879192
209780362
183661586
175296940
197273436
195048109
175494302
181358634
83972205
134158137
302110645
224898965
102250622
46947811
60707413
171346102
56270919
74359256
20310697
214374161
146864265
213145075
264516668
293274673
300543322
212968729
202927970
72876504
190689167
201343747
188573736
270969789
74057541
18303002
258468841
133473565
159917737
284176296
243330184
24776620
223838707
217843851
217480407
129921528
168530002
154331592
256747696
112757144
173655249
95217117
84865272
8225692
184656179
128937967
227708545
161535178
33884545
163313320
279221684
97513349
148113416
59527821
210913285
247917506
152754368
148105369
81661402
126383619
65275121
140513962
158732968
147020852
