3121549350
1634302478
1215087163
543524920
555997669
792488093182025728
169267966
180929988
939367022
556152909
217634571
788194542986137600
42479903
203114038
166308365
773635375390687236
783433659831508992
95217117
14333756
97513349
132547612
35047698
167391967
8225692
913131817
209780362
2839963822
2974896519
2784229244
2790789073
2868267098
778400709087727616
3350807332
260006118
377522696
10012122
2830537117
180505807
354508293
1102347188
1321799126
2614596584
2328135656
119392416
63606812
195116645
2556430915
103976028
2809371185
622432839
737045474
85151724
186299605
253522440
354076699
137771849
359369431
1323599694
2677867863
2290509337
333177049
281075897
381750998
68554168
149697490
2210865044
340622035
966677203
625957616
1215711409
150896916
318474243
842267617
819867930
198002829
148513350
901309603
79201358
155092282
93011572
68506124
458141644
1181402269
157049482
1398340118
608630580
1107691728
305321376
1264426020
223304073
298661812
1587830665
281223434
309206860
64051613
127884921
168033508
297164177
368758182
314943793
486169106
624288351
307106191
214906550
315328434
242946558
701570582
864009686
2324492348
97539414
566572642
130613344
224857716
95365416
1245272185
237123198
1092496831
244296542
827512051
198674815
1305467311
286772755
813029310
1311617778
514526820
818347754
858166129
1305823213
2210158099
2680746916
881356148
529154893
280163860
2598492522
318650539
1069448462
947957610
2463590514
321666632
250980763
2540737998
279395157
1682155920
207976895
166549341
632156439
1682214686
1679408257
1936640000
263866627
207735455
299819860
267904095
232997769
1015470241
742270369
2355207536
435379966
396945853
347492967
248951046
148581410
179796419
2161627459
202674569
902208787
1389512743
163636213
612634006
1131083042
273056992
127873874
227921622
455181136
410203574
214118561
189373152
202663689
231691017
380957466
380957466
1546199473
319261874
1905557533
703414981
303859460
254274083
186557332
202765120
10228272
251922978
567670036
212621407
267433110
133074605
262470710
336186680
272091789
252755627
244576586
244576586
334742763
259575021
485207048
278179472
869100650
260365282
105646536
197592951
215992181
327692638
868196072
939068792
339979533
589246745
51581070
114865446
191949347
202282454
305085584
300390462
40255499
168530002
47288005
112247907
98430554
142397045
833729958
202009352
254052159
68187257
571421831
472984174
266009363
219723627
199437156
183842671
207185073
355227089
180927465
158992376
92226315
260852470
191872261
428292277
331787024
430039195
418779950
188513389
539448684
282315552
726970477
250154143
168717717
261336743
208791010
244711878
193378689
273422656
223946551
164316414
367271971
237401204
339910756
216831329
154569701
380892915
196563271
222887314
198291436
194474417
77512825
86119466
5520952
29036076
57099808
85426644
56039780
30040682
422012338
603773627
