1726365151
449434293
301607524
185032317
40677737
197063222
2983850007
80823716
31015297
1635979987
805993054956122112
783214
195253644
719902068782342144
235676879
524548561
734729015710388224
146594357
128905581
26964557
78324623
1244421032
346246513
765061678794993665
4100391622
273132659
14089195
43522180
16548023
4276439266
21708948
2439384667
741770449
2228051384
2441831348
2736335258
39184406
276132294
65727817
25670235
238323438
4035503243
1633811846
572225652
134278265
100731315
4928285463
789662789241417728
557238227
2282458696
139162440
3863605355
46126074
1262776610
703808448
91377196
2233154425
337359938
1073159618
747430898
25071402
28144741
2990132825
45710319
219891879
443032867
272538235
1184038201
1525860038
2271767699
1380740166
2780215928
278172126
4804559536
72423061
4748612777
2985361
2480358777
21201280
487969283
220896709
47216804
195532488
55117712
2201615744
3638730501
153946788
270975043
741636599377694721
763232588
69962890
708207625
865357158
16282832
281228834
487256024
35315587
186471345
3956354488
5402612
19701628
500042487
88387186
156823295
3985381
714616131584180224
714647087321886721
531567446
709807636590534658
98276726
12044602
20065936
564686965
205258531
25368913
2893511188
85483721
364102428
101913496
21769509
167421802
124003770
119066228
2560704823
40373847
834316544
124946553
39604436
50372842
157920406
75838264
3233029855
258617329
8279892
177693131
1419740798
213157005
388727852
120316422
2891859107
225576690
450080693
38536306
165952878
174442576
985325808
25073877
185619475
1198992138
152044750
62229291
84108759
319364810
266811560
415087565
273729393
262790942
873111349
559710716
338106462
73954330
17881816
2616142874
566052751
443215941
2832246523
294417881
2393423492
50071845
3045110337
35184346
20015311
192602483
316389142
2947129767
2967678525
481752013
34487135
80757248
854012460
456862468
2172922045
425551058
136033552
386496236
1582853809
2590462560
16573941
545641742
496173144
751861993
68819587
295512016
49125826
58568984
70095343
9220282
143929178
728918606
338968305
317262774
17844280
2409683900
238319766
213935166
574168493
20106852
255224497
1900720267
210226933
116589491
47404677
23695327
18863867
508086493
142154133
513406896
846713166
437681996
1597524565
1934518926
360750575
554097029
199012883
14363033
47083340
68426912
2252322924
18636328
232884153
51803058
152734803
11859152
1094167340
555419567
15846407
709783183
275430095
262541531
279478220
315951613
853010233
422022681
296902209
1027200098
636343715
1086485478
1330457336
597463216
538021652
281136352
207814212
1272834674
1014384037
288091366
1942335114
503929892
222231985
1902359401
52894065
153183910
860262116
499238848
239233506
118402829
1647851959
301672010
242574804
28136539
178117805
44496963
16870853
184686645
197892073
970678056
122108734
244674188
299869924
1591131768
190907104
1135648681
18622247
314792669
993614756
163700260
1337785291
296831568
74580436
348140125
468672037
33581258
17398854
40069014
1281260708
13884162
277307910
15966494
1409243826
47966766
109031914
1340656189
75974281
688583
520029117
132341780
284669186
538549040
121629212
275361193
224464847
173711563
78644388
12449542
14550477
22131151
221977845
23559586
217518231
434674230
533573263
160764415
184656179
44039298
33097856
337405519
71152134
40139016
557876872
212310275
19239878
398092540
502281810
887934199
34955691
180721437
294122402
1177398800
279300681
50204842
1219977067
117970215
191519976
143084813
771738986
193025759
8943
1152761466
204658881
252884601
463581497
127725961
423829011
22229158
21584475
202822089
1955751
27758112
708105282
38314814
183719932
1117115798
270722602
28195724
325352122
1099369231
35986520
211996466
404242283
199143427
304679484
248825347
801736166
578993727
180821354
558172142
61275679
95687734
723274946
26763420
183716892
16629918
106876550
257543836
200149136
176932159
234053160
209780362
198391335
41305464
59254272
346742249
174901156
289197174
715437690
96837596
316918799
22833994
17027964
419678842
193583660
585243649
17754461
241654532
626707571
125481462
22667853
197930493
216192874
373416209
61103888
236956880
19764868
187797967
58291774
114705345
133945128
155823836
607519039
29038088
17450410
101894425
314016919
597981887
296252209
76230542
17993271
337894513
126464987
426706200
24243022
17399269
118769391
173881963
164290084
313587802
68097425
185122050
378080227
200140664
304089779
335677993
790885412
20117923
200140624
8664042
23680913
142373579
134848296
17017636
308281658
59779019
90420314
206495217
19721040
359219471
57980270
71876190
26497442
14309081
409348864
15693493
772670713
87595338
17030781
440644278
217493607
67078807
119588510
274131965
552709867
80417345
460309433
752476800
280367592
152873402
278065615
322674244
256324210
98260543
733171536
50059942
217621092
178872437
14100619
202282454
24963961
410203574
335546427
238432968
234893497
35268925
509050638
225268502
197217456
14677919
54343977
90558638
82714804
329143190
604749150
224552237
374171887
552254273
581968406
221962547
273389121
50056496
105082141
78654358
17471979
49167745
82653721
136372603
198995448
343018655
481054260
28451020
390557283
208392791
204910635
109646676
202792190
104068822
374351949
38301539
388485382
146963333
67634114
296686418
164011139
476690212
179714493
307169158
18165326
288948654
181857751
15901190
445894482
147691246
110213431
148801391
111052817
70805948
28467371
84379702
269561073
182241948
259713560
348785149
52672768
123745268
204406337
255993689
245053027
57877976
161077292
389132493
133293426
69041601
201343747
328638062
225622580
365608529
56433681
53725520
236983585
373471064
407878561
353125581
118715898
376615486
371025920
159396137
360128667
292063907
123616474
267939039
346994669
85412926
50950898
98744468
207670471
336336001
336116660
62823516
36427320
18548221
312784108
268474752
321052382
252082254
270451562
310343979
291794992
125206413
301180017
194467426
301910814
28102807
267933858
10228272
37301272
241104911
19546923
46205856
281285858
19697415
244330053
28058878
260969443
220138071
248063675
276256416
154214648
198722864
182621917
210982202
248877722
242905243
115516167
19661294
273186683
265822632
177057419
258972572
35750213
96178531
220903411
202490710
194611342
130994565
100953356
48048356
46619520
221452979
224342415
167502669
20956390
21414413
151660468
214328650
207795673
256747696
972651
156066414
227823114
22309294
134865054
243510919
197562449
256388635
74189833
253124982
120873942
248949506
212005903
17785996
24700154
86398042
46919513
15224867
22832029
90801250
18690355
179371735
164339173
18948541
14205561
110509537
95320829
129867116
103032613
17602896
154138706
19141877
185837232
75684101
221935066
166688677
22677790
91960579
118139476
232338041
18368663
19925298
74057541
227720098
219057468
6234332
15648827
69340022
224264729
51823442
67420596
16953652
197264075
143470736
59157393
185658756
41302029
205930411
212010051
20030549
195574922
91198717
10425182
184845464
104110842
131708653
35075352
35911896
11228352
109698640
140922305
90068308
29526909
83445710
198909845
15406292
42479903
39991878
204940950
197477705
15962096
167368729
29047675
36735590
133184048
75697633
132244457
155038132
195048109
111157576
187413196
145517924
158594316
59502032
128961202
104349122
53990838
193741736
25516907
36924248
42955612
40292552
43564659
100612516
14518365
24681600
15304648
160033311
135585371
48510540
70735999
14824849
141078975
95955871
18640871
19117213
7260592
96452560
132556711
131301812
167207533
8168562
104354030
129812998
16562720
64566103
119383183
89563373
169902828
152358615
159721364
145326632
109387470
182032383
55073639
1652541
25217179
160936287
43121057
15973392
105186569
161821323
55293872
16537989
72304682
66232015
121882902
16674433
174533495
85130724
53356548
25476178
61580932
2131191
16685316
50032218
61844201
24748345
30400154
45139346
74712538
135549931
146911245
18313600
56397720
38252092
15112070
41613912
41199157
68940317
167234763
173631166
122112318
55665976
20793816
33884545
114582201
108382988
164715111
39652411
46186400
75327647
115396608
14293310
71293820
7996082
168695591
26347170
48935222
112764971
168172485
7668952
51254405
15770846
105913584
20609518
101895924
15248067
2697621
14333756
12325862
20139902
27760317
62591681
150072050
23827692
92636901
77765424
12
139565792
109147929
6017542
115485051
78532115
103713186
88460036
70767926
15830716
40851965
17427779
11740782
3004231
22720074
15155074
22461427
18868617
22685200
428333
40280830
16466943
31147308
23326261
47384568
71844314
25889980
28221296
30341213
14780915
30364057
807095
35470355
27011788
8225692
