707479302
17629860
2317351705
220141191
15675138
325554207
487118986
758712459800748033
5768872
186471345
4227731843
476877276
16534711
22549642
703071700477325312
215996236
2893511188
394216985
47786101
3481015342
30552911
423574736
3174317410
217493607
4625687418
4597092982
513406896
4612356567
291367030
273132659
264417799
3996937557
2882870444
3039545817
171349557
2816984391
256582137
39075275
1244262607
2661374479
508086493
2701760315
272299227
309985367
572088993
1936640000
56509677
67665104
3023447110
2394953599
61575118
2286553238
19646364
9499032
2693492444
62737837
2596031384
248877722
347344077
140922305
116332298
219019984
295416119
109134393
278682576
21094022
14548913
21865822
97957137
71746265
98012335
910750945
158606646
32468597
582896408
218751132
329934877
197142024
33698687
398933451
268485186
174900843
233543018
730979420
102846107
354997577
396945853
559675462
34140316
406744818
92373452
151635175
209780362
423127626
340407166
266159994
553016869
44651602
45756030
15973392
196374116
562343909
236983585
305817136
167046714
11082782
16783409
6527932
14119271
78921503
109562053
135218598
63284897
544904034
552190674
572290959
95217117
539029648
391824544
253197144
516704593
244730854
274872110
30767393
189803737
24748345
24776620
44521686
15492359
5025941
19474281
38531995
16561884
31213362
22256645
22282922
237502550
315585961
336230439
58601997
421303739
251632563
148850076
5520952
201343747
274259338
8225692
56006912
114582201
108488345
198487141
204522783
43152482
165111862
197218522
23816931
6821642
153686381
40744725
28353028
9588742
94418164
17815629
69654523
16667262
45909834
