96634419
162906509
803097411052826624
738401944398639108
4271097735
146099241
151634483
842999095
778944674593726464
274783636
172127073
712647342
774847048717832196
771109330661900288
368594433
99999150
431675027
266720350
1201236607
2204943337
612903554
304974028
734939982478114816
190778120
161526116
339222186
203646466
136642702
726463280915554304
406306893
71560814
581223573
226766649
256268757
168421709
2337733032
165212692
258355445
2183711201
243915899
4364620473
525993697
603207187
198730404
917507208
137350291
24748345
133129880
61355073
189260519
361666486
311078918
186471345
223632133
403123249
1112578082
279585066
275753562
4844291445
2270133155
193147587
374259514
713921845238632449
142101416
725120946059792385
181490842
254274083
112757144
11348282
8225692
3145272501
97513349
130649891
17471979
715651370150412290
623329027
193474786
10228272
197230319
185896696
308668652
456026573
241354327
206300742
549548156
560714714
195358926
297802179
1365420247
132547612
738154039
3237866668
4699304185
103511589
1406401261
514985905
109120599
183352638
3346479719
263712887
2315467586
113396917
2980185515
297001218
1415978227
239405951
739571684
357904880
4098621088
354727898
234165526
2939113095
381766129
1920809696
4442253339
525988826
366563089
62897231
240859258
190341572
2762445796
3634174637
128338151
1395327902
319909239
2494906237
3011520292
243051010
1151465664
177688533
2405537576
336885064
3319744917
420695719
199107505
107129782
931296823
727348032
200310559
556466444
2983208555
1306253390
145014308
3370803495
200327618
253896978
4050286378
592313973
179348926
121593333
4560212189
242941068
441793740
4053912441
2936407059
143684517
335344255
475245955
623245910
414337157
2730444599
256627221
1017537835
549678993
183485043
2618996787
1164338792
2579068629
870644635
898684074
2436794561
3012786401
325212854
186557332
374305592
248877722
938356124
3220231618
305861104
189028330
147059915
2961446921
96039232
297614111
209339702
36928426
46919513
45580261
923723004
282064204
1484824621
627673190
1410957181
143615046
18224632
167065877
428505214
2944974279
3616641015
200685199
3616641015
2944974279
428505214
200685199
152987149
62740747
86962432
44670915
157859662
135393154
3220633855
1612152548
3191653769
3178408101
3135465423
307145325
1327926012
129280923
330446733
2748065406
2802526080
274191715
280701704
2710521499
1463849586
1543478653
454132312
174279908
2749660448
2750468612
385664082
169608003
163583839
337395672
438008165
175963330
855683515
553765362
931001653
483086778
406744818
783214
204493085
586671909
160244291
2512151716
228938146
488731085
740336334
244246623
932429090
572329854
101895924
58531272
237468867
118915086
171840420
203292601
427612298
122555564
63679163
148759599
291367030
256604022
346742249
905228334
135668419
848600389
945118298
311235377
818823402
485849483
472734914
799130562
165243102
853286576
183843198
1102341234
238557587
296031700
881225246
361397504
406042195
1046774432
1059599420
609447970
168021129
246047956
974456676
528622141
286299381
1287427957
369093591
130077395
285965021
1446254491
461432009
152124962
578170884
146496613
7480622
289757024
2373027782
220343896
1186226905
858268430
310484655
1424775038
130341955
110241601
229614044
94708604
163638291
256620516
340973041
2237676459
480038011
236556039
168976428
879261288
203680218
348627794
1049055528
1442122243
357699232
357748617
107532510
274015632
353598693
311032328
1376155356
139092348
222929519
418544429
269971806
452155423
229673287
554467474
1220377327
329789735
550202880
151210683
34949757
333534411
189373152
533085085
60865434
140960194
884556398
183387449
480544017
14872237
36483808
198308606
273692315
46365884
133763089
111416958
726064717
384526357
509278394
282231216
259794418
67665104
203707945
127910704
85426644
236728313
1344749599
180505807
142295586
1087816314
202282454
186691270
197186439
130344230
143618915
612280202
502180280
267945236
238807707
928580977
209780362
23019705
34507480
1177274305
426738834
154955258
919804520
223671233
16262204
205755462
436116856
388485008
858031086
167597783
73308650
382464321
369643907
200291370
217645409
201343747
584162460
255067662
239652232
24702915
329989338
224494915
519102787
175114792
228436092
182852488
308117032
211975609
262791502
383347882
190455786
220946596
299272750
260964714
424577374
136007061
337564425
84778025
119979022
95715393
43152482
74705029
220793233
114839691
197842244
240764142
170024950
119958558
307096067
248391074
121980588
223363086
212005903
439003605
29479000
140982016
308711658
185827887
151123001
250459233
256084798
155659213
425376393
19691643
27134036
255585681
66249499
165456612
258051429
257696147
286992172
217562544
254950423
316831137
352832552
316157250
242909157
280878102
352269244
211674469
245249130
197929052
251256708
144397190
186642751
70846145
215407557
154004114
213086426
128143201
149118946
