221468611
318116924
732392777946943488
3017844993
327204861
2170166655
729426428777930753
723327828310282240
722004557828644865
721863054120591360
4583880141
406744818
395429154
389480199
77280392
133515601
1556902098
2401420147
209780362
202691617
339649200
3674651777
186471345
3305597481
1624152589
3373125831
564856631
515030643
123275212
129509071
3027098686
22303355
2506898126
572294192
67995969
224061663
470420331
1518218509
1004281298
130613344
248951046
221640058
818347754
354076699
2484788653
302377126
66436490
14872237
155659213
1879868269
150896916
278065615
16515099
382267114
259612451
221442560
525264466
703109708
2198710072
881356148
148850220
2305196828
2290171729
1416662604
21447363
236173919
48872070
5520952
133074605
189534066
410203574
229144847
174825461
198040928
369667975
1961696946
172947625
1710965328
1676787949
166490961
485031826
21244156
138795943
413095131
120327178
454570590
462238729
431916955
1128670062
203689016
433814334
1183851859
200523390
531400166
1175286494
333522148
202347914
177338923
165266053
22027692
223447200
341259722
1489252855
1367492570
799109964
56039780
1348177658
253729804
1070105436
133360479
245913697
17248286
132334734
217843851
1199378059
113034662
79511362
587150495
14772687
1058484008
111223192
247991691
27650692
17267346
17484709
63462207
14102913
244246623
67760095
101895924
819867930
118161896
182414964
39600564
31927467
8273632
220164643
89212061
195787601
740786472
180108189
183366532
360828860
336711374
202338655
359447316
588764965
198507607
574955374
622979539
340496432
142448728
193984865
111159094
10228272
6446742
178953137
16727535
435976656
20515095
44409004
16186995
