317888472
134671641
111105983
3434778095
806145691374456832
49233597
245435308
213589457
91205550
2551187059
62917505
803031794
189628123
3091457703
51496921
1507244882
150896916
129993932
184226456
254630569
1883786324
183677630
114795734
23224517
2745633727
242847290
169554015
281225331
59918996
234071441
21694413
218549276
95259383
53202969
2341412985
51591244
2445809510
2296619688
96907482
141318982
349249566
165890902
174442576
2768860224
324541030
326334413
3433103561
190800122
95062945
217588362
133184048
239988268
38038211
259810724
236073921
262425890
461487273
185344640
543524920
3068008631
2868267098
3350807332
4030452559
470258321
24776620
34910262
227405179
197097278
126329015
35289042
58813551
250232548
214123335
32573359
72325179
472321989
212319985
219765842
3108351
263760525
2396731321
718273566
257561065
93080377
2659795962
209706760
177317220
423156191
249828436
250249738
1894418930
1415978227
145326632
2304185556
501990064
3144308476
183469119
326368183
275140097
776636702
256615181
2864113516
1687345812
209690104
119979022
236425029
223858277
55778620
334061996
312273811
171228312
533257020
7827962
4239040635
335105518
354159860
633728482
378004039
392908603
840828390
2523197095
1119634662
46452468
839886384
234937014
4043060523
388007225
2635421045
406744818
219889402
1077673004
183075311
214807647
326513866
529063464
67634114
3298802431
218723076
2267990018
212323094
219728843
371078665
17828368
168237661
262389559
219019984
255501384
353194464
1717826521
3033559379
325271189
899001996
423764833
337800168
333498071
2409492054
135323871
620052148
271975968
1671358760
207735455
236994974
21028394
3029601910
133826386
152188619
86573353
1452647930
170035344
239868175
286157725
285731620
163181937
935969983
501440873
130613344
12569982
213536880
149180394
202274022
1195300838
972139387
540054016
220346165
87503775
2516508110
950404052
1467696480
206724138
203691685
322787975
370315488
240733743
1426910012
179350497
299278957
188103460
1340093724
369779016
1572685855
99330869
225879032
848335057
58838847
169067131
325554207
227021934
846736610
351973938
105082141
277082044
104609806
345053613
45620243
217650546
449941365
200334789
240422716
535928629
249396561
202280296
185200086
265439160
1014384037
98708202
199443852
382182301
45008193
230045203
209063438
378426388
35058064
79341693
205703978
39055126
234916423
374589976
248228441
36888369
183878675
1583778948
51254405
525264466
353335426
215996236
62437668
275081779
187101339
239595111
89237491
243711677
162086273
216809176
343460327
214515564
326404866
148162812
962572027
228245400
188815376
168894265
41728467
229286201
353137143
221545347
219116414
116270039
144346515
1265071
21355908
358987033
138228579
52106004
321426038
253408988
140922305
450772751
201016628
490516017
386043500
475977728
336659594
223622113
485972717
335365639
102214363
98937221
242208808
174806285
160566110
212430220
236967489
219143873
157205699
68503296
301815894
51581070
254275716
531501711
232189800
193302751
107188493
184902989
335410379
369650363
193400259
353831909
145473361
201343747
251827791
53468888
270951663
157467479
220856813
360081950
171516353
254583669
119392416
115516167
173639838
302021786
588320990
203764095
185783496
204406337
233543018
274670735
313587802
577162059
119888514
187796397
356632557
201509661
175447500
191949347
165618418
35407103
272299227
403739104
146172729
201794469
179987182
475892670
266154724
329895956
300390462
280066206
416053192
275617943
142101849
93082935
238181714
37941663
426076591
423574736
89223067
409594784
360249204
21514980
220080928
186471345
327556917
147009174
374794477
118224116
39652411
258398584
111157576
126189708
202282454
207138024
167178940
128242439
139565792
285124854
127005461
167915101
209780362
79005591
255770559
154574837
296033928
197150382
197480910
218626985
93680677
89563373
97003915
101895924
86374475
214504512
142678149
9525752
315510570
151635175
246342254
219497196
217995819
241181561
21337345
156173886
14333756
47384568
167207533
161832529
161816046
42479903
35047698
184457107
133945128
56502954
192378571
167391967
195048109
147443195
204998743
197642500
73437173
96382385
246507155
175114792
161808958
61844201
208214385
274715971
39692424
185658756
240388566
168530002
170895870
62573615
201775748
128955581
209110979
40239960
161735807
179729618
72900795
8225692
161814182
161425305
54389843
161824863
95217117
199728251
220054110
175437503
171211605
128937967
202782111
183661586
182181057
256747696
274259338
97513349
118292510
244532858
184546760
33884545
