165640663
314625513
234893497
140922305
326344160
380569832
51254405
369779016
222231985
185658756
198226950
24776620
244246623
269069240
223838707
261022029
222525189
531655941
132547612
98708202
205703978
133184048
2832001861
256747696
254275716
72325179
1528449948
170069351
207507776
35047698
221442560
97513349
167391967
270563992
14333756
269862460
303941159
33884545
35432753
2183711201
2255500765
295290673
186471345
192378571
586671909
46130880
274848290
2186939500
146985042
2148302864
1005030198
584162460
80688967
246112803
108488345
713439462
215996236
305817136
316781217
549893437
1050960636
628655672
407960750
1126671848
1689916988
1433575224
1655777034
411634680
366743548
1659014396
62437668
1575907537
864009686
210536342
175114792
56502954
1468971624
59870237
961486819
611060994
180505807
135970264
295765850
563350368
166321783
219019984
216148789
331338435
410203574
884556398
1183367126
340360210
623082377
236228734
964674882
556152909
420523093
1060866870
285851484
210509836
297162461
902481463
272095974
386623907
196048663
700368678
735084271
314266206
215109282
207288693
315230913
140960194
531425904
260909116
290576174
799591568
266271643
179586266
146142134
220601031
554111884
900161390
922222224
254083268
633292825
111788102
143301764
307575219
452562736
335749957
210757885
374892528
201343747
139765104
341278310
238363573
212580887
814218744
380957466
161564308
310086544
378292476
383320162
454395834
724898406
718864824
227100187
234163591
202010878
490475993
198523297
115516167
185737446
144964926
332443329
108128281
390220919
198666634
397979775
248982370
61844201
95217117
204406337
35013719
175447500
222886395
24516380
213765820
197273436
228494991
553888700
46205856
159547415
371346018
268687416
275586822
209780362
202282454
233543018
313666826
34436760
272529954
215439713
548044464
257038715
319296983
212005903
495429981
273056992
112757144
467527154
197517721
235723504
273692315
362206107
136214725
217480853
275575112
216357142
151354454
262841449
51581070
368070386
227233892
235228308
111459200
189534066
176909786
97979210
207725775
299214758
238807707
200265700
228609209
325779029
77792947
188103460
176136993
176627249
156344442
138996968
176218418
191872261
228232404
191949347
214807647
138478860
178589828
264492552
129280923
161831010
132679073
137034509
57333011
8225692
125492611
165111862
134123412
214123335
161354140
101895924
182852488
150008859
161775175
175923047
56039780
222344995
235625906
184993287
217843851
128242439
18661588
167178940
