2411233244
714196125239156737
1861766425
3029159385
308552544
248047208
1292805194
977241883
745230793660862464
788202475266465792
562431706
2496226642
186009251
47395667
77040973
2897957976
728692351317594112
744244838472744960
381764031
802165221611728896
2934553582
1892312702
381688396
460691965
3376778110
174825461
97486299
315403507
3117335656
786699991406505984
38682272
781908969178693632
140346545
87912932
365536992
157054682
145781550
745687538430578688
146486648
4606355063
3405977961
751548674489057294
962335850
718560481
17530146
463294936
54598980
340364507
727864035987820545
589003950
2918981841
4002648999
1402885778
1599221940
4427317191
65184105
2181273024
4513142352
205367783
4012898602
2886594821
76414649
2884895668
2873889578
2837996969
3408340092
229880065
4531313773
2909232771
158530162
17471979
2855283029
23993083
58054261
3358273271
412914400
346350876
977973349
17804823
19961801
538034806
2756312377
2407126813
3805591756
590183951
36696143
202706596
33530827
79229132
15018633
603168922
14724725
999470034
180005406
3121950808
186471345
1876540573
301028613
2852791062
249707168
1202698482
355445976
135540681
273918036
15359514
1423997096
71121258
22549642
278682576
266178979
2542450079
954314562
585167252
2842135798
2872047052
612676389
2680351350
147421727
1598644159
487626836
37417482
353071717
271261575
1158816732
41127480
851393293
597980976
327470494
245068076
506509121
256156501
66381461
441538192
45350809
827757331
47345252
1148568680
111037335
254768310
419056761
1282304718
549500302
605725858
303619563
164894207
138298681
232324245
339953701
210894528
395429154
87451926
14090931
210310804
267158028
213720520
154675980
153050099
