20562637
800867506504298496
21685896
42899986
742966027835871232
231577324
16573941
2253105300
17813899
14458280
34339385
705448124215664644
179060416
1058774666
38638456
21288052
14772687
373471064
24776620
3257608936
3309375033
83895276
19606528
59790468
2204034272
2771809256
398416843
21650429
13877022
18938378
20562301
135009793
887934199
790380559
186931935
181913019
16184358
452678207
32122637
2383721767
355620207
56716207
206389403
388443367
256028218
67665104
186471345
523619088
94646872
313070057
4332133109
592123022
2837316858
3821119094
3243658266
23332003
48476168
26976957
707103381291139072
29484644
15220473
3047974969
248877722
39892146
2455821468
334984155
312180753
17243213
8161232
15951681
4383304157
9695312
1636590253
3228100409
2854820210
3165902589
74580436
3291095037
2835185968
139853869
218939578
121072766
146594357
1022263981
361343242
2285622972
1098889993
441576941
855063326
2719855830
183260711
153929488
536562594
2434707121
2899806880
167046714
23114836
2948430605
2298200660
2908378857
203558451
13058772
67358777
25053299
226348151
14377548
27102763
17666579
247381679
162899628
165089596
51350401
2358926047
171663779
34356968
14117843
297169759
454993717
74596930
852974022
295705927
321014839
1884333091
615927039
361468994
105305259
1690031648
15846407
200163448
119071734
330141772
1093363586
275077168
190971972
2552111
14702442
1938802314
2290549202
16727022
176875822
1333039657
1432114224
1481125170
74622741
41431123
624556771
1270243364
1450923806
1107733344
1284455035
2266385231
14434070
14885549
19661363
28172926
1898439097
34895993
14800270
16201819
211891109
202465422
2165568305
253821819
1894862900
332615807
945440959
1288083338
40609750
25234311
17244973
487843424
1360035901
267158028
229789515
498392326
534249758
438405537
245331014
207887190
75496615
1419679231
1272834674
611209578
1077038420
194863595
740118727
15752968
226432158
217863215
16175706
299904395
236073921
311072227
51167726
39051824
841058863
124503616
10437802
60642052
9507322
1286978436
618165886
635391359
754934035
746060964
43227449
1091699840
302526547
1286007314
15569235
184989620
33643745
19993934
249396209
41174262
160689669
1370747220
225850780
192407886
1037986484
629527071
198577379
523457980
443865365
1056690896
89604970
285361188
403402204
27842409
71555146
410955590
263369425
197330070
969135500
1235524862
19335952
74284725
766442713
90758519
14882900
318791926
104265917
227017108
66748201
115952054
106102596
26737799
15445811
327470494
195110381
97613366
337726224
17810254
67677484
20434358
415859364
242112567
91478624
607297004
1264955904
30381692
547273890
1018913858
1172894245
446559236
353701419
62589395
18898143
854512956
246839553
1137960103
882582638
214123335
337758105
763880317
218572991
634012348
322698337
282231216
633728482
563350368
32896578
222789738
58535652
235599881
282768438
210148155
556944013
621494810
374638620
400126373
424205611
848580487
293338829
622150273
220369210
105285304
14167488
505230876
102693037
202246359
636499991
838982101
28011981
461818233
275348798
465855867
426963836
631459251
518659553
586613197
207670471
22516489
239431937
382904290
132228133
97233205
326344160
188427134
573919545
774455064
19535123
183441856
193754779
155693377
217493607
222231985
237123020
204406337
296473706
360171181
227051055
55421040
344973480
7178432
123147423
14080704
365444006
239471147
16609482
494488014
133184048
311013915
120948700
202782111
483515273
275715910
122069129
5838072
167391967
202282454
192945606
268269651
244136790
555952239
150299740
483995184
42479903
258970849
103767584
155765432
90693934
31200858
19916163
18863815
820903100
584290563
111157576
589463534
589646492
866746572
702439339
41014267
315451896
596344490
590346319
246507155
15944436
355666423
246129786
366440063
823484112
827834162
326384467
22364823
250669046
111152411
559852459
595211619
77629585
231281222
409594784
428322577
140922305
601227277
14097734
116647784
494286783
108455006
169291609
17874544
330157584
544047782
73481045
30767393
234893497
382469423
161906125
197305592
190074826
179131196
602028498
55637356
637153251
311876503
537691563
192378571
24851771
5402612
17929813
807095
21404428
168530002
24748345
42722752
33884545
41426586
637245097
363991641
250288654
101895924
17028101
209588395
32467465
71961022
599525093
263436777
479809444
486613063
652193
40148479
14575477
241264504
286823325
515934765
434646155
509050638
49085235
274259338
336339362
201343747
259185757
17430844
20783424
412535013
340430980
17566680
462726419
361007600
517823814
481869528
544496706
182771087
321556383
490516017
406744818
202782532
167893157
358317485
216390046
17986973
80033564
358413107
381140429
375481345
252619660
154712599
131694977
17040608
135015650
138099903
147759059
345635027
446697828
273705578
250831586
7905122
497977848
106837463
12044602
31171669
5746402
817386
128691363
119466953
209280719
345484898
437974400
81888587
398316309
209780362
149339474
198639082
291727744
44174510
319296983
38804737
161425305
122028557
115516167
148119047
15737176
16658429
69684612
15678167
29234804
3108351
49078651
300114634
199095171
211994082
44725113
40808955
231693082
227134630
11891512
106783555
15044300
115764455
109590506
126400767
90955033
315585961
154368051
283695774
322039971
230051107
18927395
288876364
339956944
341596670
160067147
322886200
217458879
16711478
21093744
13
187890410
322082897
186923446
232592165
267874197
258961854
71400384
14788764
134719459
251487559
16534711
335130209
148857281
84467859
79265076
12728672
9688342
151543746
326953842
275218527
24859536
74594552
18127359
63901235
69512697
203562377
235676879
101788047
313587802
60174536
56476505
226494449
25338609
235769239
96805389
15066271
301620426
228700974
87077721
298870471
12416472
161824863
292479743
626433
39320055
20455625
22712714
766909
272106255
297203629
16138824
265693356
94009674
28353028
26244629
204817833
70299933
274609066
119588510
185658756
97003915
130243910
24647590
163978358
235831671
271603089
77778411
184457107
98722318
8453452
212066025
256747696
133945128
98708202
208201943
205983640
105985506
72331901
31290887
54389843
18430332
128246017
59714229
234663721
192820316
99143879
85426644
239543793
239444441
222344995
187346610
29856819
147443195
22552019
133372251
212005903
125854580
125119245
15090313
144271430
225712039
203093566
16519478
47384568
26259480
200181099
117825820
32179224
204883122
128937967
212103710
191867466
17602896
6017542
18086663
16896485
35942485
48748362
15942436
82985256
98002119
125706402
188409587
46710961
35047698
74513258
156173886
68545042
37096554
173089360
178383380
185531867
2467791
17274423
15824036
16520708
772376
112243365
14334532
14706902
972651
23244977
1501471
10955762
16444606
15947185
18863894
146911245
168695591
61073700
14333756
97513349
153382556
92618902
21355337
19309479
19841819
24395545
10802932
54823796
19407053
22256645
129280923
19154824
170883433
39652411
130682467
24624154
23816931
75711686
136057696
52869820
77815337
66900678
69129108
27471945
14861285
24022993
39290661
14433036
14562016
18201114
30947351
25234730
18905134
41020144
21530483
147438263
122416216
759251
21253742
25375521
80464013
16870682
23022722
16515297
15141586
25062513
12325862
18690908
142977623
114685387
130684475
139986343
129845242
96039232
38865415
15148418
32998543
35767916
23249204
135507112
16591274
36289411
18793794
126235672
95217117
51254405
35170969
53195517
26832919
62848007
19789294
21253062
15012486
17220934
16297082
18848123
21630687
11518842
15566901
2735591
15009020
15008936
17583639
25087685
25093616
17266725
10228272
5746452
87179513
19720220
9534522
1581511
1344951
11340512
20536157
783214
611823
6070762
14372486
2890961
816653
42157016
114894699
135199534
15383958
16322574
428333
813286
61681336
53130959
8225692
27843808
30918626
47856834
15021345
60697316
23864985
15397117
