2784470814
1904813815
3328073141
2394397584
167455669
247462556
1939372670
295792402
747432691553964032
2832408063
3372106840
734544558655180804
734523944208891904
3087198295
209780362
726197013734379520
723218743426441217
270109821
309894107
361340131
1139969725
563350368
57333011
721510672492797952
720242826672414720
240733743
709858443516112896
704088834917711872
184457107
4916663405
38031169
2411790656
969989642
186471345
1390616701
143673790
2673955172
991875492
91361382
142532674
97513349
2960391527
3224298339
486650206
223368322
14333756
3092076841
2885896635
2961061731
4147893208
3376905322
1195370804
739417207
178938909
525264466
3494072295
3677246373
217890610
1249123980
418782370
3078590132
2753783941
2352161196
280314585
318844390
32573359
40621746
2395128510
125452967
300553927
724527378
3239995205
1339468159
241362172
2651182416
217624278
239196350
86867494
2656819133
2409683900
81882853
2455821468
251887080
797151840
499518172
494627831
259338427
1164588961
1581203119
1717009837
189124591
345678882
163978358
161060476
298027535
161842201
134123412
1086934111
264862427
153444480
267271723
284088966
500409548
182852488
11740782
217843851
305085584
175923047
161834182
261620277
244246623
340654077
224255240
14263689
161775175
24929621
107125043
66215194
15815700
80037636
135955550
297169759
108247668
2425151
106876550
47612389
17267346
14727959
192492575
17549677
95715393
128937967
95217117
175437503
720680942
