3144308476
2196345865
2173994079
212789142
757953474869035008
167084358
1028571602
248877722
184664175
475943441
242341736
256597603
181985096
320496551
242773632
157158189
347960785
2411790656
2241044252
217847294
38252092
3424555301
1343533700
3430384282
120092570
3418618402
149231890
634238490
147968923
271612660
249450933
580599327
1658843748
1015428464
202280296
3189681213
317649928
244681292
162449540
3145272501
402852524
424502643
231956687
2474668358
237839774
120538744
279705384
135323871
216957079
199136639
1037593838
3164650738
2455821468
218977490
275140097
3154057735
2826923126
2823699531
2970127119
349269642
172531324
1525189644
301741937
180505807
130624804
211760450
321722291
128271159
87808186
104974333
8273632
405011594
1241668681
177698916
209747378
247400745
133922510
1206174403
119564401
869339528
182670958
188946780
376894083
292644073
418962017
275675372
146204581
248862557
614124315
282260115
2579348709
144943055
746288658
501207312
352431230
178499044
234081860
207818457
805934846
2359984081
1311756146
289766480
2374387070
268623380
304069309
256627221
229252295
250864362
207852114
226738400
57912874
2510750974
314846953
174279908
235779861
1273628538
2411437280
1245209982
326840780
238561225
2436333246
243673628
214244250
599413436
112198170
134211782
623265313
2439218205
237092406
2290267244
336320043
229217145
464957488
45392154
144049593
815248818
261022029
133888763
69121602
1322632638
85603854
71114686
213178591
222276872
26757599
468448317
413382043
40527958
31927467
891274867
292544846
1323944575
77661150
65186457
406744818
22179997
40076725
17243213
2286896546
630304848
219012622
491701660
2205178333
2279786390
231169854
396380577
494303115
120271447
780248155
222705569
296284192
344330729
573808532
140862546
364231360
58505147
37130184
487892549
1849774219
129899054
135635793
392908603
1316232998
251462259
82155775
348551345
23694244
209780362
177415766
160085954
197226480
317526927
101576366
176332352
1924874324
15759794
199878870
1581576109
558253461
166171874
129973351
1148786814
290385922
142725154
874775042
392294710
287377727
179567836
383637912
135341659
405091803
1931293974
191953496
96059519
177785636
203292601
1490097266
1858123388
327692638
242530804
136042801
507707541
193428516
516132092
543113506
482770403
223305391
1599181808
1599281233
272463231
90425965
65103733
262882998
232304019
421904459
377045439
225696889
204840311
119392416
361009985
239530544
378246020
95482484
356537081
261075737
385676566
1111720602
1279051344
180595764
277881127
425459341
254275716
128227537
276772394
88023268
219024755
204415570
147020852
628799083
136033299
94557836
176701556
135323061
1365977370
1104285710
8225692
62573615
616414615
276240055
208423473
240733743
278807728
378822421
844149606
57039782
77677582
342890191
1374686042
177070861
381662367
764178372
878696070
245153182
71266431
93646686
198027959
347407216
270178989
460513197
384153510
336785711
1056729385
64244685
309819192
329290770
309274418
12925072
28353028
238049150
985211515
520466373
516830480
258457555
147674613
214695156
70846145
172025898
198513306
72047325
718762573
153295172
1089448748
1241616404
291367030
1283612984
411167512
321617633
239050704
1217356861
307898138
1266127417
314625513
214348776
119776110
570258542
50077052
576942939
235353859
575458974
74177289
967163238
107884444
359194660
95715393
142114827
195997984
125218582
85373829
31133471
211755321
811297508
269011852
376027648
924128768
47288005
106538753
161354140
574670323
276241827
44409004
224223563
33822438
1103867665
283696215
69291029
96187825
210167532
254950423
1089593432
1092861642
860007374
380569832
1075537734
130103184
15759954
15760018
906846006
57333011
378905867
164691302
265727516
631217172
163684685
390841272
218557970
632610129
82985256
175923047
539501831
902035056
865361472
193340814
175553133
231463914
88431768
62932145
112760608
72325179
170895870
172407112
123764868
206738810
101832944
279876396
57991092
188835640
164715056
234916423
234426900
135322428
256237198
829943322
803333268
221522852
231065141
111735201
148007410
552949196
161792834
288528334
123970632
517794955
703978262
300507221
304634437
231735687
329459321
275099066
201339105
190689167
219056230
236503945
598895867
48142372
219193287
636003684
321790738
553703921
72478149
88681373
267568739
312472541
129226078
192306596
42473217
348614284
59066604
136781814
91939309
327658894
70162012
126406414
423764833
545362031
97513349
193755669
380036581
276715521
282109095
304052592
471161265
307648541
57099808
250232548
379320607
293239821
68261752
21425125
202209240
318778394
72344805
192647460
117564305
62897090
287879614
289410114
212058987
193744756
194461097
173845019
327757486
126654457
250804098
327235343
145657132
323588250
339795131
217917863
72898072
357898442
361535643
89375015
75050494
271239968
348149370
320940441
117555481
384146911
207333584
160325460
114848829
252659073
172943440
284708105
116577462
86374927
188222692
249412826
116611790
182225130
157834103
257260323
258524915
135602695
15697145
227475065
44247973
234950856
33884545
276838481
231293418
136037530
189629902
118800631
140310556
172374477
121779106
266801190
287369881
278200438
61359460
39203045
24702915
85394476
110213431
80654397
43152482
65432405
69168087
138510935
102872017
178786536
205297900
52930397
29123186
18868617
110827653
19397785
31218385
168807221
25203361
270005881
68904673
219465078
198764195
152004439
283813508
197449499
108716709
118840509
275241376
217843851
236967489
77512825
198226950
118860265
104249727
27260086
167178940
128242439
21447363
40255499
56521114
180922975
160755080
181624371
194590712
19737223
181548609
72340754
168903849
218597515
55380934
