836818970
267013402
329393950
809759000233447424
190869117
504042958
530815631
3262141767
2876700803
14363033
284321426
159335624
221618459
1262831526
348112681
290401936
267110606
1228312916
262389559
350411337
279300347
202782532
343780155
375369761
3144308476
1219316424
39692424
152142811
17813487
35785401
1447698038
38038211
58813551
35058064
19792505
2328293677
245503605
2328135656
23457682
258637948
160762377
224665751
96187825
269453227
3807335653
382879984
312151116
281037396
64839766
272706496
1058630054
114870386
2300039929
94645058
3068612835
801286573807599616
217588362
731687205928865792
549304493
67681658
290833899
393892859
234527935
261984157
168141643
861771050
386055341
113688232
127737487
502447371
377203707
547255805
241175946
2311024198
701570582
205703978
121291296
118083919
4776744479
5520952
160393771
3493313789
410203574
2445809510
1539915294
4720802715
798978084305248256
617706932
724367558166482946
2204920100
253717734
153507099
1217357004
778564176
234618897
133906090
244110102
9633802
3168106167
3327027924
732636568691834881
25073877
329169114
248823743
197088762
4364813237
128955581
354650154
550336226
137034509
120674376
245996781
2187510895
186557332
161734463
207313180
258355445
3665096056
4825486947
721551649639120896
762872272822542336
3192716655
771933248045850624
1026840158
593370001
194171433
378155525
1076689447
403032300
2474669829
243809602
165816685
212328787
185343374
51595884
115257098
422362998
4373455995
156040614
239675343
817634803
1228401260
237401462
2423290220
317526927
515869169
161824863
724231288060682240
1595070374
632015758
164501242
240776797
492680819
395429154
223707073
1195463881
1147019574
135955550
468586302
174825461
241747585
318674727
21104432
25743813
3152860510
3377456457
4850127701
898636104
2886445283
770894750
3613279756
50352146
579393515
344404444
330461102
364626227
255087849
46269634
118139476
259303507
104328602
896195761
105186569
42434332
47491330
83972205
148374013
2648204892
87531731
775530061730570240
1847554663
582255981
788517799442415616
781726015
2908003552
237060196
240771097
705488953483227136
551065617
221424042
190907104
807131618
289393306
2549059915
4085445015
188406736
2556920335
463070057
258398584
348514673
317888472
233663589
201873907
1687345812
247779151
782995354874765312
190114086
2529940693
1517724704
49086028
1918681195
308115043
274703361
263249352
250729244
388396381
21017888
281225331
325756456
186221806
739824589807702016
214493421
1126172846
175447500
284148966
2868267098
1620869582
214086191
364440202
3405818445
232237571
283372569
330021348
315377387
216429192
776094188463095809
1960912682
93657637
2402217649
1109491286
1068496506
199788212
224412471
3891897201
252884601
14436030
7996082
187796397
211682243
563350368
633728482
313587802
801736166
382469423
2850471418
2599103700
3442123397
2912818756
268315030
1548127020
281659266
466705937
253628616
321616654
219859001
309894107
259917098
304526698
347956997
236983585
2422854703
240754635
441158803
187704466
606696934
199397722
495266619
555264023
1390512968
1965740845
101788047
94009674
325191251
289606342
56716207
78380296
206389403
227466451
317783903
707792898297892865
15007299
128284524
76931020
540945878
100731315
2318196277
419972053
426890092
510465696
746115079
2227625119
89438872
259925559
522122949
965741665
414873454
344634424
136217719
490516017
746045035355979777
932463608
728348077
335114326
3256480923
143860873
3215553681
1463432251
388313426
153473495
1224944496
361340131
949897206
1328399822
3871983825
501440873
2387771425
1877831
807095
110458336
10671602
15670515
24742040
382267114
74286565
4608961
266192063
20793816
3048706807
382182301
1098338760
1485772502
266201689
380979449
736101479715614720
222782095
212459042
2400113790
991500217
138298681
11071292
282788614
105248235
334134186
221198872
165472915
481752013
2800796312
548683892
1035503786
1149322308
2536643005
4494537263
85289376
16184358
2218554074
239760107
10228272
776910906
556152909
263006990
454132312
726272542823071744
203961839
2291609227
138072143
4226458455
275864378
378253705
725742420965658624
183891457
809750448
373132815
1179431964
529795547
3259486418
701122149277241344
257068100
267939039
3120698290
197932909
201761968
1415978227
177188139
278366445
294485766
219019984
67634114
3298802431
2924444262
829831375
797381904
94946919
702121250148245504
4853496491
1902653096
722058248338149376
3063048622
245403236
106471173
4892369711
2806505887
234071441
236994974
145326632
64944344
204840311
69101907
15815700
577202165
78654358
199160684
409348864
347370590
282586624
538714594
81691066
1071624907
144866342
710489890996273153
3092512761
27986309
2532930817
574692406
155670453
2848349236
570095545
3892009840
456186168
32824821
234941587
154688889
318116924
1098279542
4805375565
156339161
61359460
66780587
23482357
270109821
487118986
240733743
4748612777
721362074782314496
37130184
162484980
2437331802
105190050
34910262
599525093
259342922
183075311
722211543803408385
263530683
101576366
186471345
35516293
728472848
390841272
3015824970
939367022
259612451
216783643
285137536
132547612
271975968
10012122
2752288247
3818545516
67354601
153493818
409594784
2559904411
487964326
717727412
477444885
132998754
569487472
1148209903
200883526
261568800
2364242874
531655941
776945575
2689364530
465855867
525030697
228611178
151635175
380016069
3437112083
350904145
441302792
457980421
85690177
33640982
3331979248
3274777260
3253664348
369089210
3253120459
72344805
874775042
387815553
2393423492
288847655
322225072
156862058
148611061
2487988676
331282109
2531703578
2694801487
1173266886
390220919
1063397298
609734284
2766897004
194439185
264529887
2413806354
1592167124
976472540
527329478
631256239
579429478
298638577
1673838074
2756437921
174527959
296430257
286772755
108608466
707153693
798661830
1935950983
136287426
983192034
1246582488
864009686
1331280942
1483967582
199722441
784578912
1523671897
1555541994
800997024
341712443
2574451419
2567666511
146222915
2252193122
2468170287
163744096
549893437
263866627
947957610
172871879
148759599
348725063
213793914
364865210
2205471402
363710284
361343242
243681879
231463914
169627734
315585961
381766129
14369839
355620207
319296983
239471147
397632308
702439339
138099903
67665104
257211980
374131974
821963779
381140429
211197285
413694085
433438548
287789659
546723878
167046714
51591244
192407886
72900795
201016628
612653666
303941159
234916423
203758949
111157576
277153832
326344160
360682978
473347939
533257020
410163657
557130323
207735455
96169634
246839553
293597186
368569541
259780884
200140664
167391967
204415570
198595684
369198132
224898965
177639025
150326199
197041714
232212010
327658894
759251
264492552
147020852
235625906
251887080
198666634
140960194
149383579
173925293
155549968
237440982
282768438
275628660
475329140
415962227
134671641
5177541
203292601
355809231
338667650
1003023973
263393738
254275716
205564339
175923047
341160736
269862460
525264466
72325179
15447575
42479903
119383183
126760901
57333011
491578273
268485186
271933511
884556398
379350038
140513962
150008859
151046032
161775175
214807647
703580100
1315181790
237468867
14333756
170069351
159162810
202829724
197273436
635793343
58535652
170895870
184457107
128937967
167841223
38425957
771955592
239196350
134123412
164715111
182852488
231637184
226459014
235689194
282231216
529577112
316280546
320922697
135950294
490609265
219012622
49698731
47384568
244246623
178219602
163312517
192378571
1333301678
197196454
217843851
194331189
238426534
229984224
128242439
748278901
502142991
167650630
203093566
36582672
248877722
77666668
167178940
351375105
175437503
174900843
728740207
202282454
358391308
309154970
353194464
443865365
239819612
1681669302
757304348
17790274
280217458
787287830
1389565844
333607451
627565602
72333240
57203939
1358515471
423668564
394145586
393486977
258970849
212237670
270563992
135323871
140922305
234893497
207507776
24748345
246112803
138955158
1014384037
1130198845
334299056
97003915
19701628
242448965
929041022
1069386998
1022263981
258881063
175114792
556944013
202274022
433627219
128314454
339809048
574539764
156823295
499059427
300390462
554538627
564887005
289552698
15833627
210148155
246372950
202792190
236490498
314276021
40885722
257735781
445750939
517742225
72624979
329754178
301691940
119392416
406744818
102210668
192257979
114261775
49355198
481263696
329407983
82936259
326758326
386662269
219765842
113092161
126348890
109349289
195051791
146985042
310667552
149159465
260820263
129030486
322249419
95955871
199471442
81461184
76560128
377001465
320587158
277605358
147308854
150506612
236401550
42638681
62437668
201343747
227096615
76442053
136042801
24963961
102389104
234847184
81289637
25889980
172067969
51149213
197591272
54389843
266208671
69198939
24726999
73517704
18868617
131301812
56502954
305005228
222525189
235599881
134895754
98708202
204406337
221442560
326275102
337993641
136372603
222231985
350194254
125188360
24776620
182225130
277723093
3299471
133184048
337251740
191920546
398376004
396888248
273377135
297584962
358020200
256517422
101895924
264684738
390423607
95217117
35047698
214241713
51254405
59714229
189628123
39203045
117144166
135322428
212005903
56039780
205562604
358413107
209780362
213004514
239189375
69333157
144152859
165284101
142349928
240848184
200657122
274078008
177584846
79494851
154593880
212071419
214888426
243549247
189196903
272695182
226814240
297610452
219482580
306019550
328750183
286385854
365484926
303594669
186894848
367136928
96837596
146911245
214123335
264444447
102840899
205078384
305309823
305348541
243462528
234420757
135221498
274259338
296037917
244730854
230075294
219129125
197577005
262882998
218626985
305085584
246507155
168530002
185658756
107114390
256747696
79504986
149269833
8225692
219076789
63369209
192687092
208145523
24040359
195048109
33884545
126217335
165111862
197212199
194210376
128955408
12416472
12325862
123594658
97513349
194459616
193484387
141371575
167531845
