737474896255713280
391600688
171176460
3095643604
715644282812633089
116812994
264993773
3298802431
291170697
215647675
98411829
489977157
468043806
175619886
42992806
3077848439
243220579
153075607
43135653
866676930
14313180
2186725470
15441074
579580435
146887763
2379427539
1961689334
2842054558
2246970986
554633903
326513866
437636228
487194629
143697355
2152134745
17208949
987540289
1716684746
2773943041
204999474
1335681914
2742253661
2740077413
1486139186
215095818
606655254
472460889
269864393
351730127
221046792
272004620
208307068
231628776
1391954156
356443737
343101634
1613496217
21570019
52810515
258242990
275675372
245421474
1563670525
45350809
1628223889
1020964184
2161768189
702552220
516874661
211683499
2400113790
365112624
37921383
1124104639
123032270
378246020
1523679643
244828033
2393860443
2349420854
908410039
185366792
221052376
101877846
962737249
197142563
121488628
390967139
197204223
138532992
154934495
448859201
2330759190
158487331
67677047
985796648
124472869
283542233
1694749682
165859002
239424329
133779593
395699913
159301225
70257425
1205123202
266754190
375369761
455156482
1610285629
443865365
54813184
360249788
2180327272
93036836
2161803096
2150946448
303888526
17343626
80939342
85323742
221198872
383518909
1683452348
962724571
64032004
129907109
256651695
218720021
127999793
1180286202
161152732
223914567
198234983
209333556
1694448373
563260056
100030967
50466459
256383913
305817136
253192246
1497278108
85218230
1417139665
166872493
257582491
31296285
198722864
253777713
183903607
56807075
107120153
213522959
397519120
43813818
261275632
199981735
709220414
134234693
906560870
289700013
120309480
284176296
144838144
226689009
217613044
203504667
198314101
1368477230
205559055
743131987
305415416
197127727
165629258
232971300
116557490
169189497
205368825
971369185
193365260
260103462
136098649
180505807
500353969
290024194
212623902
267158028
110316389
374929557
215120558
278896386
163104559
153625206
224758862
206320775
75905311
159167780
88802631
148794487
186968121
176266318
121226716
249465743
1063056013
1222040899
213404291
175265077
1190127570
456058027
207584109
1223421343
138062248
377149265
111995664
135731825
480931609
273132659
341889978
167893157
866769247
240655079
800719579
287752201
411817816
60049754
87379620
124512446
560772315
38043616
138082568
268486829
152745314
131688656
989983158
148961227
987883358
1005313664
99614705
110472242
1030972903
234058845
800324648
932785303
271522249
233249701
761654904
49501132
961014362
185158019
818975070
164412100
356426469
602998076
225629589
419780345
141615163
158814488
807870157
307507824
437829331
748143768
761958912
593338886
116815233
45392616
388598030
270650431
268420506
280663158
156696867
162382221
419679485
189124591
830311657
189693692
191503339
136468894
156408187
122206017
18855471
285368006
242391258
27928985
435401784
181358634
176590657
238674730
116962895
113675830
136366247
139436732
275012546
199686072
325854854
199915708
120171471
129634323
14046520
260390903
289449758
550699547
47798015
144394926
32758309
174459324
248497956
391598870
96645620
537323986
181254544
167245319
262803703
157879192
114744032
19509652
78046949
85118810
52058671
267939026
426161237
405286160
90425965
480957463
180849843
279045734
223575500
88759858
441538192
107135797
231487274
465855867
434639035
30412016
46151380
16203586
64805741
188077169
169627734
426932476
418382750
21398294
99999923
197227649
260820263
204466520
185344951
336909760
140267802
228723028
384697871
112757144
164720458
338390304
387332564
157205699
169763616
366605113
61536089
63040190
377135974
171316111
100276262
274139773
204817833
68573257
137541888
175267660
240000044
198777363
327470494
117328764
71876256
35047698
39203045
170895870
144255596
267494688
135540962
8225692
294581022
200883526
26383972
43234565
181228051
168530002
289317340
186296301
248877722
136007061
231637184
209400619
130977551
237395305
138482838
228231252
161164271
61495885
22677822
176910560
160239175
221122848
231280575
169544931
95706867
35877056
216778165
209922042
195048109
198666634
150565967
216435026
186557332
23415676
13838562
119392416
34746971
121842705
174450359
132679073
23653153
199051109
96039232
179276749
47288005
29749448
123594658
49573859
142758895
177285805
28617811
2463721
178150611
180849924
167178940
118286624
135654316
23976386
142179130
56899579
43152482
137125115
139775154
97513349
145079608
155659213
130122646
160729671
41269095
74750973
140513962
161430472
