56716207
218549276
287482928
797026330093256704
809062420912209920
779832969439637504
2459941693
1109059164
539742356
743181468462161920
727605452029214721
2790840355
2934627437
2750003363
2951077745
283569898
2867525044
347510805
325756456
2783868941
167408220
168295117
780302322387812352
781127103928537088
740209850056085504
808317203850338305
3091883450
957238340
863114036
776083491125616642
127351458
773551906136395777
2498726169
1015248769
2806590947
779129855787008000
780147162248318976
781466315739566081
773630965981802496
768431764704485376
760558002596380672
802185590242476032
797151888605147137
2832001861
238253234
33995343
11348282
3431420723
124882294
799608987767492608
168314627
798563307938545672
776213539992244224
264552142
751572808782807040
709189104
3298802431
2719713950
2784228805
172011511
3289327960
3230796069
3378949414
395583036
29161339
133409556
537523904
2890845057
2724774451
774639623188471808
109602923
706317115989610496
2386916140
567584132
61272410
284148966
219672887
1380207709
336100149
2491691580
760563588197146624
770737922584743936
2755202039
3126818771
774408182345203712
248824814
2839940056
783346500877357056
72340754
713542090588819456
2736016824
715712925995044864
2273237816
722094481814732800
398517353
4851632903
4222666426
1089070135
3232199157
1714782524
3304852456
870073502
3183947111
298268334
913131817
760539220712812544
2619111471
266751037
145473361
463988316
186557332
944677236
166012891
2342488789
278913900
240039679
254272645
3380432704
393783976
773910798397804544
780607406724096000
540000298
780498030323793921
501209303
700682694762635264
234929502
2489690788
780943217340604417
4898918817
235446431
277588795
1631846282
3895145007
712832349847814144
4433694316
1244937073
760669922510905344
780517689433419776
780591876596314112
292413672
556989248
244489131
633728482
789614113
248322227
415211262
539426806
3218034712
381852290
132953826
144056249
484151983
374285029
776182809895530496
755415596028878848
186226278
160230878
750433481851858945
257460186
3360972724
62904042
773689766739148800
2553345388
756755479259480064
2427615825
773915394734170117
773875594790658050
2540694014
949897206
126760901
259780884
303941159
563350368
1602300241
759079901639114753
143083744
3871983825
2885014492
4919587209
2444760049
267939039
3838465101
746446608896753665
1681669302
2419595502
172374477
135635793
752327785318842368
212237670
454132312
60661915
240754635
380569832
2655378313
100731315
1083845100
947217853
732743838519955457
289142028
363754056
274259338
205703978
239145475
132547612
2806505887
166192078
2536643005
3044649531
3045177392
15447575
1390512968
62634838
1638712752
207735455
394145586
338667650
134671641
215996236
2983607138
1228312916
1228312916
376799037
140922305
1245272185
308156222
233543018
148862570
431129074
334299056
3100534842
3068008631
3350807332
258398584
217634571
185658756
2868267098
2974896519
2974886001
269862460
222231985
1367825149
982677110
2809132018
410163657
246112803
543524920
2974978246
778564176
279395157
2324492348
2475805772
482345659
28222696
999867552
2984432453
2955471861
2843938794
219012622
1630968721
2869895985
449138842
1569358788
386969254
1470727010
839886384
533257020
939367022
393818490
341707642
2769513927
93011572
876375936
2213137381
535296966
166205272
556152909
250729244
1621580870
528107561
2611911811
174703240
560523080
77694285
146985042
35683040
344204588
1231197632
271524726
201350106
2214648412
326513866
245025030
145740208
205739341
368445420
318761870
231659206
277832912
1083779498
1478351612
632156439
1463518531
27909036
2316698688
2205178333
1360922749
1580193848
2233393325
90921168
192349986
2233119102
167572318
738882930
347492967
1708101613
1137490549
323363605
231463914
265006334
287377727
1727565019
406744818
237468867
257138407
16267709
48247264
306439596
304663925
327692638
174319969
197194717
229228300
207976895
86119466
522598460
1014384037
240336710
566052751
318650539
270983744
124053720
177176161
259784288
136214725
270563992
207725775
202829724
173925293
74042781
134895754
211374036
221442560
159162810
297164177
56502954
204406337
42479903
98708202
186471345
599525093
361343242
14369839
24748345
169627734
248877722
12416472
473347939
309404651
256747696
101895924
254275716
35047698
72325179
57333011
14333756
167391967
133184048
237443384
1048704758
24776620
329840383
1576479890
1287378204
1066440067
311085029
315585961
812333808
952135765
101068322
262389559
922399651
396150309
182359082
529154893
1254849403
172871879
1009388767
212746249
197609033
485259990
384055988
354061303
84970365
1063397298
1536752028
320782409
617187143
466966076
78237727
1620946070
563872908
764835216
625283763
362871877
206757940
235850388
743593404
1532879216
354198766
288038912
566314923
408037466
947957610
739223515
1385327442
389070441
474943180
825887292
178086952
201031964
1473652519
340973556
175486927
188618106
107505741
245813859
1420535311
231107805
905049396
1268755602
359736769
343040112
39834198
9496362
230108680
4101221
276602125
1005497052
780709524
298027535
457751089
1278852962
271244476
307106191
401462422
718891658
288867083
1213865497
385621677
56602240
243626262
232304816
10228272
33884545
319296983
364579676
127873874
1210562269
147428268
974705870
907216718
227233892
1067034188
587960624
1138049017
17549677
262470710
210509836
15815700
235625906
396265845
268687416
262882998
204840311
95217117
334742763
864009686
244232808
605195997
293416927
766039002
1059637645
312169738
116351908
1038252770
81018959
244296542
126654457
36580535
194327389
199034113
439437081
819867930
309206860
778959342
202282454
866958505
593372338
373539722
583271854
148513350
410164962
381890901
941599512
256151874
229614044
173024475
148581410
627941304
118600764
273692315
480120105
67142774
588577176
284688961
170996583
564301786
261867405
142879766
227921622
962107058
84238881
229144847
59822518
111459200
195914313
370169582
131232488
324772772
147020852
129973351
35013719
107621910
179987182
25626894
125710580
175447500
67463854
182225130
18661588
544819522
63023205
214807647
18079284
97513349
86867494
430082167
129993932
381658464
434674230
117875487
537428100
257910160
761538565
77792947
927833101
598000434
319786478
212766785
462545146
496478307
101576366
594980060
563248154
136043797
229575105
454299893
151606264
612734214
256268646
415077178
184457107
244246623
369779016
117731950
327658894
161792834
245782011
429484267
278212564
858960937
135365591
277218611
872491232
935822791
297741046
243346104
483353745
152809141
67665104
847686800
331282109
171499556
238712036
249865891
561502893
788657472
237436764
243711677
801736166
815450857
204415570
371965101
76157591
361784777
33027676
64051613
346091796
242946558
237242125
264693907
111118687
328775738
263530683
251922978
248951046
27449298
189397304
872233861
380957466
261620277
556944013
220041774
161775175
215439713
795322753
409478634
391824544
56039780
148759599
125733803
17842366
8225692
51254405
135323871
314625513
456726836
186923446
81526308
184059426
46527223
23605048
172842005
63369209
217843851
700485625
277697352
289634397
382747491
175437503
177188139
219159279
119392416
308722251
463123050
596839274
328842729
572266163
253406182
269828394
5520952
225877607
222842252
237440982
188382755
122106822
209780362
700274348
81989027
109460057
303319093
760550629
267433110
218626985
199744908
162449540
485207048
188103460
333086510
198002829
228494991
118161896
82629642
235144505
167178940
451032248
189373152
51581070
135368352
219666325
225834298
466374071
175863618
606045354
104976980
172435555
589250303
361505432
613647849
426043283
183674300
212726519
579945484
196492110
193793522
516238987
240749300
409762468
170456968
57912874
77504008
113489876
461378624
235228308
26289080
24702915
50751556
55033131
46452468
44409004
92670884
43152482
40255499
305146230
171525741
221516190
79327591
64477046
250980763
30040682
128242439
