2726207725
805874796428922880
801562217527332867
783471690680532992
2845674843
56110169
516830480
3615466336
4647873577
283309713
369302056
793225077869326337
452403303
509765307
992133662
3972490992
759926493019447296
3303819021
39680206
39322843
771479815132028929
4886593492
4440347241
717888527761956864
3145455408
2458975043
619578452
3438753141
751546562749276160
3060506262
2546937296
747635047239286784
755037743806345217
3718207213
434635713
4804732019
1091659350
4433636416
150003563
2490494173
623896491
1323601076
319981198
1365401515
3940776395
437828830
205575837
2357036004
2864056186
22324918
100500156
51308740
333523930
1148786814
1228457503
762155575
96882807
47228439
2494259166
183307747
197717907
