608192319
710232064461824000
266676778
144666448
164070580
119256990
239568792
2809754030
2231294444
226871608
62917718
212623902
2741842799
623195535
551242599
2986114613
199138576
2755098683
158576165
183262633
441538192
443865365
196625041
365033122
426963836
284855792
2869700997
334267542
718560481
82985256
180254241
313587802
202589958
148611061
102581047
1425911738
426813151
121551204
37283840
141741931
2250549666
275140097
1100867666
140914625
308763249
268130215
320804423
277645684
285595526
508872888
2456331455
22806113
976472540
140201783
419780345
1058219036
200883526
709220414
603168922
2385979399
1120236852
167900487
1849124521
631256239
878252461
2216587691
1925035266
771955592
328136113
188103460
220343896
1186226905
1961347836
176135503
548264275
310454877
1602421196
381658464
264316809
327692638
1684285920
177188139
309819192
314625513
92670884
201844222
492399548
182852488
355809231
1271142600
493332917
1506868244
202216250
1529528287
1543882418
1477675794
1496415768
256282505
237468867
364865210
623871276
479055655
566754860
219056230
106333951
140279257
263996179
251887080
28058878
177639025
259372791
418921864
124875188
191977152
1242255859
167462540
64132582
236136060
76171871
114346377
65528172
1197115723
151769540
618342168
889698505
108908254
1074744152
424303769
41465164
360784257
576480522
201107952
412421905
297433497
1061689422
378397926
974112776
216442177
972260682
92617808
108010842
307447344
382484857
519630023
126598057
29182650
921845804
170895870
157834683
142977623
220764143
1035503786
1210336729
263891435
389676104
469775642
268485186
702439339
222344995
544828766
315792651
265606177
70162012
146887679
305663120
370872823
224711012
476874856
491738267
166399621
759251
267433110
559972906
297374203
768390120
821609713
873802374
435882815
303359098
213278629
421169002
988994430
112439896
100679243
353071717
23261363
273198805
180505807
50348707
265603527
160646660
58166411
249347799
735697122
364443057
461310397
224223563
119523259
999926552
464393893
253581045
194207348
586732592
950613668
75544059
78604664
108193081
603167294
590191229
188340013
241279169
282858251
1005830184
114469124
130318341
17475575
605966484
322208542
31130662
998437843
601508249
84852106
53380251
60661915
525264466
292923410
199813176
883194926
129551970
88778227
58826696
384527682
15225275
246084271
124779370
716130319
917298066
76560763
217843851
260513856
185305650
149293297
633292825
351284819
159024529
296661299
378253705
332084949
130682467
264202063
187409570
368438730
127706225
861605496
107981353
110523186
128360492
372045752
205511255
248333775
256364062
772670713
198577379
600998629
599402818
848134537
90662198
563935369
33884545
322082897
416714582
572290959
614613352
219203535
154672171
603687023
596684069
564095990
805109220
295705747
339738793
599608910
144712423
789856765
176592903
323207078
629623069
613231593
118947975
333096543
218674044
212010051
166026159
479063966
459590675
128937967
555264023
547136351
423359086
342451247
413357256
620440118
134691905
125547616
107645252
209087371
334134186
468845855
20609518
140154898
227326534
441904717
378245629
117540746
74622617
177195910
161792834
581206671
465855867
146130664
219330724
540987921
129814252
573369087
201366517
182510160
329715772
214244250
264496469
17549677
108488345
541668095
560669494
151217847
423588710
328500611
301691940
221052376
161870075
397682821
285141464
479809444
311241711
355620207
296858965
481727591
326560587
188077169
383434786
231352407
233543018
42917724
271026772
277359012
39861743
74596930
312148756
142750511
94414725
264891235
690623
176417208
376893392
177478931
192257979
59818208
460089313
98524702
211651348
261022029
121143657
278081143
425211267
32959253
229252295
33714483
145537590
351822551
109687000
425166501
17208756
288528334
99086983
393765315
156011259
435937118
63273332
426744433
267858097
153493818
409594784
272106255
366164498
192853990
238807707
395004842
182051321
401731719
138177751
408056208
374754092
197642500
211596944
177338726
143513306
381766129
159917376
327658894
205421937
239196350
310679103
385230201
199373371
306464058
119051996
114592551
280843548
319296983
98771240
150869916
221394758
145087051
215171428
309495752
43121121
244576586
360132767
272469084
204817833
129993932
219647507
111134878
237823283
109031914
149159465
154301766
73952582
182225130
262470710
37849693
37978929
35432753
109098339
120626653
363827078
224898965
115516167
16633248
270071825
274288231
183736770
161775175
14200904
59169087
174298035
285715623
134123412
91269737
102672582
209780362
214807647
58842606
253348240
276281901
47747062
14764186
172385894
129280923
197524040
302598220
283326302
279807382
41229669
28168849
81270057
86360997
176907799
305085584
204466520
93606746
291954089
297186975
176909786
283889637
179713702
49821355
286384543
222507582
159176571
196034312
188247004
210612411
146710910
16538808
282586624
211591883
186522836
192616618
220686859
244246623
150094093
212005903
176908617
72344805
269896349
268985044
228731911
267552002
125199465
101838323
133546700
25087685
237930644
128958788
113267654
63369209
222553186
35786044
204486806
179001097
132694351
168391803
174734513
201107205
193302751
67665104
167046714
42779709
189154708
59678878
91011158
160308387
147837295
82955872
66385167
147828409
145409069
156791186
125452250
109459039
29215760
186126086
109032064
161277874
102843787
95677494
193504317
193417605
38741679
175175458
21425125
165111862
128242439
74042781
49355198
193076194
12196362
79293791
119825339
56039780
125425386
174675119
43586215
106538753
149966243
19554706
175437503
167178940
20117928
175824869
133873077
157149632
96187825
169147432
45689976
118740832
175179663
175173490
14121496
116306109
