1455799765
801837781865660416
710421722818748417
787848225940123648
779383071388884992
800422653546725376
789277385979854849
5485192
385279132
775849588179800064
2342272887
796130333578108928
795483752696782849
1427561329
1447781118
367550980
744309669758402560
356088263
791036835963207680
15081182
50690522
778335920705642496
487105445
4504802361
340055527
2252561538
741316380943880192
618684823
2391755785
2800327506
2423206062
446434005
133167516
154607671
291243613
60673702
778303356079054849
999904002
1551314568
707324045369458688
695357578037977089
255324056
14134204
123889836
181975208
2998552953
1644228493
913131817
900461972
56502954
3403443352
502379277
633148146
403056123
250309277
771558749530050562
303405392
257779369
770785235348951041
870187369
274175641
720786569792253952
324724181
114184737
1004853734
163202520
2181483997
762312899373178881
84860555
714927542185144320
756328741178081280
82707098
755796032152297473
331942531
613452670
781763467
14855279
75172580
198596112
962679498
3072215791
171923859
96461487
1332511842
357310745
743548918491979776
743545957057466368
1671167400
1311507481
43192340
722136699636158464
720476580305379328
259613476
107276025
2950050425
3033236103
833395710
2949980805
3568411
16392208
6108862
528822606
3232644108
2306403086
1375298952
357668606
441130128
882192152
128209320
111868586
18149467
273159953
4895147265
271365891
3184054019
14763734
1021140373
113355086
2654450478
366406586
2406272672
202265993
2398452096
555739703
710201720790511616
167994860
713011920912183296
2221511449
1888414712
1329389618
1414474195
1004826906
136013320
2937046647
1391027346
3507863055
2316798014
4142528165
17634425
2328196453
17536486
3941668575
2670204542
2411456959
478234839
25199069
153966123
2997290738
2380831165
3070587382
229385617
1588420945
2977546227
456721681
2167691497
4825004165
248788742
105601489
21210620
4450909499
570266167
2216508649
321160113
2915623191
500929942
281579408
825246913
1599539016
3412240774
3938918080
14497400
1332371000
2376799482
350597119
12916762
262749118
3124587705
16014220
1873788630
425294761
2520120041
203287800
2997191375
851357874
866676930
3871818672
4142191355
2928086177
634015776
21360280
3438461800
536902733
16720424
1419037717
4005078976
157375140
429591978
16030897
3961569135
187738216
215581580
226637533
2159225258
2775374466
2976459821
528055712
2867316249
143148467
448846757
336621007
29151815
163925931
192379508
2845559127
3140412852
108838948
2199524000
82935233
211154075
568583301
1079714233
2247843464
1696349570
173820856
255501384
491940203
3039333346
108729979
306930864
1648844708
248708992
2808995735
33014441
89724599
135611825
3303976156
299206912
1500643411
1731950414
208665126
2414656230
21645908
2938077735
3291464814
59885627
227423290
295958668
403739215
1517644441
138139112
2301445387
87403396
293804911
80320215
246372950
53480462
3039350420
782676571
17881816
1933042237
235136153
412373658
18208662
129810753
3003985301
37599351
2382304872
3084204347
204058629
389076636
608582260
1570723766
3092613761
2292488509
216960357
2279537209
995228354
1217389394
156523002
3040773887
3042330515
2995836394
2597692616
3064711822
45886807
332165270
335574357
614159426
1572251882
117537227
2715679382
415709023
408515538
3137168709
3084413495
149484384
115174868
50860476
3130504461
251393299
2778462804
81828783
266815959
170330487
1930799587
288019087
16547087
1563719389
628889725
420813252
321489158
527334899
280349452
416383737
138680920
153172115
226416169
2936206666
219783454
2916808325
795091880
1965539497
216783643
2778616824
148837095
2230264160
818670740
311276884
2996881667
2885952729
235362301
752592260
1633542588
1580810281
2867544850
2527161208
240105343
360081950
481752013
279126898
293670208
2469329484
22870443
1175136686
2787237729
285137536
241693485
1683768241
2902779777
41323803
155196357
355809231
345053613
2862921851
457613347
213536880
2873392803
17572957
199815836
2453951616
