48382323
406744818
131326121
1650700969
79897468
1075381380
255388774
3322043266
3429196600
2802247216
3577857209
257479665
3227661223
228210698
241246078
1534514424
848045180
630573714
136320986
201118943
3032479625
621455026
288815654
2959478512
990918601
358891616
2969873867
311882349
14134599
2934516531
1868986519
19396343
243813515
531578125
166847541
2820906977
1722253975
145711359
398094340
196880147
1317353012
216208174
251625579
431849912
283674514
194689674
295781547
269414254
233451500
494440444
270651200
172315729
943293404
112208445
389841933
92618659
105570928
221518270
2415287922
423596740
447230799
195358926
1216323540
190709026
166635668
85217258
137467603
360128667
209594063
305305553
277328205
228031967
1753243262
493456721
1195932720
267444384
1947922250
213864976
868746890
566815759
219528219
490750411
255647760
1544371998
455983195
214191025
74536403
281911605
421235977
592319043
41152239
301138539
119551973
51535853
900595578
47641919
145800865
158585905
250881396
284175003
228058205
210955681
278648673
621108775
112629469
285441027
285980934
821698298
622592170
146222306
269141094
842100762
218651626
353971517
1630743356
177306287
624090357
217107613
216220317
560494586
107144942
577807817
162878957
158410270
143116730
28101167
248365995
18390220
197189213
221400877
238532488
222814902
146241479
173714615
169934936
385837196
224770765
1315876754
237904802
327556917
279775193
205423997
212728319
1467433238
319761968
184978639
171627767
42639351
313027914
164773417
463944962
148976175
582662297
1056479089
370910287
55157836
389678944
407462710
139853869
581318277
331208365
406601226
423005466
281753050
164011109
330592680
206389403
627801871
637156576
364302283
550636596
219135374
1115647993
745635842
1063641396
1275790332
286235723
197145185
302352846
270113278
1537372231
213892342
36521913
152086214
199159967
225620568
170704345
88021184
289163319
1214223601
77480725
287790227
247345873
226706139
114273059
