516818870
738043880331980800
305005228
749228540252524544
728625987643179009
3592353856
1314494533
3357459418
749228116577492992
780967763498135552
2468618496
147992063
3386043747
800817061576392706
3442463607
970671576
2957751767
2977284735
257611729
397358311
3330602440
2493455203
701203511904751616
2310674182
4289178914
2802101924
177997509
738927634780950528
3442904837
2360040038
735549740
163090791
723386528479645699
132547612
267317681
271093987
182573999
178931425
239938002
798034351212691456
186124649
300390462
798027762632114176
569487472
14333756
160384159
838441668
221198872
361040909
3729958156
202917230
3875519415
4113550133
4341296241
4420255515
4895808755
352457204
157940838
63369209
539501831
211138634
373160971
3931026501
4122112085
180505807
167178940
134208983
334134186
64871826
44231478
26607958
271548251
215982198
709905319
490457292
105248235
144253857
864578378
307052017
2964077644
282788614
78712612
2437870526
155659213
48794758
165119122
21834935
239176262
187326961
269859941
229697261
1657699405
180080974
1598729406
220858600
1705666076
204575526
195771137
167169271
186052669
11071292
66631733
206939637
85426644
