789140082766843904
145739854
35920356
67490991
3430712254
181003011
279180086
464937961
738469551122358278
774005375737663488
2254238180
34442404
2559276908
3518426249
4594934113
729152683391762432
132805877
94379906
315377387
44521686
94900238
4785287762
213654529
230694697
2443767258
21358354
222241183
715034052277968899
234413493
22952132
21915474
84190731
23359416
335536265
234539898
257790977
169998643
334134186
236994974
14505838
26297176
3313439545
92617808
24748345
46452468
139779349
1265260098
259612451
454390974
67634114
33884545
45013575
186471345
3075588791
173908762
1663743769
319296983
2475931218
3224717285
4389038740
137593563
491788613
1599250874
1448028697
586671909
763841
196463183
66895250
38693792
31133471
146985042
77010454
717591864
3240607739
397632308
3183221515
142762115
105670954
112884642
294247948
125352689
108037806
349264972
143313229
355214026
134935169
395794644
40255499
3300738862
4101221
69925643
33398564
133880286
130760364
1328399822
3039887441
40145535
2528242532
4440347241
157940838
320488554
334299056
222344995
217843851
118525305
3700486334
54450196
353194464
169786745
382296252
1710252288
35432753
90554658
280469615
1612152548
866746572
2533386529
144866342
709220414
97134220
3186960200
161792834
2645712462
196338253
284824855
225838187
183764200
72900795
545416010
198027959
131251648
27098689
2247798392
393039387
244136790
183661586
287377727
109510894
3305905522
198255130
525264466
142028962
473199698
45969557
490807097
282260115
293715489
3227660926
2657084923
30935639
2648204892
49355198
197226480
167403465
94962860
29749448
2883164247
176332352
125733803
45901059
59066604
42473217
153493818
5713842
3154057735
172374477
203441270
139765104
95217117
1539782749
2579348709
2926027493
119758810
3093504503
327618283
447547760
349197363
406744818
214592024
459519623
2840833865
255846517
72325179
2855748478
153244030
154769903
156344442
166171874
47719006
124266832
118869514
142114827
148516500
388619554
314625513
860007374
467565022
78465034
143634891
448001404
162540978
2241154070
163592342
1376071800
65186457
70162012
134339872
99330869
63181106
2760778624
68290062
410109590
320496551
137471142
248497238
209110979
900744192
199334022
48812582
253632910
2493549242
267493226
812333808
216429245
184865852
1864744692
37130184
397491670
1158987338
72344805
133888763
174565352
423764833
848015196
341191560
138099903
175437503
276240055
221918717
539280264
2916757385
64904933
2751391420
184457107
181667628
40527958
162263795
170969017
548671597
2352234241
25382962
280707903
287854639
434374586
177776574
81526308
184993287
62904042
381140429
2866398723
196586872
129346101
2788589118
134123412
185936912
2349124504
72340754
273206654
356593970
1307625410
1960912682
276686461
204673313
182027087
135009793
399888932
368542860
2578964642
2838347091
1488649628
41820310
1706009898
239941481
1686923509
327692638
77333242
171673443
161775175
102460842
71722025
24776620
189173224
1944425444
219012622
437636228
2663115216
20255162
201148127
68022873
99741780
348614284
135635793
197449499
2243638483
133922510
2595956528
272106255
8225692
93646686
286248855
271191856
15815700
42753508
2776690144
1399985953
99538320
588761696
773977598
2733368036
2781240973
2211405674
335650895
211760450
874775042
806677206
119979022
214123335
153433497
207976895
1629429696
748271864
250236331
1436579286
392474524
2335249369
139819026
333467805
807131618
1902653096
243203764
183859821
1114023415
2308726255
1534509721
1548519564
1531783082
282783870
831760087
856611469
359986508
255227806
2618846135
186143625
223486872
167553367
114744371
210996109
1431109884
135646527
413382043
2474668358
273787056
2409262858
389042865
280701704
614592350
263720951
2552986320
144943055
709442807
1426619815
230678594
600396172
789957218
2512915170
308067367
974598902
2177070289
130613344
2536217886
2525925421
316526094
140479441
1410699043
265293842
1469764164
236864477
584290563
603099133
339833278
117555481
297821144
1447772148
134921442
152315024
2407297898
160131066
186642751
527813473
120979858
1197404173
2348781984
2148302864
555264023
2343567860
188845972
429118970
1642847442
284867992
199040388
562604874
198982900
757121448
265576873
235704888
240764142
221424042
500143135
161822563
278200438
287789659
200253688
2205818208
2301402555
2290064258
179604532
183438138
2199506005
2205471402
348725063
2204920100
924672181
186911870
175378095
2205178333
1431088358
967163238
282231216
2279287999
182254500
772800788
243440841
175038531
1690137476
566057678
2255193237
712176070
1273131696
1658843748
199560818
1858123388
134201773
1228345010
146594357
1541317272
2177185926
233546465
1730566879
214028005
1228457503
126013873
270178989
1365404388
155750665
78050753
1291432484
246122175
1382089782
1484185698
1231578109
97553037
1381247911
336785711
1186226905
1628927694
924139424
1219833384
300936253
395130778
70846145
248414331
337245635
137202785
197159628
256604022
1707913232
489977157
1216001347
1214591834
167172713
582883385
962296896
1210060849
359194660
441396347
1123590236
88559972
1241668681
219024755
205411550
991263500
1259722740
1297464853
1126671848
1332079694
554294766
174298035
1367721356
260935844
127706225
131299285
390775835
277606825
134960953
580165329
235315322
229252295
269069240
521661460
213178591
1398755282
1466417197
840089023
579997807
234916423
161834182
418238718
489523547
123970632
334913791
764178372
539717145
441920859
456379809
242459064
735148855
634386903
133069307
52319230
1591441230
1014399236
183632303
553701801
121226942
162431865
1206174403
100731315
174102528
312460224
182415050
1436855858
21091625
187605428
136033299
628799083
1554268742
170147522
1551317768
605983066
264345154
237314591
869161357
245903859
517794955
206828202
349103924
497452855
1068526273
361343242
1129047506
266973143
68408163
83923391
413694085
132668172
248980829
1548078098
1112243683
234112483
240733743
229152214
264854095
1431158936
120838263
310982691
1252091108
574601158
935410502
73337385
180167939
312910698
560393001
224628874
245870256
1510985486
538627188
144049593
902035056
231293418
866484409
632610129
234954523
531808447
1119759354
66935774
342393518
511104035
573808532
213774191
1462771435
1458756176
109019058
615788902
1325589822
749941465
1056729385
1040283133
106998253
284901790
1278846378
240097917
581248576
447384571
130870129
584175965
887358956
348631939
180505807
240008178
245904031
1263131503
241070348
279377485
376615486
78532115
274609066
233418285
429921880
161923972
1372487460
1273400725
213756666
881060414
326192901
196649590
1119873468
157208715
560764758
580005635
118522723
1302093385
161772642
114281111
228433455
1151560590
145060684
267969316
364865210
244409347
170572932
580015483
227513856
119608138
252619660
168738025
617353060
234444955
612266567
935099923
547392765
1225839822
986116099
258542745
82403410
378673692
116613721
592193457
119630934
130009689
315536493
280209849
172076357
220595220
183315960
225616186
268292776
234204479
86085723
236730483
260052609
264491411
258436197
236963657
128991033
318570563
248865987
247427932
220286434
179272299
547946191
213501812
335086706
203079643
233309923
856457473
268949783
116093349
132674346
257141834
230204565
239969894
703826419
224714416
533196949
136275922
533790312
170312144
150541493
540557971
31566178
238991314
421420340
212673607
171383126
211710492
721273771
249189788
634229445
459363436
595017279
252581177
220812367
238461080
547827408
203782496
360749054
59963293
253802093
144892229
260267661
123435016
239999535
174719154
226389811
531937564
578293378
414074826
53468888
506936843
506889633
612984462
112757144
613688003
615612240
629658339
140970237
910141765
117544439
451749781
255200692
233418685
989935466
236073458
1083674108
861846776
252359076
137739385
239471147
993798469
205791265
352632057
633093998
559570523
370118426
353853012
513673392
188340013
235596161
569625799
586719909
212119338
214563921
75050494
1036157204
947800100
258147307
72373653
959595882
230903114
176627249
515868515
259522800
606045354
577313711
284367157
997892396
130059517
574670323
571610859
168882041
246850126
327556917
152004439
301559112
224758397
856928641
89375015
355620207
92616781
890002560
352468422
96187825
187796397
134851089
270479114
102602611
214695156
144969369
634773128
132055610
469020066
743593404
226989334
515022215
239196350
636003684
555628506
256189194
229144847
220332032
768542695
885297522
401486064
768896600
612306136
247917506
332594723
539501831
97271285
245153182
180800862
146646074
880875630
188835640
126217335
250232548
267552002
227487635
228190539
468429955
133184048
625282282
100863828
169350550
236258013
130624804
362765241
378246020
600402341
249255756
291902231
432858309
600172582
116314527
219745315
516830480
284700876
264291433
247622668
92391348
251648070
190090135
242503691
547273890
108721660
227320138
211860291
231715482
481006947
265727516
108328070
366182984
497237201
580063803
262186307
245141268
524064380
612258260
14369839
531336658
266236603
244619538
498591115
380177704
553703921
276715521
395652406
167398388
267161977
579385138
95719921
589823616
68503296
282109095
135030564
236217759
214265612
236522594
102273207
168663515
153575390
356226639
192938017
229309908
522717290
297124405
267304072
35810591
577560358
533673185
168201693
571799180
564095990
323349181
155474261
561333839
203815580
205508323
230577989
580599327
121587685
84506465
249354068
95221519
252773327
112552131
77939873
132660851
111390601
462671244
97273055
112760608
98723076
172016481
219019625
387125933
236906368
558251113
355906013
341161460
340023751
237865713
393012864
115448606
245892004
118829062
200914088
110792320
570336650
540519665
69519801
243858356
515557365
493135171
270683747
381766129
241282547
553232070
557863778
116095083
240735368
131303364
264365214
534966929
270005881
225054586
522536911
507697614
133086921
195950420
205028215
155143182
137901249
200091340
520781228
392911586
399717218
301691940
262725820
257307198
257639994
197143836
533829148
145418743
256237198
132254362
251433023
150064837
207867550
193120253
213911262
450811114
148033396
171535980
67386464
205978467
144392518
107719758
350008065
132246854
471628943
240880525
467113044
489726705
520557185
328972183
227134606
181259670
519064506
105260407
518059521
466932884
174496334
234447652
237585749
394311887
256785940
258212868
141666777
336830954
302948430
292297195
108855378
223625772
67779764
135323871
130603574
126176427
404239488
135697779
140224526
344634424
270015611
462180206
129917609
498125351
404251080
236967489
243330184
261620277
300390462
182572248
348379865
250563233
270050192
481368683
135514581
455033652
482080743
317926894
468827809
477880032
375508918
353717155
404248454
152701705
200190878
348023985
112842946
237439269
264316809
169254458
256161011
399766736
103614264
144210736
128380995
115560783
98886687
131707769
458758836
65205231
239530544
240083368
371875301
128395752
190386596
172444910
189867152
204406337
171516353
256282505
235310262
417554090
159335086
232212010
86374927
236831352
390841272
254307939
87692526
185344640
409080019
165783122
170895870
246372950
88681373
255651518
137114277
197196960
208015375
261313880
126406414
199139968
79392171
206378731
202209240
261022029
257068100
164060966
263006990
244196372
263393738
248878069
307648541
245654092
367828963
310010524
361539809
144892555
299275442
312828609
189244169
330552292
268072650
329342773
367831146
231967403
349717539
250864362
259914783
193755669
237831617
237092406
177449591
108657857
239548764
157834103
233021600
339323704
187681394
224898965
235625906
238049150
264492552
56455194
240336710
201499579
305085584
268414482
255144101
258468841
317262774
22050477
322885994
321107715
212377285
262882998
237398772
251887080
14333756
106149270
222341047
246780674
216877660
138859682
226287284
160967768
211328417
212761697
227138015
273686238
250749586
288791994
255791443
292007601
246514288
315345878
238637259
202589958
300000014
248877722
195839897
239575317
254275716
249412826
151825141
246092544
231735687
237468867
245435308
256747696
234893497
231713030
265635742
226695150
266801190
239189375
172363600
230108680
235214041
112764971
61844201
219129818
68609023
222162057
235334223
134325892
242439151
244246623
132337337
245463832
226335738
231463914
243992938
139300772
141715327
188140168
198666634
92670884
236024779
170028840
204840311
115567463
96039232
136042801
138129351
50842065
180229831
193887741
152142811
186557332
119392416
128242439
96801537
6821642
121085645
35818265
177728127
188114003
62897090
60661915
101895924
129973351
104974333
36699606
97513349
