128605242
181999863
48823206
1851998204
179226812
31546916
183362168
150100565
248949506
26955631
42442827
3077927854
153493818
302153956
239044173
3152613729
212381126
114566865
247421772
549554501
700826772
180505807
2459316768
232279977
347890898
128255110
297823671
236477578
138062248
2914409296
1553904553
227417492
2916782379
243640517
1250643049
3044795775
267949300
3020962137
773939472
3063081040
1143877838
273664570
182416615
3067740861
2300998992
42538296
210305142
218975964
1058016878
100090645
368037006
236156092
240805860
208737865
353178272
238212210
916196870
219691575
2240124001
212785850
774631806
273226355
208356411
133871679
194784408
1187793236
443964173
2820822242
2961656038
2646762294
389864631
90047326
120321637
183425494
218445915
2258254334
226359026
333819920
282179255
190746891
263670157
158116578
39560746
199821606
181235410
151898998
250853026
191840562
401520497
327172671
294797320
620570033
45901059
201597084
256122758
211745677
148998375
18454372
125400328
105190050
133576650
223245239
732051590
199141479
140531555
448371737
223688343
31586709
270165749
414956010
1025090994
567925620
211200505
311598613
142272720
61611766
1113393230
205915717
225259615
366223911
1146423049
272169311
308689056
921845804
419869917
880657555
257099049
1018650528
239835192
277739491
291820349
963498331
288513873
257177900
27659280
299865020
920153040
182756396
166280131
41035747
153408362
437458480
1072626240
239462783
2209305426
170927512
206300061
350444137
2442497396
299816109
243680377
270260424
748720735
1664226373
196364067
305233902
948776167
479047865
709220414
597980976
2494822087
395501430
2635153042
128637466
276818258
279810301
213548148
250912862
273766265
167412261
184845464
308677401
279198317
440004174
193132720
976472540
211414942
264022477
209780425
202033763
189783252
24776620
303014411
283827286
279725037
592906138
259111180
343018680
475072171
223726870
467477721
623278055
225994133
609734284
173191621
295402005
242198782
488495439
211894914
196625041
1694749682
111231273
215451519
187670927
98897873
209688804
324741696
365891777
140245396
214331054
321201912
1236082951
325018617
184290887
152909662
796872649
776180906
343121446
145609791
174499509
956147430
312171103
349907733
502590187
306320074
87809737
700118294
403711102
968056682
568546778
349249418
834281252
19458230
19876799
179131196
547136351
198577379
302808249
213555833
143656426
234791758
304029085
499923578
442166704
264427233
148459482
182635892
164715111
161775175
244246623
161792834
63369209
147020852
167178940
97513349
360683514
