843635706
236300428
1362880772
382182301
803433938794512384
866676930
383319854
38673878
3361771708
375369761
79607298
150157132
334325818
314048970
117524881
18661588
621470544
17316914
191840562
119860149
168404123
2575725591
1180286202
16617798
37524785
306670233
4928285463
213738906
4872584644
282754474
3045648752
3083387082
774293755188875265
320324035
3416521485
269435379
125122481
317121087
4849604080
64791701
402486781
179589728
376186166
723981792362041345
311090787
374929557
776142740883120130
913131817
2712043806
481397009
1265260098
731356185127964672
4748612777
144866342
283257268
394696512
185239683
1262831526
1682309167
2750496555
131379635
135393154
355785689
274703361
327499066
3091473417
174085600
134576003
24394272
3298802431
197851952
751891178
809750448
208142856
239938002
4400926222
3699963801
255501384
7558682
336145436
139302265
220946596
183661586
3327047291
92454540
335410379
376025702
299908473
217493607
2816119311
186471345
303941159
563350368
219019984
1255473500
2396731321
321441372
346194479
376381938
2342950426
3474686297
410072543
142651417
18045145
48505632
141758206
146075477
14230314
491940203
63974093
2677896732
3486876978
2409683900
937832288
1520006918
1246582488
56547672
2820738389
2528032772
2900426395
2172191777
62917718
548683892
620052148
98708202
198554964
325554207
185837232
197932909
409594784
35047698
51254405
466102270
174442576
88387186
346157828
319097140
1171476457
20609955
2870909181
2320818486
426120202
304674719
302270856
304658103
268973896
300502992
960334034
281577461
266871489
108057908
579377032
598927264
140183245
1473962766
274131375
469844539
2425835396
26144902
176627597
218549276
285086862
202792190
215996236
221442560
269862460
270563992
173925293
119383183
270354777
2190475880
2862627459
604988212
2480105785
774631806
183220057
1537366034
1546929224
2198524591
78827685
463757464
366788647
1069648848
2707679904
2663115216
1431400536
47389824
2330679384
280594653
1683833707
478101784
2478534955
135964108
247464781
227626917
2390785574
2258254334
423625209
2273522234
479596594
167391967
135323871
56502954
533257020
939367022
271975968
285137536
282768438
222231985
410163657
330021348
240859258
235599881
1922758250
246839553
557130323
1630968721
289832004
340662376
1118254976
1231694052
225182005
209063438
580202264
227324533
329924530
2664902873
57514196
136780597
1352226247
120925514
366659367
282834994
199475965
337233341
362015593
472522436
406529524
117261342
318099258
1430516414
236202391
362620536
1015364442
221888416
1321399249
188247004
344156268
183295768
140917091
188963240
106124652
1278616112
476199422
825934369
2332372710
120321637
2645834915
962296896
384061421
143254300
1161567338
67500435
72574270
372541513
38386328
1598644159
1966131036
2459754122
134933452
2330759190
125492611
141864252
1599472213
1512436560
1573825927
345048312
202262990
297100174
601948106
1781193487
349907733
45089597
856950277
566971617
1102348886
1523559925
197960894
349907798
29685719
267158028
2435658711
131983857
147274791
1656546348
113771891
159162810
995698604
533573263
1546270652
319364810
323022597
315377387
437636228
67384129
139565792
22717503
705712021
803020706
2324280217
612654678
52404597
976472540
527940086
54437089
202867788
471640264
417955912
30231647
429325306
1406119862
115077998
17738431
75496615
313733073
202896204
1460692711
241323032
615729368
197283414
2208320047
217470669
271933511
236401550
210148155
305005228
212237670
1345577827
255224497
58535652
22511723
1110107426
273288030
134895754
248877722
1633542588
1551011126
39312762
245056618
172571425
480782173
233220973
278065615
256122758
1472647580
174379378
748720735
1851945116
190509192
320636987
267271723
204603281
273028600
2243065686
2227422218
237586109
291495691
613715056
61138398
1618645321
1357356157
182416615
132365105
577500814
1944425444
945440959
345053613
97056406
50013632
62437668
275178249
119344030
250729244
224063727
198553873
250864362
370071260
156425086
142172362
214965930
1086485478
62907710
105190050
445123159
407826811
306530794
823464776
263279131
267784362
438473501
34935895
219012622
1850488854
458794046
298722948
246507155
631310245
540552987
119392416
207507776
326344160
368569541
338667650
170069351
134671641
473347939
569411000
378393952
208197509
305085584
346320396
1610285629
1712769492
401631564
199160684
66750238
197138071
184164547
230748783
161854584
174487844
18148398
246102101
1079840676
1087857852
183803784
128696514
208251705
374020605
79590490
79590490
494222396
181304476
173668772
88465203
196039234
321067444
148867588
577781463
1357447578
142162814
83531454
171939279
813852776
184603420
798661830
1663965780
809630010
188677860
1694749682
307057111
35075352
101936199
1553904553
179141958
56604064
46155808
29856819
1117659324
1030818542
482592156
607501775
398348603
102043668
195762231
1071060968
258162603
357040173
886981800
1339393650
255574443
442160847
1391954156
197041714
255649220
217188308
87284779
362695149
36725181
383508232
618821066
65979151
214967608
226365618
236410872
336849729
277359012
435878988
1058219036
1061638699
933255524
148759599
700118294
500704345
863266536
259612451
189173224
17288284
562491902
292975283
523457980
272423806
155549968
140960194
149383579
281925277
884556398
157778900
281718941
189628123
1061689422
216429192
212114767
397632308
921845804
265026051
104919890
558486062
936709740
236287586
46647648
175447500
548850667
281622210
45953425
426007279
565829428
27888621
522517739
1226051220
498039153
139549852
160373854
222344995
437229841
430885921
562615304
14871080
353178272
998464154
595050869
956147430
318600132
93080327
493762136
1213797926
1080781676
1067256480
1081115186
1090660782
502590187
796872649
150076955
412053714
302147970
1230655910
437531022
329806769
326085132
126464987
567750331
559965259
14390605
586103695
15406275
230473620
311867995
1072626240
54663718
211651892
374621842
136343754
906486619
390773941
202193383
336659594
100528064
525264466
213141545
43850260
962572027
1093109868
943488078
231307908
619630256
714253237
62193394
19293514
421414529
54120842
394269143
625608184
247290681
22482597
379994497
996378889
845301266
31969184
382484857
21915474
387041686
54601032
354494235
46177181
168907330
365860744
174336271
206876101
262882998
1018650528
247348029
293804911
144998423
379350038
213284655
81103443
262803703
200926875
610652289
494215811
141079302
173688432
218962188
136108879
617342117
585399256
133073489
263459800
156522339
51095961
172794860
207138024
39055126
217900918
112325074
600680199
620570033
834281252
14333756
145326632
18338160
138477230
162047995
112632913
202282454
170895870
200295600
703580100
319760510
365040248
205839654
182609326
948993446
217874950
288948654
216195357
146887763
288572237
178931425
213075146
182635892
139986343
547324305
209861058
287291325
866576826
896492862
134937118
91217652
64732238
14046520
125116337
302842693
210517381
149915877
274670735
349249418
171143454
708189314
607525767
47491330
811882038
215439713
406744818
17888321
740191920
93479605
148590159
154588417
374212227
755525100
17484459
182181057
161710563
42333562
169627734
118200548
190379947
417554090
467547707
198201606
274664487
218252286
323549388
258147307
189664027
242404049
545444316
138223131
129845242
197869748
143632981
393668643
553235553
164446882
379798778
430886223
175923047
235676879
131301812
745388742
122028557
128458046
210226933
37603499
17030781
375481345
53921736
115577497
243703742
46715620
365033122
426963836
390879406
256531534
620098511
199788212
241778613
15329934
610297029
33761208
16575488
170479559
204406337
306855216
126760901
162153952
708417937
573808532
546570029
635111237
452467597
166009019
259363493
290722874
568546778
168530002
101895924
193896323
168777673
300390462
19755928
14475291
312171103
18501417
231200385
272496103
87204806
396101886
212070936
234935372
214993899
137101732
308227814
461466938
306396765
161579517
444882759
88207583
612718570
179131196
175107811
21341094
455455416
196733424
197082367
635793343
171594066
58242160
34838472
233543018
241258722
614125686
282780847
260378930
343111663
568583301
118199092
401764455
630727077
209780362
18176514
233792812
319157241
505101482
57705974
23486104
169712340
371623069
313587802
326484678
609734284
208210918
614903369
244077362
386546939
300825648
524729042
230538088
197486653
589646492
196371186
309822618
595211619
305714316
113441002
594784995
228440581
395614466
412645146
98897873
94884308
434646155
426813151
225708455
540828041
339773913
547136351
547183460
461818233
140922305
231530954
366295116
529589559
111587444
506007211
19458230
66222723
492656941
323243704
355809231
38210239
304972436
130524108
20810704
368472038
136021207
90913665
157635795
300981503
374092400
271026253
146303551
465855867
262991023
87808891
19876799
400367114
275747606
155677093
22256645
165209471
310004171
296785635
137962899
132618924
102800086
39652411
143198015
19661294
305233902
256747696
365665341
124601240
202722687
39585846
187670927
244730854
320804423
167650630
419869917
49908985
409931833
437458480
131381288
359677018
171694380
24533441
31290887
142428245
14313180
95217117
390220919
75327647
252352723
234618897
225948973
179956054
210928563
212948298
159742944
20609518
5520952
306320074
24776620
21304726
76727297
130684475
269327661
200181099
227677577
114592551
167412261
437888037
34871645
172242676
14070641
158434830
236207866
58696660
137169667
65511996
87809737
197273436
97513349
311159718
81038156
386197885
177030078
14519643
56284505
33015784
201271300
390194008
83266278
270614609
193790099
198815638
204817833
220496934
183511621
170141378
223537733
158732968
151635175
313757021
34535497
223728413
182815644
315909472
145739854
207173064
55373014
232284226
41197673
266679227
138955158
307576140
29926966
136287426
280663158
59714229
167062647
28500817
222886557
345018104
168652489
156337889
69805692
201885591
164705988
376854059
228744667
275871356
134972827
124825689
177494164
234893497
305397079
95593693
167014568
349505360
200883526
115516167
201266068
233164761
241175946
198577379
322225072
196625041
343672602
258387184
208272059
159547415
201343747
164715111
140513962
215889637
216508089
321159320
225183090
112757144
187409570
185658756
232212010
218626985
162484980
257735781
76092294
175206158
198666634
195048109
183075311
76230542
100041187
202210082
34910262
231637184
47384568
151046032
171358708
249228990
107763712
203651402
150646232
174331803
105186569
212005903
8225692
33884545
