277163970
363934016
395094348
98171523
143372996
858621074
100731315
390220919
480063218
269453227
5177541
752589988638912512
4070359642
2388034116
155659213
740336334
304596944
58531272
558797310
280701704
748457116336263168
400574733
789605024
142296675
627673190
96951800
142295586
14727959
15748165
19343904
630261182
2411523650
1633542588
727593636364464132
119776110
267110606
351699614
70912967
423384542
114516774
199354750
171840420
151123001
344634424
14082692
607281049
224223563
25319414
2221931062
195048109
2445809510
175114792
3159711265
556152909
3372106840
111416958
733040964701433856
37717733
9734612
87531731
466966076
105186569
462920041
126827931
195947234
120574899
52585854
26257166
19426551
22178780
19923144
74518740
48245440
2557521
42562446
706655562134589441
2409683900
2276584268
954145213
450724632
2427161196
356467678
192752508
278749180
299867851
2204920100
302966994
132547612
1003023973
374851931
205564339
394236925
4535732962
15447575
112764971
14872237
7996522
59714229
140513962
15095537
158487331
213745334
884556398
410203574
57333011
353351535
556466444
140960194
97513349
944916121
198666634
17544803
436266454
