1390616701
1148566825
770809747968823296
2479877101
4902497734
219341560
182809592
269501620
159899624
3402147315
133051204
2750496555
2358853867
154399615
3368086577
3305490599
58613
19023275
153855873
130166709
256635667
234013583
355625250
1222032529
1687185738
249706277
64090571
102187451
1537428122
96039232
716487666
630599873
587596060
884387112
3341311905
2980714270
174545267
1873867621
347492967
2838217637
69066625
716793487
135964108
46965833
169222763
705958633
481481908
1326113624
2816119311
225879032
15435715
2792457462
3133563308
3048706807
114870386
318844390
1186113852
488499382
235292814
195245034
157069580
196305433
632387571
724475700
2809132018
364977737
230946507
300476498
15727257
9377362
18200400
763841
2968684942
944625366
325904032
161057137
46727048
184308488
774631806
231307908
185239683
159219276
423488530
202501715
2941105830
221158673
96298331
2555419098
298346968
804388
130344814
197183725
216062254
185058041
286772755
136382805
430699713
2531703578
354506547
134232412
544490813
372604703
1186226905
462920041
2670157864
335485994
1426374667
437133883
169508518
2495199115
29964666
138372303
1599583369
880651508
1581203119
801736166
65952060
37831835
148161069
1569358788
388550842
1968011564
378215791
2303405964
472170901
1228312916
1732927849
251454347
311690818
947957610
11883972
121274791
961520846
32769521
1564393350
91257837
175090731
885824820
557223379
635061946
2334260402
609951781
200883526
803367625
2182468040
815220912
179998960
564107980
50799720
142089146
1587947497
254167920
1015067593
239200202
157054682
1690137476
512346870
242989230
331912349
343103560
163167413
130318341
108193081
195456240
536824006
1014384037
204807596
114478739
1111808179
589494532
145396238
211715322
239863926
348536923
255649220
576535846
211682243
607186391
138478860
150846654
248333775
194207348
549274648
111595856
525035114
573178377
16896862
10230172
524531680
195903246
476386479
104291835
594203973
405892168
939953419
173523579
716130319
819867930
537617976
86124198
307057111
224076532
480063218
804692923
216957079
249862566
134830312
219857529
215732194
789856765
257684148
263234326
168536439
99109633
231679421
17790274
703170722
153444480
453988603
621221999
313088853
223234302
50871388
216823483
75187873
322681145
112552131
501520981
42538668
564547472
569720451
120574899
94429039
286959330
390220919
167075254
384154351
137450289
482062107
381144338
266211162
86219321
167080647
287683683
461974257
321404058
234043665
69355597
130194455
188103460
300891581
213720520
188872417
140428924
336145436
210509836
42887794
197103059
304396504
247004198
218042973
3968
361291025
23371216
161821729
157149632
7741262
118536097
230494026
431766756
308557525
106238555
145739854
253176236
195905174
17813487
118671515
169279319
110331469
111459200
207725775
136214725
409594784
51581070
15971514
111372842
191302685
53106875
244730854
249272021
105613714
279175294
280984150
183759138
305928496
196431005
80429374
174734513
16866130
166398118
132251537
143544020
166458108
323243704
402486781
349777891
97489304
404708438
262951508
163445127
278709125
140280177
175824869
376283476
75204475
200158310
309462537
400867717
12359602
85906588
1772661
38694723
40801932
118292510
182510160
176931538
85449320
199862264
210894528
104969237
149383579
157205699
58834639
48048356
198512617
215348230
152093404
223993602
176170779
224429798
152733669
159161749
194420411
188409587
165639398
136320986
241637035
149989088
242517898
128438921
237542704
85889990
87828650
188157367
226957094
176927608
61926474
90463234
237058719
65503906
143256179
139783974
133681320
252222295
145007978
183603822
268442766
174010464
105183916
270752622
186047957
271447943
150086316
139525560
252817382
245100882
270399191
109262772
152447652
248469819
105977512
51923290
288419054
236190703
201038952
179350497
295419586
296360381
230860769
295762574
61625982
87037686
220064344
144889418
76230542
163052032
302966994
236539786
82732938
183507756
103474925
39996631
183891457
167908814
344129966
360066369
183667577
349505360
96789803
115265840
362159576
325379746
122978784
138856734
381882362
83291277
153061987
297595213
297584962
51814401
399023723
336346484
181034589
311159718
170072911
297164177
312383830
380969674
191185054
59678878
251581731
198554964
176836959
150718794
16625628
81704079
175606747
189124591
138287750
149204568
341160736
15086000
221899622
253059306
186716372
280693633
260812190
188068043
395429154
186214798
346779149
250164360
221394758
185731877
176647169
74148504
151174997
36550234
50184597
349928687
334742763
114251470
17030781
54901527
378392808
284544447
137842650
362057463
293731065
338335951
310348365
197517721
123573420
318650539
203307919
115756430
84219696
20419987
328227723
373132815
235723504
237808606
335291328
365665341
220123179
368082168
294267033
172930814
176908617
39797433
209780362
6982052
153686381
152128444
107464860
64051613
245925396
84220145
109312021
297144638
78115253
150678850
109752084
259093440
71279068
37494271
198028392
178814611
159881034
172522511
205993859
34318654
210162630
190491802
117849389
137834910
269943451
258171575
277269180
288296424
284317052
291764551
247961185
315864903
169328299
194327389
262470710
192649666
260032080
223504280
65623163
356857740
250980763
256733162
13556382
22934032
146889060
34910262
189589792
189534066
251848821
238807707
92361603
196955819
92007699
140839232
69959412
255717245
51346066
139953366
122074060
76131354
22123078
42750766
178204132
272106447
185344640
334651908
230852923
215439713
87529616
78687173
336816065
294748751
234053691
147979237
123260305
286506124
40847402
147828409
97979210
256249034
186691270
281807298
119480969
305791304
210536342
78201907
116482743
150832830
128755369
248359442
288921427
191421445
152787930
294835047
311757052
3473331
281497416
132056952
128997509
181270211
150342071
50778394
228609209
74342198
148029206
308774517
294243834
14423087
162536667
309223947
173129929
161084107
55320576
154003983
229543890
156030022
247829821
176508271
249825640
292077714
147988497
140750163
277740253
70755555
267494688
108644499
90197445
183305221
44629525
280542227
14050583
15488353
35253885
179589728
48110502
281095176
23268513
274574679
38222130
257196705
236828238
184815672
208755265
153650687
268522921
145720202
76456018
35626747
236983585
274139773
29251066
155325554
231984891
66546584
197304803
289013556
37009999
77792947
42779709
193122513
187343178
262630721
43142319
22905278
246925752
247016455
221430757
139160485
204769086
143843372
159978500
282245759
199683775
133982737
266923477
228790212
250969348
184261640
242807483
149688574
114592551
181330971
39863994
218338185
36751350
7533122
283750525
41299446
133692652
133961121
195839897
187000361
283124693
218318634
216878689
87822648
33984197
37580930
284074145
132340059
32224965
262182469
73580411
148590159
139818493
48493031
275620131
19261153
71678953
98707672
113116513
127852773
133051398
248014003
218737843
50843849
221164008
134576003
92618659
162086273
78502161
115097171
48464283
233948771
116635422
146208369
203651402
110823396
55220837
134128350
108842986
174431916
140070953
16350198
145002455
158055309
183794343
177342424
215860669
167435593
80224262
120229468
14429073
123661456
216833167
145427893
156261461
134834699
86434115
186631949
163048002
181853487
44981712
128342805
126217335
155404831
234736805
240000044
90410398
164060966
142799237
204584120
160928917
204027372
206764378
122188191
44102341
78980250
187660531
130647116
136789539
3450061
210310674
81888818
74081409
153795405
93545617
259925559
62059228
56807075
89225092
148085509
9734612
193041317
233353859
12053602
55947313
201535511
74204778
159547415
70792916
164885059
124776220
7650242
57804665
200306704
191606560
137415452
102429976
51321631
242455169
14595245
190697412
36826668
105639480
104023441
152142811
17948054
9786682
65489923
133398816
22910295
12652472
85196141
16902662
90794394
148864659
274115811
25529699
16476939
76599395
14063192
58217893
32163337
172070884
75684101
120256278
170895870
146114131
194409067
15336827
145318875
127259370
76531412
138160985
127413159
37460535
124627546
17631666
8952562
115525940
164773610
263844160
194847450
138843574
15737712
110771017
188821340
187815802
244244926
41698048
76658933
28877035
239913506
95934255
139556944
256747696
202722687
95925020
133355541
121219218
218315308
129077947
199260285
174263375
124952422
40011468
150847268
47208927
76092294
175206158
214649035
73364426
71630576
164705988
208128733
164872539
22253558
59879608
139829433
54989438
28215941
52015951
191076302
154347933
16672021
38302723
149209836
15447575
84990051
105008012
146845430
16578268
49141968
14630848
9161692
112764971
138388408
123980317
69853536
46862437
158349192
19602540
145527920
90800010
16570663
51240034
51279911
51239707
14627582
3141101
128733866
122211977
88731398
24210580
218762987
143873129
14401149
193827386
189443470
156231997
8781962
106479588
145992645
205011496
90451783
29479000
167175214
177641139
86689261
10007142
139092348
225569427
116577462
170028840
135659395
76409895
230180841
142795461
240214348
21711729
184016022
244555768
121257919
41609283
50126679
72090768
129646718
16942119
59333041
23354726
128382881
40131441
232272268
56870791
7668952
51658330
176283336
236089512
240786054
5177541
128325965
92023578
32680680
134937118
233780632
168256739
120277924
53873633
78996040
112757144
36097278
148479737
14860008
137790748
109323774
46140733
175448445
174742105
157821669
76579230
193463372
210517381
240776797
51254405
191684147
74452681
12416472
128732717
257965632
48462631
14638581
60940059
6015212
24969337
58167137
246507155
112694236
45013575
160928911
119086095
44394145
154254815
42782290
85840608
245518810
115123104
149265907
97003915
186143625
44716951
169668448
58766476
148218247
124244607
147736294
168727592
242875784
266886005
152325528
28273618
148876526
146911245
137439817
118085767
76345551
194962604
267716453
181250955
128356491
133535116
50181167
248877722
31808468
72811133
197527048
167100466
115062451
52257735
128961202
114261775
170955445
87406419
232038844
150878263
45186008
156370778
135157028
189236243
149264424
76727519
152316145
64407857
22813970
130952346
139183856
262893022
29554960
251708607
205364510
186557332
143632981
190808393
157870346
197217398
231791638
143960640
143835534
84427100
138955158
142061797
141202258
14894721
174825461
144712423
122783603
144569954
160308387
155698993
39807986
192671737
133980895
140599040
141247946
39261061
202906386
220248598
76042005
207213477
114854020
181408748
17337093
78105281
35778170
36490059
9656342
35733038
155434166
138926241
124592054
138220302
43116673
54343277
85147073
14071538
78915732
127683262
165888824
117187502
51956965
39692424
116331555
133945128
42254467
17305888
150008859
146859852
241152037
131379635
155049101
144801356
25896539
12815132
1660361
37978929
26729931
95257207
10736762
38966126
70805914
33952069
54341363
821692
68844197
24952459
32686924
7598672
51597098
35785401
37701975
37965578
38456951
50737890
48684543
56777230
35856249
114944803
24342206
42496202
64497888
12597482
67127683
128713071
71303860
53113154
86119466
67694338
15934029
18717943
88723966
60363820
27051759
158045996
136012696
192179840
143487363
122810565
29715245
249780491
157839977
85627373
145002782
133873077
97929367
137759137
57835291
9976792
239221988
264275919
197642500
188356649
165952575
136446919
156683723
249779185
95227165
224276359
186570192
153957303
27515656
139914117
22099528
160719099
161734463
120284201
152127330
164483061
142418821
77390658
68961562
184255952
19083676
17291379
19292516
238756164
62300651
88330556
149630410
37341338
143529859
69047795
85331748
117185027
165493803
177309262
137906645
125782326
57152295
22677822
190297040
152414719
137442112
31133330
154164236
136382177
87602190
142459534
22952132
130639064
89570199
209360062
227722345
143490635
214596276
128935956
124779370
8545122
206806759
19236074
210434000
200295600
135997322
218964248
78921796
197852287
144949163
79749136
23373370
195214557
71683995
108968018
160698542
76326090
18021194
27697807
8403612
118469237
28540026
43382522
16574930
249592880
31312567
86382773
39296395
39775845
82059561
85644924
23187005
7772992
27301362
105192417
110593945
108644873
14273708
176778773
95510528
73283887
139556774
142457918
133589669
150896378
144341744
176070788
140441829
22175551
108987333
245463832
234430444
202555178
200955793
14872237
69213435
24394272
28539934
52435545
211754259
107241277
251915670
10842792
164921971
229623363
34455479
247288139
94637805
161832906
72307032
144840524
140837511
143544144
16808626
106153675
169627734
69555752
146963698
249991775
187272155
41724721
13372652
62613177
39232992
146126886
140908204
236198862
246822953
259523329
235278970
158601137
40987316
71235208
35797705
182181057
221790507
132731579
195048109
148752676
143890569
221049416
236636515
125408988
55962997
133054982
85330158
149488445
260773265
72603359
199728251
152891321
127895424
105082141
37715737
54813184
7918722
164767664
8565932
139264852
253283916
146953504
185305650
174425362
15590302
137810514
20348431
174350872
223283197
222653541
192733897
34666670
137034509
164008026
247239087
124025657
158400034
162173169
138257539
224724579
20434358
165164755
241163009
191949347
96187825
76364116
199023707
2330551
226009677
115516167
69209433
169982864
20824808
61312712
146831895
132993155
18157964
152614791
35746812
94132094
77082945
41383077
140856303
140981850
155258581
18779247
57370965
125492611
47664469
118800631
15959309
197932909
24776620
231128821
143546328
142916063
145288241
164879176
150263990
144435692
63008690
101260093
208128256
159544074
232979251
236024779
223707073
42933426
108066335
135955550
124945648
111067736
39055126
142295586
20450173
4607181
227899342
213828114
52291349
198666634
179986481
128726155
180076191
129569131
179578250
129280923
191872261
217493607
156556272
128024952
88896995
173386940
2655791
124172948
187692065
9588742
126672013
158732968
185658756
118794370
89563373
97577009
119260913
65043271
33779087
142684449
123462602
138119908
168596485
92002902
172514988
151198642
66483742
130482079
44910071
34432670
93080377
96907482
114570540
116986037
98242963
96171488
114879626
7833422
87503775
219301612
180806221
71348800
103614732
150076955
175114792
116646375
113545332
77280392
46205856
16738961
137018391
53486002
173851194
215345529
45580261
26757599
212005903
48140057
199446463
128291631
201885591
171671469
214930372
16676396
135996073
131058199
86622709
209110979
145874926
40943144
21095041
25992212
151123001
76058719
41484416
18466739
158782335
15187065
203093566
183661586
117225837
194491792
184546760
140228130
71959945
183511621
17028456
140960194
33989170
8168562
63369209
85426644
28102807
130987229
176098051
27986223
14390187
15648827
135503137
10257922
7827962
92288820
133348745
148753334
24900072
128242439
204998743
148828745
175041094
105186569
191464871
91488267
202782111
24748345
147020852
183075311
81430069
179729618
92993433
101050596
72900795
74042781
36740801
133807251
166993075
150722961
159978070
37301272
67654599
79991551
110196972
79585327
9633802
111416958
175923047
8273632
161775175
7540212
127968593
146803524
134123412
25401359
168336607
185837232
71794672
117251043
126668850
7996522
170883433
41115130
165111862
69962890
110213431
161814182
161829772
161819331
129551970
140513962
163959957
164702177
164354410
166195561
15973392
161832529
161822563
161733532
164704216
165616919
14962483
29313719
8225692
35047698
24054935
64944344
35075352
78631494
6821642
85130724
14436030
67398379
50948168
35013719
46700541
186335424
53921736
121779106
108488345
129577181
188904733
42492656
167234763
69416519
136069625
34898516
136360248
126827931
19923515
139276584
96417553
151589235
182379105
17078536
82942582
19780104
151046032
26175089
95738226
110435703
161454470
14769900
131301812
184457107
182458407
132197131
153493818
90558638
147443195
107849346
69101907
26935676
16727119
196702872
128351854
148842694
139791311
175103149
7684742
8692892
31237389
161842201
116842018
163978358
167935873
131967942
37717733
189173224
142758895
130215503
54389843
35488691
107125043
17815629
161485591
10012122
33884545
119588510
156545066
42479903
161054768
182852488
144680161
111157576
119758810
161824863
161735807
161834182
161060476
161816046
161425305
16983240
39652411
186973633
66201248
96382385
59714229
56039780
164715111
93971767
167207533
192378571
43623854
128937967
52586866
47384568
151121924
95217117
97513349
37093819
150821769
151151386
138657715
112523709
154008619
158026200
144966429
133954472
146099241
1265071
7996082
21694413
151635175
193034069
161868320
156173886
13058232
12925072
135323871
101895924
132725165
130546045
130122646
50374439
90836187
14333756
161062455
167178940
133515601
91361327
16953335
123681659
15748165
54566119
119104952
69648046
99034535
69916188
58023510
143205194
15095537
19343904
133763089
132570216
39871545
98455809
81882853
103438375
90756926
94667902
