709940966589931521
740227436697288704
4146715893
2363512616
764916485646983169
131316951
197953405
246037224
797068927964741632
4890654131
1328399822
1074715758
746446608896753665
478936045
1327516022
103550181
181975208
781763467
714254268
2427558932
386021373
216093667
190790312
324724181
4895147265
4928285463
189427890
60127996
331942531
1890713911
1570723766
221884831
217878262
104852933
913131817
233451500
3044649531
3044718634
781138483373023233
348849442
315230913
210148155
202282454
615810160
827516286
544758396
753020681550462976
1422000463
221442560
113110615
2327008748
769682609635033089
4351615175
216831329
371765896
3335849609
508243847
189283777
760558002596380672
740209850056085504
794997774
2750003363
222230738
559707522
146964044
44655788
703908920
760562829636333568
3372106840
3068008631
256828577
2553043367
4715115095
709189104
597098010
705487409824137216
2889012624
568825492
4906085541
187703113
4898232226
3003989349
912699739
1483991725
2882999133
2882719473
627350549
2949395303
866604931
735598318965952512
635909633
989021844
184785385
1224944496
62904451
733096676907462656
732907899899551744
267350499
144690143
956515393
720645110246060032
722781828030021632
727477497424666624
3855741515
839886384
725401741609582592
724007738771169280
163343141
186471345
741466723
1206173953
2595639968
285826308
333481971
211554266
717424328388775936
347510805
3571401615
716002780176056320
588902771
3871983825
2813164578
323912716
2252358607
3217694764
3785316693
3289327960
2921757154
24748345
319296983
223177089
266257668
4919587209
325756456
2783868941
2444890806
563421992
705675817
4879376363
58535652
4373455995
4819787175
4085445015
4606446256
3081828921
2492352072
362262113
284102739
4410903143
2820697366
4280010195
143779169
163474313
361343242
4263705677
1568431602
4189154542
2795203509
212237670
217634571
539742356
848015196
3350807332
2868267098
292101732
271210636
3992074517
368420249
343809512
3680066355
256374850
428755043
2901082448
3264783827
1447221456
3506455156
3350356997
104330475
3405118599
3347940845
3308100156
3410847153
3411353517
3415925537
150008859
709363914
1130888360
482553656
3060629277
261722557
125897999
50902441
196430225
66532155
209167384
275162942
159162810
338667650
235599881
134671641
115181545
1660342220
846261578
219667393
116602754
54964826
2868882045
1068580651
2461878834
1623907069
525264466
256747696
202042483
1347686162
1900714082
507467341
2838521453
325575355
2209009612
234893497
1095126175
957643794
2674145889
2337755568
2497691523
909533179
50348707
119392416
343824396
297447869
2792190015
60495881
76157591
915898154
372851508
168530002
257792159
1244737086
716586072
61384826
180321488
284096021
67665104
929907901
398138310
2912570849
255303031
626095085
492728865
741750954
343218622
153639345
352420646
2878396682
103624856
2946823678
2574436000
536420944
319316786
535331078
111606384
270582886
237500333
422637915
237148007
189757358
196168216
315853491
108475310
231415118
2787898506
51254405
2361341503
2551038918
95711439
76213826
361466989
1724035153
502379277
430656733
1649175798
373539722
347492967
165111862
263844098
313913938
598772357
2654877129
541395442
168030742
136057951
1387592666
2466287935
1396082948
567538455
58531272
280701704
2560090658
1503699390
603168922
2494294363
1608293970
157205699
51149213
151762240
192267809
280663158
451710948
410203574
367492196
219749667
486761641
822306008
1077673004
47786101
489748665
252162740
246112803
556152909
306311289
349843908
2285622972
4919451
544856570
118764786
1632940981
2274025008
390999125
263760525
97056406
176627597
216783643
744869204
1679411972
168314627
805240794
256352487
82370429
242947190
118052974
425142546
297822931
1437329971
1134823044
1918161368
371857170
1869288624
844396525
1260985273
183716351
1729001382
268137110
360375982
633188877
244666582
15648827
1541317272
294870132
307507824
128937967
46205856
195048109
467974315
452269400
106105242
215788180
533257020
222460573
143843743
212005903
464395425
359542726
233060448
621302304
238401371
571287074
282123705
285069159
636640620
301296870
345464674
739620738
347019014
597864371
908400217
920242914
948973188
400443036
975043261
1030670102
982530206
209363587
150767165
234848300
307748779
1140256148
178308777
296010867
189595370
274739852
575658933
141456134
137015244
209768038
1451253168
131706798
345053613
355809231
163271718
205548021
146809543
193448343
216429245
977435569
219012622
9147212
220815784
1015152649
205625093
631979598
133681320
398316309
373190769
77981934
281164980
316721802
124876510
237324558
348112681
18111819
274735474
232247314
248463827
929673896
157866978
198758905
362857844
212500112
553236342
560879583
232940900
904143600
347419852
236772389
352100032
265864623
376034959
186557332
118490021
58577394
202274022
371025920
285086862
235029658
346321145
939367022
271212705
876330686
285137536
218549276
370267695
841238503
162228597
406744818
133477784
202260898
255836977
315514238
104583567
332296930
215996236
296661299
161814182
469046557
543524920
295246465
398933451
262882998
443416026
373737932
532759390
522561051
310014891
267939039
220224420
501156494
62437668
155409724
467112591
164715111
258398584
101895924
250362613
277089537
165184465
112341444
135565972
319436759
67316970
425572811
341231671
164411061
192257979
417387026
17943376
427897379
375369761
369304142
209780362
319298314
265773063
124091049
158411651
123913914
18174489
253654745
268888292
221262592
218733357
47151256
207138024
179397931
202792190
88352733
171734902
15447575
