1127304200
191848854
229385617
2724707912
32359921
797922391804542976
496309210
3376369145
729780476517490693
728472848
720025935
197198599
705807268835672064
4649731462
704860236939726849
4870606383
3424838974
721896268008669184
722906240821669888
167178940
173282172
34286070
2279987714
87403396
590183951
1536791610
2097571
1339835893
59940436
84236360
291456704
74218505
211655494
135995206
415776963
226283052
197088597
148228991
303565730
240451626
1113265987
2944464360
17919972
731098105
24929621
50374439
101895924
27042513
47786101
312169738
310289477
2708458279
200102273
1478351612
33884545
15485441
284441324
130613344
2328293677
66436490
173590254
1115407657
444841245
16365636
90420314
23006794
157813911
2285622972
175452679
585366116
71379814
1470584706
239988268
479809444
20102119
441538192
339953701
240324150
32189539
2169502654
101772207
1373020952
46527223
378253705
31290887
209780362
72200492
1155104930
294872538
341821006
706414610
1280930076
51581070
60716977
11952432
219360837
91478624
219850042
1074943758
422950465
422950465
140706098
339892527
272297860
220863530
40076370
128063820
188375893
412643541
14333756
276220575
244730854
288765996
47384568
171214356
99611653
153493818
290741667
132551881
98202435
278216389
82985256
95217117
271958050
133968674
140587743
46761165
21089219
274217199
69099918
94587754
135990123
157907849
51718872
36571140
259379883
16985156
