633871434
4033782689
769204605385314304
543524920
313587802
373069932
4138968616
224135713
3975790233
4013169587
35047698
8225692
14333756
97513349
256747696
525264466
327658894
251887080
3112647119
3093662848
2887996498
381907123
397037059
34501616
183075111
223304073
560669494
242979821
531840789
1969630836
1511727776
74663338
66765259
427349756
49747926
1635947816
2568107147
145507674
2412937272
414818840
2314097040
190649113
388101541
777064693
177981603
184268690
362831354
185064572
963196302
1324623882
136108879
863974206
223888473
1164762968
212465735
405892168
612653666
386272834
505405114
939953419
713439462
406744818
224898965
256282505
131251648
269069240
261022029
171211605
161792834
272699956
44215023
56405314
69491538
21111883
50515656
32985158
285282053
50374439
40511475
20641995
358855692
347492967
771955592
1554211320
581137366
149384223
1154024846
152967331
637313893
106593041
210296600
979484773
118178828
283155518
262882998
296628027
1268348586
313501532
781640016
552136338
106843277
193715966
859038638
422912647
189145996
947217853
259253352
586734178
202855157
230076229
615250561
361602585
276818993
551039681
848053868
856863656
268109664
102511257
235385246
255854487
53985658
14699672
320228034
466752176
346886797
460437940
307043535
81289637
280157191
211374036
238807707
421169002
14580438
479216126
46770322
411249825
96247291
436347779
125603760
419783149
239163061
125381181
219649206
389547594
312986983
209920359
44247973
191508909
24769221
64745021
230880356
139935163
241361316
372051156
371581729
122143621
367799519
221240950
23148563
268776892
109979685
169927844
91875530
28606058
247939947
166677637
37718134
161640562
161419220
87812442
305085584
331812255
93819063
204487789
155281331
163587218
259379883
187438363
109593941
24942238
79256250
25393674
214789133
327762604
166787477
167325741
48328865
28296580
235228308
185239440
308217845
291367030
142932636
64354960
182950575
105766812
28105575
262370871
15209694
55320704
196560509
188497964
148720003
94224243
136744124
142520724
77792947
291897953
158527314
19053307
18750801
200996724
24182806
20477352
15462987
87599828
105901255
29765009
168745047
608473
16126957
61503837
264391887
82408973
106012381
167702053
44629525
88350782
289080933
39203045
55552494
283141748
278487544
248387535
279833102
176875560
115061238
115673454
51005548
261310453
250510976
140253515
140954374
173634232
227769733
23774237
74923891
160201625
130670224
226674857
276140883
95066448
275395697
85670191
99392127
201370996
193309637
31930160
116646375
113532231
121311824
267529488
113801253
245114005
235829401
98955572
30659743
230385665
24700154
164405277
240431458
227795212
197026419
144048597
202491052
162228597
177871217
69027036
36978888
236599447
66467442
180389449
232398004
211418148
18814625
224977035
233383411
143542886
186686341
99731085
167502669
189173224
19603790
182439572
80425030
65229280
89224844
191949347
133330425
117551698
55033682
96187825
67665104
22832029
175437503
156269329
216603457
86458269
210690926
66749162
34559568
137034509
63369209
216571634
216562721
172788105
181198187
215530230
116510779
78687173
15447575
104354030
168804160
152132463
170450002
91960579
170883433
108192135
161886655
52551600
197077210
58706916
203241117
134920131
115577497
153650687
42927636
67143977
18309277
95217117
96834292
198871779
198046167
69610339
18863815
197649944
15764160
197223309
27986711
23006794
8273632
43152482
82361775
35951841
40981798
114582201
23976386
47288005
167178940
102389104
126217335
43003845
37085335
18307793
14230524
169365767
19404587
