756689806151839744
302724277
781568392155234304
145491612
2981505005
791018344040296448
2737794454
795952249721778176
744349895386107904
779137510739968000
248725806
999797750
229617225
458626968
380061095
137908875
208547019
246590413
391002653
97452391
301647297
478819025
1398692724
278680562
360968766
709488988
415265587
1607213726
399701080
1004905976
143613543
191224016
300343274
349351242
240773344
301667864
1014384037
1708612550
556389862
195015357
230523880
498359592
124053720
329301989
597900037
233281881
605662720
174312258
299910505
21424273
1016420251
171288875
118188649
396337027
1321120916
1191996228
155013806
286772502
615310413
1202809051
1140772994
954584492
126979634
528710883
284147611
77024760
770633280
66451279
1129000902
806115397
227875806
1077542732
169499476
205925075
805309848
618274240
179749404
176201407
350497648
405914087
169253607
380721719
1173860850
365248752
636313222
1122011178
265660484
294386225
635046021
279647775
360074959
630613249
305258651
961549784
212985166
346290722
846366630
456310455
575734708
409752157
339707680
84125942
322352419
142894520
335561521
484506854
108033553
540036207
328329774
251260438
58531272
179686497
420016842
108644499
84896113
332957834
220044843
180475876
80700778
167435593
181123681
