814686213248585729
67390480
200183852
811562308770156544
785493284726640641
811558276030746626
744302003795406848
2895002255
288346910
434530913
736255287921889282
802531739830779904
764223203694747648
1689335820
2441930437
790336437644328962
4748612777
2587871618
781622657863286785
780895605442969602
777921525861212162
461093180
4286586449
763779552539734016
766779022730731524
178499044
150893102
213115026
247094561
271182893
1838009912
44238763
302767063
580082480
406587693
418782370
1965740845
1461108152
132547612
747581002210508800
715618018068459521
4685926452
744714542698139649
200124093
3159711265
1630968721
365860744
2357252378
4503195494
2896409733
177295876
4019869708
373257643
734420509115449344
280333104
1887431149
726923815746428929
2791475831
726809303970107393
3424211601
721896268008669184
721861500126760960
721705720341741568
717100010312241152
142519068
712806004145143808
4637314772
712111752322936833
955782368
590532945
143673790
710169471890169856
710161809622376448
4438875389
3522183019
59009601
707540697646243841
523380374
252607429
361914137
488151264
176885033
701106609771171841
1096637882
4903467015
419613576
211682243
268516549
219880244
3106463889
492343991
72393847
1186226905
2231294444
220343896
2588061773
1020208705
220946596
218042973
4400317703
4345477235
3290156152
740336334
138843574
100376563
744479095
400283454
1064785874
893500772
3091347731
2711853125
1972323787
270050670
217847294
220332032
3372106840
3085835595
3454232056
2306906248
3424310709
96762571
3421416599
3420772275
336028484
212323094
72668794
3102246373
403088944
3387832533
452755085
3352691733
2202346614
900523296
500704345
587150495
18876958
46192562
175923047
227720098
706247042
305086025
2693445744
143860873
563773639
239471147
885000192
1266084104
2513737578
180084965
2984535609
102361889
145372463
174121162
247771187
213720520
3217824767
3196433487
564234824
3174854104
1965813822
1104983442
377816399
1609009364
69008563
126353165
1241494800
3111229359
145459662
2598162051
143857907
626814791
571087572
2922776817
135231277
382512145
22549812
2510458267
1419031159
792303348
46527223
129346101
1646371363
2614596584
1390616701
48584145
2335810602
356599881
2274912776
284088966
770147088
146260135
189628123
161775175
2459994756
2395128510
2285622972
177595168
164705657
186471345
277308089
829272301
154048214
2450777449
770698794
714603030
2466302128
220708867
283835873
121806938
1244433258
454132312
179350497
872185597
2530173678
2495199115
961040029
296239551
2479877101
360081950
2435658650
2540252896
297634830
2496079199
16228699
2409683900
432963895
226746459
247816345
177478931
1121876948
27758112
74712538
555264023
1907120395
111698159
751891178
356358589
2394397584
216957079
300553927
1926869120
2897441
255757841
381766129
835931882
1286710075
1426374667
202501318
229882457
2341106310
445634793
280984150
1350404346
1846140120
408131205
1613095693
242578930
2334260402
1249388028
624685133
1875205681
2199523469
1337560772
211344774
1418583264
1511390095
1580441826
327499066
1581203119
173590254
264904132
41127480
722763060
40334568
69416519
153667093
94009674
236919314
533573263
101788047
106143046
25365536
544424922
594764132
1713641732
350950295
2203732712
2219781493
240859258
250864362
558797310
170479559
174297283
239575317
224255240
632015758
458488239
304526698
531425904
2236879394
81526308
40445356
146985042
183307747
246112803
143634891
149383579
46205856
1602583172
170883433
2243072154
1858760508
208645314
1003023973
341160736
924122882
167046571
78355722
1072016671
144435692
293681698
323243704
358450312
359194660
137034509
49133906
255649220
26887938
1265260098
11740782
91390383
63158225
315585961
185344774
347956997
107532510
886966891
635042867
1610722218
989359376
18111819
160407533
295314585
482981602
42894971
1194875124
2165039840
2180317879
2233220352
1566874542
197217398
202722687
169074584
161705340
240000044
590534194
269020005
270198055
38038211
207976895
1431360224
30412016
46130880
36928426
46919513
139556944
274583401
53486002
565808026
370699543
259612451
138388408
134123412
64646438
1319914874
1679868919
50159207
1854915601
45990581
239196350
259379883
15648827
261440861
301505535
627673190
96951800
239938002
261620277
88681373
222231985
119383183
92670884
1071624907
311867995
358844013
500409548
122211977
270563992
269862460
563350368
232237571
258875236
445077766
69101907
632525082
566971617
193041317
156545066
154675980
285332860
345678882
37093819
119588510
289336428
216424606
1132992324
60716977
235625906
947217853
389736855
440228313
224259835
225210218
1640169925
219012622
2186551477
121490502
1959457734
215283453
613530991
758241776
193342129
47736553
87037686
212380599
1543728618
491578273
372618356
358415484
51137100
2097571
759251
178923222
121779106
82985256
307052017
534786383
515869169
198554964
149256712
344634424
59900378
29749448
77512825
95715393
231337047
271003233
17549677
298228218
118793579
52890257
2162136632
50182081
705572793
107118834
980972107
491454272
254274083
32573359
213842414
634369197
832649450
204603281
1897613244
67178604
151068317
615452497
801736166
1206648380
418740162
34353078
63284897
3023861
275628660
344404444
515874937
939953419
282231216
1856106457
226459014
47384568
212005903
175114792
86867494
157205699
236983585
96039232
1339468159
161734463
410203574
355809231
58531272
189850197
543533194
205011496
139092348
19095834
69962890
55962997
16808626
142295586
52585854
195947234
381882362
114570540
153444480
158732968
37717733
468586302
215996236
197932909
231463914
165616919
197527048
248877722
155549968
286959330
40943144
164872539
223283197
341864146
47498127
135955550
196028204
311159718
239484397
52501230
1897410895
459803337
88559972
65437340
202161562
245463832
1145968680
409708983
90836187
391587526
325554207
520116721
262659188
132550547
405570740
477357733
134921442
406636592
189373152
1549363728
1535136050
1073222544
211269900
196267398
126026500
317223660
1347111612
153674670
119465726
328743371
153493818
308511468
168251356
327238886
111164034
182671755
773069256
818748138
141751617
768799920
334735101
193697607
281659266
285137536
119979022
246015839
362239270
185457389
221640058
219505269
237468867
186557332
789856765
23415676
162253948
1302779341
269069240
525264466
36483808
505475442
47491330
226009677
109321179
539501831
84219696
301398211
524531680
240388566
224223563
248790137
134887660
157054682
354135611
427708740
1237219975
183387449
107143121
623082377
377039530
830089038
83760396
51137341
884556398
350529657
104291835
88040030
189893895
160414885
237792958
139818493
211655494
161842201
14120151
244776743
30544896
202282454
326344160
253628616
203223272
138476298
87531731
381011295
567041399
144373509
353753307
311151168
312103335
405873755
334033424
431663853
329069009
352160101
208897897
254086506
149176052
245492263
851547750
322385644
528107561
959743196
118927130
378823744
186183937
193544452
290770159
231128821
264492552
125452967
736947122
247824860
556944013
253666277
120229468
376602924
947168018
616716930
437575450
24961728
214757909
274760625
264148733
307057111
761920896
705794689
746269819
213813007
198226950
110783844
193790099
297058762
267271723
962335850
275771419
761932782
283567641
97353669
214086191
847737698
300009845
118161896
243711677
896704069
125710580
180944030
64944344
222344995
77792947
339125954
358317485
171944122
761952265
341226836
23396100
237569211
249756644
40148479
125772008
772474130
309082531
208022818
111794759
468359484
263207794
72307032
834628130
298027535
322681145
202906386
273723177
476386479
399777737
310289477
166549341
358385934
358389342
764666605
751644254
205822561
278065615
375957474
251887080
233781641
755464328
147778149
235164230
531460927
176836959
626621400
249839443
276169885
450163900
190082188
318844390
207287443
115516167
167178940
126827931
206680558
249862566
381144338
153050099
234934342
63174395
444032244
173605886
404297353
234888755
395429154
191076302
244246623
147020852
112764971
72344805
45580261
47288005
203093566
15095537
164715111
33884545
56039780
174825461
813286
192378571
182852488
169627734
209780362
198776875
170895870
128351854
305085584
106514629
55033131
111416958
39203045
87808186
14333756
95217117
236024779
50013632
140960194
151046032
184909220
24702915
185837232
204840311
161824863
163978358
206939637
104490755
59714229
42479903
77694285
107125043
142532674
128937967
195048109
85788068
43152482
97513349
104974333
195485810
19554706
135018406
182379105
14872237
130122646
65224413
