615522947
3400515887
3296275677
3064947819
543940979
174825461
164501242
1147019574
223707073
468586302
135955550
746127996684242944
2984710808
249345746
759988100101763072
1463771167
9161692
86437426
78938710
122211977
120256278
1158183534
1319367937
489023307
978946531
1473962766
1252755229
573808532
723379339484524545
240008403
161407339
317775165
1635445232
1112088823
243401825
175738629
505347396
273667377
477093879
706027358
118056286
575667065
338400297
783689678
161734463
42933426
284128412
188356649
276204298
95227165
456934009
1206780888
3956354488
449916774
242208491
2503677336
704083581459681281
3302049890
14055186
2885998923
767464339775160320
777351529548410880
778335772856446976
3194909499
2409683900
105186569
35727881
17019152
59399268
34914032
134234000
22838300
130151627
28987332
21787625
323044405
1262534084
478471054
991965145
126827931
724367558166482946
724736905380802560
2869433732
361343242
247239087
729029675180294144
186471345
728790884
257523563
277133468
2282485206
1528624087
2361676626
4845358872
720824623609159683
1610285629
323842059
1213751995
257179931
2824690666
698790659797331968
114648454
1537366034
242905304
96039232
4818008153
157463644
2968666851
220496934
612147778
3589760973
365033122
2897944756
196625041
2809525721
1151912796
3045648752
3428505141
3699963801
586671909
1011899672
1659267824
38711366
246822953
112523709
169048195
584162460
1246582488
355809231
123275895
2883288509
1895317938
148880202
170141378
282666145
519625577
245036280
204649153
969361682
2400852762
577103545
138657715
1468601682
539709270
1460876869
1486345424
985704002
410978885
1884894788
518642386
2818199559
190888863
221564629
1733459390
273106960
2754914550
121631048
157421917
2590238058
568583301
2405999797
2312604444
1961661390
935519947
824196282
292418509
1141106166
261720150
269566523
1326103622
48186250
150730898
390879406
1354672142
111416958
1009388767
1262831526
175923047
260563231
390999125
153293952
525830740
384547655
150646232
171594066
140513962
703580100
193965703
231637184
491578273
884556398
183075311
1249901666
187357987
220881504
1478526998
1468838737
217942433
519784830
1734344652
133069646
213565028
193345767
558486062
30737533
223537733
376025702
1223513665
500704345
550336226
195048109
432065974
164715111
112757144
138955158
493762136
273686116
218626985
193446989
135368352
291446103
152819773
273538547
