289342771
46213956
801159713035612160
15570213
176840515
18686907
1136630742
14413466
20479813
39000115
4764953297
79923701
244693950
15675138
349169400
18533219
746387674286559232
32780218
23125412
4824205889
565112799
61734492
215207998
2421067430
731132367058968576
2573480784
20772763
4573098573
166669818
13850422
39364684
50888768
609318775
3154733665
40720689
13493302
19568591
48120914
2636340443
1882973634
36711022
741696985
37361889
375837200
89887215
1917731
75066625
939091
18587457
748759626619887616
720281941908463616
723164389956702208
382685028
3720858257
17006157
617825073
236899846
102251724
131497030
1407822289
3420477195
787373558
594664924
268485186
360682978
30602016
368569541
1630652706
1580791807
2422210946
134895754
235599881
58535652
556152909
4345418963
489475164
195345899
122670091
771544231
706071068931395584
365158054
1080560454
19847765
2525848868
22080646
2317351705
316389142
2893511188
2845301502
52803520
108066335
14361701
4437314112
135955550
234430397
223707073
41509142
1418434129
21228708
2685554226
58242325
1410723450
52174903
373157754
453319164
934378472
818617004
2949252301
7306602
86129724
245081776
49810007
26056710
46335511
739727142
3069923951
44976432
22799750
22720093
14544581
101788047
17011177
198982294
45617221
22036511
1788877566
186471345
35869103
2894364710
50772918
3803136317
9624742
15649433
1058520120
322802128
49264728
14849562
36948268
22162854
755113
2347049341
1707321486
184136149
50487819
14135426
166717446
36155311
778798705
82649553
10886522
55334133
20068679
2744442302
14735121
21613853
38271276
2097571
5402612
742143
474464413
14185317
847851512
32520161
550483516
101895924
209780362
15466988
30071231
47036963
9300262
8953122
21344507
2196201139
164412502
920442636
2312904278
33276161
16330879
54277123
3066021849
153558139
149208402
34436190
2601666433
258169256
2669964260
96984427
32765534
40390377
420406803
3063996411
2284066573
243820925
399080466
1424196972
15007149
29442313
970207298
17624967
2326121288
3186351200
634907757
133448051
122130797
23818581
2920759605
2481105272
28665877
336124836
340380997
299674713
66213051
2467720274
26657119
227894751
783763632
65698096
105431194
1526052913
2398372908
72112616
2211480972
2285622972
252274577
17086475
202829724
282768438
2375957839
155956736
2420906341
210684204
1927258910
467357552
434227323
2485527848
14434063
1536791610
2231477328
165203114
163141178
15302322
366811632
2938582150
34342722
312254125
1524833570
702278455
21827584
1658362819
380125038
25082628
176907799
2835113675
2806505887
146960605
291998242
202792190
939367022
35058064
58813551
1397509388
1479869312
2499422425
2654979367
750214826
223489318
1447003896
2409431994
1488970322
2932223609
1230136633
49153854
274673392
23127904
506720512
41494402
621104416
19006591
2677936656
1640686358
629768851
22178780
63222782
1376002820
522768497
357606935
864508212
180819164
351787639
784581866
2920258663
2455821468
531282662
520082751
380456976
2986291320
2794298370
71330454
18539194
1265068920
17416571
2436535886
357102843
2933782199
532414196
1155587070
332448754
522009325
1132090693
401681783
37193704
57100687
91186341
169083205
33395719
2264980638
29256650
43641364
2428776326
231094495
319777415
487600344
180643026
2602709630
2282706721
250205792
30278532
380322720
7215082
40197535
589368561
6039302
1436934800
2163047131
2461393956
105180501
2506730629
13708212
13784322
33134427
527975871
199399909
1927658204
286704287
338667650
221442560
202282454
1158918746
339742331
370113329
34436704
22089893
22390898
2720105268
115164612
633056403
16902300
816296792
165832871
314551381
183894600
75485244
35672996
321493779
162051185
15483578
494106380
70274088
231130251
279107072
25624708
49768322
260519441
218138693
16916023
76199783
60446944
199713070
539430260
47288005
44224737
94686501
53215364
735478422
627866689
323910770
604918527
17035334
163483088
10875712
62823014
211333795
859888430
313321464
23197774
403122151
465261908
425324458
45946512
757151820
890010919
155769829
309401417
485878519
153166217
1616335232
1345378874
25639611
720572318
1581536185
2214914564
418257499
1632781518
497277901
2179125686
2274689978
2428210658
1406821711
15949825
95726214
1548829482
734723564
1876696962
1345737235
187395826
2440638385
2660791141
1618506469
2658069254
2706842922
16396595
1107966702
2149902314
2417515981
256209424
424470431
116626615
334069974
557147374
748437018
2649234703
2210882654
303952870
415605847
350411337
1102068404
243324920
33207582
471053592
563350368
823905
19824351
28230585
47748170
20950605
71615554
264325602
337269372
421907952
858716964
48203749
2716950845
181336224
1226674410
128263500
15906646
15467700
1870178251
22994026
2661105350
74177226
14580701
20899023
245606633
87957048
124409940
47993879
621563
143039548
197368408
33759355
261497998
16936532
2516614945
2463499796
20793816
15898172
2747509300
1151172990
284602545
1364930179
237885691
194378740
296605847
75937485
585005305
99706489
537524290
757756794
492621255
617225536
527726976
714771944
757651572
21958887
105249633
1571605608
257233694
1152705901
95282039
14096047
970331
20828913
808006362
119581909
91340380
400274074
2557136552
601155152
726200268
1242354097
220237660
2688946674
602332851
22277627
104600534
705274760
351888936
273973263
1254477708
331213931
167637355
16095549
1418261348
2318188448
348640792
14529929
74518740
389249973
38500966
14369901
16403943
212676609
58670221
48056681
357865651
385957040
2400346969
119110363
106578674
76027332
91666076
522596640
195187694
17105998
17332584
21132309
518889951
576692324
492656797
399768765
583433614
378253705
435882815
2654046534
1425659460
59028032
8086612
102529371
1109960354
421991891
498839973
145600904
237845487
190906140
14681590
23824246
85865474
579450772
455180889
270700026
18774567
98012335
17507250
2230188942
1033702944
796261392
164691705
20437286
21118985
19616718
185397767
35415477
15743206
542025071
2551775688
5513002
23588075
214705179
459269265
240962349
172867574
2342523128
360285166
868856461
863596621
2269263879
18006230
1087920211
208163898
1074278209
1318560745
1304864108
2897441
48713071
177201706
16167063
64839766
525264466
195835954
67070620
27698202
21407253
1455032653
217160945
35936474
42562446
317370751
19263978
19017659
43183327
91659552
48488561
193095044
23234807
294119711
52815001
284750553
15147042
299707206
249198622
1473842041
14125572
19675928
126092518
1093090866
129287801
30344426
19661512
1267954609
41922749
23096447
2511477648
410403665
192685104
505915529
298097587
1205123202
175824869
189850197
205011496
139092348
143689068
142295586
144712423
705737262
351921957
146099241
142296675
177342424
162173169
287906708
313913938
161734463
1283359081
182536580
701300527
2327860633
37964451
575854738
124335068
348785149
14353392
22156181
175500549
20661539
463204825
293850289
18128265
202415747
2362619492
60395840
40349928
10324882
164122774
16262688
26378747
1180241856
19725644
1116353545
18949610
18132032
1038293940
1271360406
748316455
1036002186
765624542
26508553
2260973659
1004368656
25389599
105211981
21129105
500704345
36686415
373071271
11393782
13530512
44134773
106164971
16636924
24423418
163559269
953278568
244727125
564000560
281278793
252293151
287502089
183675164
16650371
19697415
246020881
1895278116
36383533
58324184
2191286430
2172975880
787113444
228975395
176696247
131035262
100220864
76987599
17560096
747182754
6249572
22903121
15080837
336116660
1397342508
71022075
1573394840
141341662
16812787
40931019
20710809
355906128
88713953
58816328
28164096
1330457336
1339835893
28706024
80943051
939698184
16877611
83251070
57438788
1164038592
91180720
1024801728
26334909
31312972
24580952
1260366252
306938642
1060967766
232188347
1228536620
176895122
31239408
342361959
521321191
138600717
316388225
40908929
19733898
6017542
512613427
294808329
1059194370
49698134
144925401
15131310
17494010
63420653
20188832
31022646
634151812
15433331
118188665
14676022
499336680
52529896
21842357
4207961
952038276
29369395
17565514
398458864
288304848
362786454
32135704
205302299
29465136
158414847
610922415
75052666
15667802
15667802
90484508
14377605
238319766
16017475
148529707
18766459
55355654
2836421
26213879
246500501
241209954
18967264
22072126
20270332
377041917
204774964
70674120
124003770
263292498
378236851
26548315
15808765
71023061
38251645
349297814
50482949
21862217
158426909
48802204
18622869
829797714
102789488
237477771
249469549
59031230
259395895
60919240
790136510
18978610
607289206
429409306
130997057
14038972
14075928
65414320
69181624
248900032
16533116
63133026
156718477
110195330
53120768
23449036
340333435
20710218
64411570
142837661
24775528
21840565
17461978
267921808
43139414
365822838
703436646
75974281
17291393
718728986
145107843
19113374
21728303
11856592
244655353
21062680
101566422
14123683
360376862
114898941
47660879
29547045
188006067
331813832
112508240
130617778
313537605
27083523
605922128
44224400
131030214
97474887
58528137
488011724
499098033
193731275
56286096
25140900
115597898
185420422
38002432
438550809
78122166
40918816
91208190
18915240
259375460
21447363
68471807
16303106
27091468
323644494
377039040
15846407
46549072
341593772
145323019
82153462
251489444
326253259
39498176
23554823
153875208
140297774
25414711
177882435
74791999
498961017
171635325
188039706
534960213
140308631
254117355
14798644
42921216
40941404
75296671
122218099
35552231
427926615
56790952
408151651
254254909
32186233
97061453
346031685
37515801
68816598
23501022
22159122
26619516
34630995
15224867
284089166
807095
255657736
15485441
85961526
22938645
35586563
270949258
36362259
116995753
39922782
16379018
20109973
173999134
14173315
342803375
17910878
159523955
390887147
19212622
27048403
21220931
14251225
52847728
40892016
26257166
277796917
153858073
72966192
20998647
110485995
279710472
16302242
14920785
234521957
277441039
22777734
179273820
74626521
94141566
85815410
246055470
15147344
19983101
19982433
19983877
67133275
215423552
32453930
201242392
19735580
31447081
20575752
41651800
34104616
16125042
18691328
34701524
25837113
17299063
16228398
26553086
58830702
138134695
74778498
34930912
17449553
7212562
47438401
39288259
30313925
52529345
53853197
23083404
23478416
34394666
88763317
16957824
16812760
15222004
29840295
42244648
55307193
51263592
22922759
65212470
31293110
26799554
34276558
34373622
19397214
18102434
17220613
23967578
25355724
41874425
7744592
21254264
19923144
19877186
14511951
18479513
2884771
26589987
19426551
7040932
21388284
16909851
19394188
16160352
14880616
2557521
18812301
21619519
8944612
16129920
813286
16727535
20608910
14224719
5741722
428333
11640472
