218668027
708013142652166145
1506154345
703771617952980992
3336082349
4157481693
2750123225
3223102589
264393174
214906550
228609209
866676930
625037308
827512051
96138777
3023953125
31817799
37510640
622332688
500704345
25087685
220764143
229410323
2174287897
118777712
139495783
311081607
1417653817
2596593504
180505807
245201247
2387117088
1716892602
281223434
64947952
51350401
600429857
40335062
976349060
1425911738
2329710038
858671665
311248289
155872474
172450187
2246100098
199978728
33884545
434433769
2291347406
329903330
187228007
290745209
2322540241
176161650
23776107
2227222206
1472647580
799332654
1006151130
1029361146
1710921638
288372417
849641018
34991410
263866627
353071717
766861627
221394758
554101260
542192873
1682155920
248841249
1508473890
114346377
1007241644
318218314
1471172172
713439462
1868123748
1671917480
534621259
787912376
1483567508
229543890
939953419
588308914
594203973
430699713
405892168
320636987
849508033
1726407092
1695596642
716130319
239543793
974302892
213698984
33906088
107621910
33915734
108908254
239471147
319296983
273182271
1118127355
144666448
65528172
1197115723
382484857
1478351612
400135689
763931833
526932286
78680925
1409206603
601086194
1179750714
1050960636
624327316
1149900258
160623287
1495990292
1061436655
177195910
790380559
452678207
479809444
487843424
310036843
1258513747
153046768
87284779
1245272185
944868115
1343128704
130301462
53443239
201485682
88802631
224856646
94885436
750666637
402733568
292121767
35432753
14313180
14399483
726079741
265676707
132774626
307043535
410203574
633103303
257799442
16193578
549893437
880777628
573393573
1157227580
543940979
1265969533
606648738
351949497
176592903
126598057
1091120804
700558106
297634830
178943743
568667800
575793207
1135908236
297636965
1191466099
771955592
301058590
51254405
1021140373
237275465
239198429
192231222
531814905
947842794
108488345
123090739
296507301
570175322
85734346
625690866
226954423
161854794
385137893
169771341
378165960
194184243
252842271
190800122
344233099
902481463
187528993
54763880
209780362
64051613
98441558
86107915
47384568
244730854
275410492
373539722
479529451
188196998
304260635
190811534
864009686
608321089
220753118
208657371
186582619
447140986
230163514
127952545
168033508
324772772
133874954
450982091
329215647
302377126
144184861
801736166
205299788
243381107
560743045
848134537
819867930
627866229
549437929
256747696
296588329
190510907
350901702
296071103
299953122
468631693
138478860
179138355
125492611
605810556
599550840
45872619
153686381
14481776
225671659
635085623
51041779
229325542
627241745
32309733
72344805
56039780
122562817
735698653
184891722
132625115
201343747
634144647
308041953
95217117
460339504
517142222
633156491
404561298
241639512
175433743
169728169
79656044
631438944
266828087
139905769
141758206
118798120
437708961
423624956
186691270
317369371
397632308
129280923
137034509
296639547
251922978
255067662
130613344
33905807
385274381
296596666
495321640
17652928
74008143
236253596
436355292
354076699
23617610
157140968
25365536
235723504
43152482
248960371
353475302
252912671
240000044
220082220
189534066
281828955
227233892
168245901
234792479
217569951
358413107
167178940
211374036
310855915
244130172
200432818
121170409
118161896
270417014
347978509
342526937
212005903
111424434
179395726
463444116
187794239
506526820
506148472
159201495
111487599
139835969
360377931
109091513
186590561
306439596
207725775
43312059
244246623
89847337
205767388
60661915
201830223
147857887
274534745
79392171
238807707
335096379
77792947
354027113
421198707
58408400
192378571
8225692
223838707
76877943
