179986481
80320215
75473402
67425087
3426271569
116302648
176935711
500440742
162264089
292971566
158200484
297794987
145538919
1918681195
1918753152
37497681
190689313
552401732
297004947
249790300
129860208
2687847630
72373653
219891879
755057994782629889
228303859
117779822
169633744
96789803
35315587
315585961
570203098
241654532
1074644779
373407512
336785711
947800100
139122602
212985813
764403458120245248
150008859
35488691
339222839
270975043
171143454
162086273
327525956
1546401079
771870576889790465
737345879779217409
856928641
102389104
2181452290
117994875
267773175
2766829740
11483312
167464379
83218279
348112681
200182946
46755446
756508466525659136
584162460
308589776
32183137
92162752
46636905
161426568
212432748
53156616
333091292
49658852
715644282812633089
303534777
18811660
323842059
2905210115
297022569
622262899
490641419
207081026
179119642
64244685
142154133
78041379
130693433
384969618
107448850
352103897
119952385
197104553
202518014
486072600
1056743606
345776763
73989722
218723076
3343275226
139204968
12548992
14134599
94748872
203372588
221440455
130384971
534535886
738553250
199945716
134856436
1242091075
18661588
167178940
35563739
24700154
304768145
1416366600
158814488
138477230
233546786
952483442
193484538
197719872
581479079
81651223
50466459
209706760
364102428
220332032
214561361
177319921
342991010
1526501629
215062448
175206158
549249830
18545520
229776266
98449172
43370714
3430712254
334920631
298293658
3087616801
3397585287
246591129
182027087
63298745
66166065
54022967
1051146032
59459041
860237030
89375015
214615183
748279105
177825791
91256141
1018238400
5177541
44519799
277255536
3003311217
256033151
63158225
33905807
212479576
2167691497
109060301
260730957
66190349
300601375
45671930
63974093
56389527
303938461
3615089837
2769742708
5627542
205365015
74519884
2260269835
1328009605
250208935
122740637
23112568
28058878
239646492
76230542
217507875
226246601
211056884
439690096
785961338
358954167
119193237
540945878
285124854
486206942
77238229
295857323
312784108
284321426
170834195
45274131
42340069
3250081060
267494688
197211814
259098115
198751470
305139140
30552911
211259038
298777004
76829443
165819347
190869117
250325596
3055959309
154251647
412405143
42955612
175490296
544689766
2980342756
2597148265
187059988
203359058
172115895
1507384284
1914304561
203669102
184124079
159335624
22592059
266284424
215982633
133593255
155338152
273132659
459803337
163741114
2952305674
228774524
1870338828
226752925
204465825
202037702
323009036
165573736
301910814
246514152
67929008
207707871
44698867
71717222
319391486
225186855
85417141
40481624
286972441
286486242
270109821
99574785
120770854
288551333
219868138
2393423492
138876052
85675341
131314999
52592786
261568800
145535917
125890626
335999276
527940086
3205091
100068267
216103340
204564176
221576461
230900903
337359938
2606220979
268139772
254538837
136891330
161792834
485034983
88559972
2531063778
2320922959
269829203
375791660
200297209
110608304
302964761
264545150
1317297180
75058343
517151496
217966527
146194040
151825141
181857751
152128444
106450786
469421857
118901565
418740162
107877237
74015893
84667031
279885729
174442576
151046032
400937783
213355076
502283302
171594066
18742360
474213313
574692406
18621391
633239345
83668975
190481558
1638332388
213520939
101396314
85955885
355620207
142061797
17030781
371581729
207123369
2437331802
268578986
134123412
216469917
2318196277
219787628
1671358760
204839180
572967033
87528517
75707237
137832847
151095180
152663221
32163450
151188717
307057915
266987316
189346136
73021961
77280392
2253551
138583727
384417410
277460541
2203204178
80646046
308221288
97481287
125432669
127685143
138254441
167046714
36389737
182097841
846506526
229502027
178931425
197088762
295416119
32155861
138073345
285193134
63822615
198221955
213793914
39768461
269453227
287768886
171944122
43423633
16286553
56583392
347441239
151762240
229152214
250692102
966091454
193133300
118592457
14023652
490155483
202965468
98276726
93037054
88590700
23332003
89631086
222325623
161834182
51149213
112805945
44643261
41686985
216470804
162041807
171737683
35822519
18679449
227861437
307362863
95009536
106145177
55117712
790305
73975994
213083837
15931574
458768242
53091269
192378571
296686418
438017051
182241948
136641309
214740111
31545059
67442125
211651348
19854620
325936722
54413579
66042835
1597375687
277857082
52541236
106149270
256837227
225278500
188573736
129897568
75496615
1475783150
232884153
236618566
100411858
96837596
310667552
192356556
113420494
78532115
310946722
131251648
1484138028
79607298
62158354
92148995
104734674
400451923
109939365
105925559
134201773
168652489
1413219925
134195235
219776886
305175950
291998242
390477269
162432297
716350387
213078809
237979415
41220057
82936259
66276043
335577550
194179220
175441028
580490170
148842411
76442053
142057949
290779704
40046685
84923673
77106024
239196350
124673879
64904933
178253123
206846393
198005680
51254405
62710484
197107548
277359012
834712573
136187434
280647546
269893583
153959642
17910305
70886355
100090645
205757078
61525007
287291325
160362661
140859361
136672158
84780647
421316220
128315526
95438810
40737325
70747689
233737194
523835787
69076394
125488015
120948700
147823753
32820189
247568671
55098867
382400889
175205560
176150545
20025222
151530210
340281069
71919053
948603264
142811974
160024153
221962547
245388749
197603668
47647053
188538226
129372757
37861182
18038244
198983268
89621932
146298590
117866511
440644278
197243074
575128962
594978490
113423956
1265071
132668172
14118233
145657132
756055490
91888437
53984152
31969184
378115956
35392354
15267986
18678240
46698672
112467401
228059055
18679654
174512205
335455850
254319748
41944631
155670453
16808624
37254426
2376101
62971061
99585203
173039397
192585300
166432581
141491456
166046571
51914907
148570602
239080331
212431778
215823935
67485219
70078706
54120842
222380721
160089872
18636328
265494295
54639903
216388365
248160344
52524889
54396664
66043816
197218160
61237808
74563050
20616055
86166126
83929198
758114
18640871
183667577
32487479
207771210
25895204
134413951
67410227
35580454
138265966
67725227
101260093
216192874
70407796
198623976
197177312
18635896
14205561
99035853
159528158
135514581
188553548
68857929
361608219
761906
18992353
111325964
59818208
192650066
188845972
310484655
14449026
211996466
335114326
134278265
14445758
158922985
113276044
180859312
116133822
104659133
192993323
46147669
95956788
66147176
80765562
206495217
128256856
164747369
16896862
29381982
14861338
102757257
185216004
46841366
409357523
157821669
176310824
7056162
156336419
124318973
41638530
154528262
62229291
