270109821
244246623
175437503
167178940
388313534
246112803
2589752126
1024365918
308576025
250729244
274703361
334299056
382254928
972767558
1707503280
355577999
377573929
1620869582
177641963
213715038
1074644779
89563373
45969557
202280296
2474668358
242773632
322249419
1546401079
392908603
46205856
133681320
226310818
298156084
144294117
430230120
1244720930
72900795
68564505
285137536
2196345865
286157725
58813551
382870325
93080377
168336607
86374475
250232548
1526501629
475977728
64839766
2525848868
1382334390
219683356
440795634
111157576
545416010
1918681195
309894107
949897206
199920247
226246601
4300995328
42479903
265902729
134201773
2696375208
133945128
2529940693
117109734
67654599
18079284
612473
14834302
79585327
40533752
17813487
19236074
72325179
189528851
5988062
3108351
917507208
20560294
6017542
2467791
51241574
428333
807095
41471252
30313925
1330457336
813286
1339835893
61312712
300114634
267892784
25073877
81882853
220054110
164354410
4870536184
716860665466601473
2829464577
3397585287
244548171
163202520
746739697028894721
193144203
43953324
215340429
215341728
340088122
913131817
545469601
164803945
229228300
52269690
138814032
45013575
240754635
454132312
2192418572
381765738
281225331
267939039
131574396
239938002
599525093
252884601
765604408566636544
3871983825
720786569792253952
308842322
2586191070
574057331
351565702
728472848
20348431
98533811
17351972
1098279542
415859364
313245901
369198132
343592639
325191251
317262774
1965740845
289606342
94009674
288405888
101788047
735828166338617344
900461972
566052751
190907104
743593404
226432158
123057032
381140429
240008178
577202165
409348864
807870157
81691066
230578446
176627597
97056406
1064438202
2595893556
6656132
171228312
279126898
456186168
235029658
339066942
285086862
2795203509
328715511
1336742078
348514673
855813589
1000549496
401400425
35013719
9633802
375868848
195048109
355620207
43036037
83520383
136750838
138099903
239471147
74596930
144866342
534461592
78465034
381766129
149241840
230829104
298607322
2523924619
2485855364
2806150862
2784241729
2449961150
2255500765
1379453972
1323368180
1139969725
1077111296
1581567140
382469423
1071624907
139302265
1687345812
2394193552
140259001
317802483
247878386
211757535
59254272
4168919367
4181570277
234916423
97003915
61844201
369779016
96169634
277153832
557130323
246839553
198595684
197041714
236401550
193041317
296252209
1390512968
374794477
1217357004
2783868941
406744818
418782370
78654358
342991010
472170901
2161627459
175923047
5402612
742143
539501831
1517724704
2970127119
2805897913
207507776
2841256823
326344160
173925293
153447983
2710521499
235599881
249706277
394145586
212237670
263530683
101576366
2285622972
410163657
136372603
293597186
200140664
373490841
435882815
312148756
487964326
134895754
378253705
282768438
202829724
269862460
270563992
1180211196
135950294
575474629
353071717
1224944496
207806365
35432753
1447698038
2826923126
302021786
270951663
215311947
3298802431
106450786
170834664
209706760
277459873
234071441
145326632
202782111
236623955
452338237
198960193
198554964
236102296
73437173
324583392
118794370
278816925
208136033
264201471
189628123
351287214
485972717
284229861
843635706
153167118
340662376
168237661
240388566
127005461
147443195
209195929
221855050
215341109
187249067
2690207940
202518014
366425921
281049020
525264466
315230913
138955158
319296983
234893497
120836859
234354167
371078665
53468888
490516017
388313426
224749379
1392734887
501440873
1226388188
170834195
59714229
882582638
151046032
56716207
169627734
2898893236
306516571
1210060849
237095289
14369839
266871489
338466333
138129351
334871176
384999359
300279484
2455821468
187796397
170479559
24748345
515869169
132547612
315585961
1328399822
292101732
378246020
38038211
805670130
54690565
58535652
133184048
135323871
204406337
129577181
156545066
161054768
161425305
361343242
296239551
39652411
390477269
302275341
235712666
2380722900
2200613240
161354140
246059089
187107701
167046714
254630569
2776068275
67069026
67665104
531840789
205703978
175271660
230860769
217070963
57279246
8283082
56604064
1083773101
150788409
223624558
155143182
249737800
947957610
413091006
218229002
2614596584
183502853
1278917156
1297314326
533257020
365218014
1255352407
181851967
175842753
2809371185
1960912682
347344077
330021348
1040917393
255229959
2801740190
143860873
279876160
617563739
1873066645
367492196
229252295
181392635
708189314
2215893784
322225072
70469949
193079130
216429192
2239233709
2282415584
155549968
340360210
869161357
430107760
220398280
2409683900
1069448462
383434786
304886259
282586624
2525389772
236994974
1215711409
1102126034
40580267
466966076
210635728
47786101
39055126
2387096618
368569541
344154175
188965922
172347005
531501711
163052032
62527636
606963147
229152214
253395986
172514988
327692638
304663925
245435308
172990766
279019812
149325619
2205178333
375369761
292744968
129040704
171149949
175262697
924139424
315505313
20616055
345053613
207735455
154906693
259780884
153587178
128592382
169756936
200836022
454243911
465805289
944868115
153182819
360905609
351949497
128024952
1019963142
244619538
210148155
237468867
1551251448
100731315
258970849
573808532
181975208
208423473
861728647
551663289
197217456
96417553
35047698
175447500
51254405
305005228
170069351
246015839
271933511
365860744
715437690
473347939
612842470
521643954
142811974
271975968
548683892
400298525
93646686
216783643
108740292
360066510
376186166
213536880
738553250
555596089
212689671
244532858
205930411
752264683
202675636
214515564
541143860
476164077
135726832
205432770
167391967
835937822
1252764865
285124854
193400259
633728482
426076591
34140316
248862557
173639838
254670276
243916074
563350368
338667650
939367022
179729618
126760901
301449633
144346515
35058064
214144033
254583669
202274022
133477784
134671641
570220648
250986710
311036515
35613980
259612451
493329467
184546760
177317220
426890092
67634114
350411337
463822658
174900843
237947991
40885722
63169221
67442125
234512896
419972053
267552002
244136790
178508944
247622668
947217853
357027473
137788829
7578352
197642500
247290681
51914907
336386148
735513816
167134779
397632308
134165219
303941159
222231985
119383183
378309036
221535602
150008859
153686381
539717145
230536583
57556863
96837596
66201248
62437668
390557283
315595078
342836956
105082141
207138024
119588510
219019984
202282454
63369209
294870132
539472696
102595052
157100839
259379883
143215062
254274083
271261965
215996236
410203574
598124964
174025074
188821010
92813699
260036621
168530002
161735807
690623
353194464
186471345
28058878
197932909
218549276
247020340
360682978
119392416
219012622
178044529
140922305
313587802
202792190
531655941
95217117
218659222
128955581
221442560
161816046
161819331
164715111
161824863
134937118
297218635
199023707
209110979
378426388
7996082
278065615
203093566
56502954
244730854
513378106
217493607
18466739
167207533
134118465
291367030
196259135
98708202
405851788
83795002
226316223
201337091
212380599
409594784
10012122
63558641
334864105
128637475
222513287
50013632
246507155
227038808
92367398
163978358
14333756
300390462
259917674
190551141
376815880
237881796
219497196
116795103
322744138
201343747
364865210
286505747
199141684
185658756
8225692
256747696
69817719
188553548
265727516
85417141
69875820
128937967
183661586
101895924
24776620
209780362
220946596
170895870
71975507
145519386
44796766
143294365
69198939
194597284
214123335
305086025
274259338
159162810
54389843
44409004
160374790
92627943
47384568
63404534
97513349
33884545
134576357
9525752
