69542069
66042835
1708942279
797471364282249221
35432753
734850124883562496
794234809400836097
2163371047
112757144
780787481369190401
243168208
803031794
97211244
382548909
2872159845
145320448
702183464544641025
16997099
198507361
256354641
297436773
4874287523
419358693
1161315870
14313180
18045145
141758206
7849082
1853806100
3682407016
3666742036
303888526
7996082
2976398513
460438596
3250053479
494814659
28314202
579112624
472868595
487917819
309117744
204256016
50602744
256462479
302158835
471888404
1373852257
871787401
80251660
188426913
292257737
393929361
192862341
2815155097
326177717
2907914927
774328430
2849879921
954314562
2393423492
23354702
122568605
2781445876
2459316768
3001031249
302781030
1328399822
2439036250
256296232
27677597
119776110
89375015
18241502
142528136
170479559
2949205415
2900140390
110747629
607081277
141044817
745922894
2216276604
2522926924
113644200
2710521499
922399651
2586832213
238674730
107120153
263702819
1578082904
1694749682
1665308359
38947439
134201773
26565946
2455821468
599525093
2493663683
2404742426
1699564092
2434864222
108384285
995668556
69162980
603168922
500143135
1198406491
509050638
826125840
2241044252
316248938
779441186
312148756
2188976105
356209228
285949983
15601251
197517721
229521257
193365260
1050960636
122206017
153020923
991106263
1392734887
77815337
191503339
226291800
42264390
118183089
257582491
28647921
206431385
72694909
870671276
39312762
135731825
138532992
1034207125
205368825
1346123496
129907109
203504667
221048768
232872579
236983585
195281951
202282454
906560870
30989684
257129002
159167780
81132251
158396052
1419526106
267858097
124090138
1218803012
158812437
198248913
154627049
800719579
138964562
228609209
1357447578
1075615244
345516251
377149265
240638785
144921014
379456556
532604611
898684074
1148568680
1020581460
1223421343
1235021870
155409724
1014384037
275012546
339702343
40445356
156082106
234181945
139436732
352411686
1201136238
281577461
581122656
108170769
165169329
534786383
276557440
153684196
111995664
83448439
555434190
927966811
1110525306
408945372
202581592
481667249
520811125
346079699
202723404
21345455
92362151
243709784
884556398
801736166
566733941
182924709
100220864
339970342
325854854
544991457
274790850
14046520
255798873
397614655
107470039
162382221
947217853
274529499
869149933
176590657
221424042
434639035
80810630
66896989
185658756
325807792
342795363
297956262
594164004
41890754
151652137
310271528
158193120
518949735
549788229
14602576
380979449
776315790
233039780
122739802
586062808
34294667
327470494
43182710
155583673
138129351
17747093
5185531
47087766
306516571
338466333
480957463
154177539
144003182
347978509
588902771
181358634
56440810
709220414
260945299
421169002
391600688
413357256
472460889
435882815
262389559
240968902
626913956
262770719
290706433
289449758
199686072
199915708
580097366
260894276
28058878
254876387
176940024
50006137
414886320
108488345
116962895
608541781
306311289
361343242
75625626
587020233
144889418
283617051
580913842
300465859
128937967
571009549
206389403
284910646
58755729
564897181
38325080
14333756
550699547
367612698
328304359
32758309
120171471
260390903
24748345
292424857
426161237
19624977
128057095
29492701
32573359
391598870
36379559
52058671
267939026
90425965
405286160
183903607
121842705
33995343
198643957
212623902
443865365
377857107
264879771
5520952
45350809
305817136
189248614
38038211
152128048
454386773
502264583
85118810
512390356
511976212
237288311
107623909
256605330
130507583
124867291
496253336
8168562
114744032
43078740
493572478
117658467
101772207
31290887
47491330
170895870
213253364
69773208
409348864
215831860
64885147
101928415
27989078
197207511
460485003
21398294
15973392
140267802
444578855
269630378
441538192
101839426
454243911
98485985
197227649
51874990
387313413
260852470
68340985
197595752
326758326
320924354
128652237
93249521
404060360
358413107
139188948
240716616
309086684
92664089
187396299
204817833
213309412
130882976
137597088
188077169
390984631
409594784
291773990
407139194
368472038
285781971
184910040
341934245
12378512
235042483
377057883
47916014
339649200
172509836
21447363
175098417
230000289
16365636
338426777
298329649
