1467918776
2756739067
3076330275
307604662
1674173154
2455987882
2482314676
2320083768
403003138
2221118660
403912065
213078657
790254865
392911586
858431894
1689271854
586169883
153564922
1045862520
397800161
137790349
102261717
58359832
216205638
1894913580
1572235844
1870351171
1639241750
755867412
1868813156
1873605344
1537559982
1681544750
1170712524
284832949
1455030110
1126846638
24961728
285409405
376025702
250714713
188468166
605759593
1249901666
1529725712
167183233
612184523
203981577
1035368635
482262111
227815999
121516485
545905996
501859860
450464906
602236289
313626149
293104497
278820166
704152014
333454911
759264926
175124730
855002646
873114692
268031788
233603968
378778183
146978437
152479446
283300903
961358293
515623163
975058682
947818148
477996255
465869102
1048749654
971374646
1072037124
501211117
1154726978
348528428
295415728
95763285
211535710
248405153
613599623
248415896
559808445
367492485
330474067
101437210
132700317
161099753
1343498972
914729557
281375725
333836217
1495122271
1348205960
324678360
296667232
613492558
163650232
89064174
1281071544
303287816
161903937
291842363
190539172
573380760
1414130749
357001801
385676566
384981927
238604011
303578916
179982861
147020852
