789140082766843904
977593712
77009449
3174317410
406636981
746739697028894721
2444452051
153493818
796157476794200069
1713203982
2499422425
109040582
204339355
2350425638
1268146368
746115079
777891400297897985
491510222
133072743
256108650
333498071
783323010379972610
4928459086
35058064
58813551
126329015
64244685
227405179
89563373
229468495
149241840
197097278
104297856
40083437
57333011
3224844831
111105983
781218386894262272
785995861
227792613
29234605
978663246
1276097774
705603734320128000
317121087
884556398
1610285629
1003023973
140960194
155549968
703580100
157882693
273452117
2414921678
3699963801
355809231
155422806
50013632
299951986
150646232
2590238058
313757021
159547415
125428158
127330696
134671641
257503851
713173902
2196345865
922399651
145326632
118794370
861997657
953659507
60873452
78138151
221999317
280333104
283257268
705100221567655936
4748612777
3551314943
217098193
17071011
1229309418
307917281
64353708
34910262
37566501
3144308476
193400259
949897206
702121250148245504
164715111
140513962
258398584
4830652096
93080377
586652870
278807728
249699411
234112483
305139140
240733743
196657759
234916423
109698640
181985096
535723576
231307908
324486142
533573263
1427939756
447401761
2364725112
214807647
276259696
2820600929
131251648
45008193
584290563
101260093
3433000677
14293310
2416765740
557238227
1498393585
193522057
131301812
198391335
3391140177
3298802431
150730755
1699709462
57920116
269883385
529795547
1588558626
209780362
233772163
2790468649
1076751240
290401936
66201248
3308777044
3349631283
809750448
230314391
497154811
297602192
3329748513
2396731321
300404323
860288456
445894482
473347939
203093566
90877966
279907382
273132659
