809441474215628800
228780473
543524920
695030598499483648
2751810193
1026642138
576650157
4198688374
3312496289
780948116497399808
233762120
90098789
134206307
51202632
126418609
50600062
143664456
72694909
306222421
3012255843
283569898
8147312
913131817
4919587209
209165822
765922715010211840
3089920185
723981792362041345
1658641988
264237902
900630391
143860873
225539878
92517944
1225918387
2444760049
3350807332
2427209823
280984150
3308502039
216783643
2364942528
1410463171
17984536
64471580
819791
83972205
34910262
105190050
202282454
121291296
309894107
18289257
2255500765
964674882
719346101061619712
263702819
498854419
62988923
710208456326823937
217588362
2282485206
3354272427
2345259098
933500479
267499093
426319461
390532130
285086862
32745368
67524404
2518088172
188421312
2495199115
1347085496
271395703
239568792
3119141501
2946044011
187477953
165463750
24900072
3064852047
2598899378
344129966
3699963801
155868007
242574752
349505360
1543728618
3869003535
3403339919
170834195
2887669360
2753081627
1610646036
606211203
2541999628
1548317628
2717886660
46205856
1602560892
173913065
979329222
2849218245
96789803
111316809
946032374
97318997
32422915
407947920
351921957
259683667
3372106840
119608138
118522723
3105310062
422201803
87531731
502249371
219330873
712049108
263844098
35392354
275592021
155001380
161425305
303373703
221048768
1360498927
144908828
130909608
132805877
2962871350
1402566253
247239087
3004670903
2874718667
2400001984
177662413
3166256861
1377402709
3100755231
228731911
3184251987
80688967
254098644
579997807
768478164
400366122
217634571
104211234
1419311755
2815728328
27650674
111606384
850422936
293620618
701759219
1092684408
239431937
64477046
915524833
429416730
2444667829
2784186373
236967489
295298585
181008762
983171292
386318480
1205875579
282286404
318021080
506085138
487194629
181034589
606349760
1196291546
223537733
145575661
218970990
1473962766
2790532758
139829433
1592709942
2833255036
166739404
240396971
2362873418
296333940
349907798
701570582
2786908490
345717008
246112803
1439655698
419971210
2863356657
1687225423
555195664
177494164
2860016289
717727412
326513866
256282505
2767366021
259612451
152391673
372604703
143843372
895676702
156247074
137790748
323842059
472385266
199318813
2155942285
2359476565
1269425228
147428268
25365536
342599843
1670174994
1283561876
330446733
2750003363
993900288
2653698571
376378883
97513349
44409004
182137876
556152909
989262349
284148966
615253555
161834182
35936474
23083404
250729244
1432977446
128351854
104387365
167511835
70734968
186210353
238143212
2636574515
1347688602
220946596
2364258601
1056729385
131251648
349843908
703290173
348632196
14077350
705794689
1155646165
183279562
208901885
583587090
194365280
226932674
2619085102
2165700944
910750945
214791922
1123082209
242856717
428667734
358450312
261620277
298097587
454132312
932429090
344801362
276169885
310250796
125710580
334481493
79293791
1733576683
142296675
161135125
224898965
1348381238
1624061378
2530159076
1463099072
85603854
172411932
150893102
1003023973
547273890
1916194698
2409683900
19923144
282754474
135009793
173537817
120229468
194287623
296239551
154672171
191828188
280949167
242478297
261022029
103310803
1628927694
408182118
2285622972
154660087
139565792
272773636
190523100
772842686
2364669878
240714255
2373475078
72307032
28398364
304240708
133880286
340973041
1190505763
27711339
15846407
58601997
150728919
822088285
1655739062
1942947182
546977955
188622879
177002568
1678911025
303941159
345053613
360249204
184865852
166399621
2242940964
148759599
42434332
314397795
259379883
634907757
172483176
369779016
566052751
161836947
1123590236
1398755282
1906028466
603099133
27042513
52551600
332443329
1656926455
50374439
942860118
23415676
1335604760
198666634
147778149
260773265
140070953
90212905
170834664
258468841
266801190
175437503
161792834
175732651
184909220
543533194
217493607
211357832
279019812
1102348886
518081794
214807647
169942149
35266694
491953956
181123681
26759984
1500529508
2159756635
219145796
140750163
28665877
2158154296
197217398
366592246
304596944
394581283
468668318
740336334
1640169925
703978262
1429009411
222653541
223838707
365248752
1523559925
64318952
566971617
377442366
202906386
103917811
290576174
236946585
348725063
393788871
299214758
30412016
62193394
527877737
1935260972
238363573
376416552
814218744
302400715
221421631
1712769492
2148302864
1170347053
622316469
868057688
371026690
1613095693
446415518
240886591
353505792
119392416
1002444032
105183916
210079272
236989357
302078933
1252789969
1849292918
1577698938
278691481
528893850
383542913
92527704
1688631954
54268582
558247387
234426544
341278310
374892528
329806338
242884280
136515801
236989752
300625054
205399080
272765592
298354440
286792504
1645323540
212380833
185369529
174427567
314861206
1022386382
190396895
376025702
313913938
205011496
307057111
293024030
322358223
78227571
844865466
187562569
57099808
43152482
56039780
315377387
251887080
250864362
211308947
856950277
170981991
166321783
1301103451
197175853
388364998
277515218
751644254
149383579
133970412
378719586
185737446
311867995
272236597
307052017
52585854
1610285629
281925277
1216789284
132059149
290660953
175384121
256039780
407478057
413615356
245175743
199743543
213359773
180872356
186931942
449421288
222858098
1437690343
265817979
1320826442
489033264
270399191
297520294
939367022
58345907
107125043
128877014
406640639
262659188
158487331
382167640
558797310
1442142234
415810385
213745334
150027815
573808532
184270592
267842310
188831372
75124996
707028240
183661586
305139140
281066660
10671602
133051204
290876018
327658894
308567191
14369839
485748246
1343533700
230616272
230887942
232075051
883185056
268485186
1183984446
202792190
285137536
768799920
271975968
7996522
1402889810
491578273
214757909
267123903
142204481
186578208
260852470
174240057
265982289
577500814
607281049
107809547
1321081812
558486062
277133468
379350038
86304206
29479000
187272155
191076302
215996236
58167137
44763162
319735479
58531272
280701704
831071472
250154143
65992743
11348282
525264466
789856765
58386355
1074754880
264492552
276155242
69962890
1014384037
234240357
299331148
169982864
533085085
402792488
287377727
569016416
418188175
425211267
466966076
45352409
112523709
771955592
258814583
428333
257965632
186471345
703580100
315909472
57333011
186557332
894402224
292734922
101895924
155659213
184457107
136465395
201343747
419890786
884556398
1058847528
180688482
230075294
201107952
228609209
220793233
293870993
174452268
509373796
336145436
269069240
47491330
800997024
125452967
364483119
430039195
295765850
18661588
126827931
128637475
138814032
189589792
635793343
236207866
219012622
415962227
382469423
36751350
77776227
516602802
18919620
384154351
344634424
475892670
217188308
108128281
398971916
161786390
208934046
195992433
247600515
241233122
233792812
408131205
224223563
235625906
453815419
145739854
458395836
437067494
229252295
341160736
355809231
142001958
16409683
390220919
341864146
144998423
197527048
413339332
47288005
25594518
314305703
219129125
395089547
329307429
291432202
369882932
189124591
291367030
200883526
114570540
17549677
280542227
118085767
260909116
15648827
313757021
43566131
198226950
334735101
152780649
151635175
248014003
246507155
222231985
349230384
311159718
289997636
128395691
185827887
37372338
34140316
41380789
233688402
316772707
322225072
209780362
24776620
256747696
223234302
163978358
53486002
170895870
130122646
156113195
71421417
17484709
139092348
203292601
131301812
286959330
323243704
171299387
241183704
244587668
308866265
44247973
180464806
222344995
74346054
305085584
212005903
154605679
285332860
89303321
201271300
142295586
95934255
286743023
244730854
130482079
90836187
157870346
49326815
80037636
253656541
112764971
268106076
154138706
84219696
38741679
234112483
31341084
186923446
155927976
155549968
742143
813286
262425890
33884545
9245812
250186024
24342206
259925559
60865434
245463832
183511621
231791638
148590159
244246623
36483808
183387449
151123001
198900116
210226933
240733743
63369209
243703742
229949978
239683158
227677577
131379635
147020852
210517381
150847268
164705988
197273436
185658756
236024779
144435692
142758895
200955793
152188619
232781105
217843851
231050287
232212010
231637184
197103059
231463914
169627734
14135853
57107167
40808955
182852488
185305650
175206158
175114792
60671662
18260524
190295855
221790507
166652487
10228272
192378571
147753010
195805655
128937967
102152197
173688432
170028840
17316914
132206979
8225692
162178655
194449764
108814597
31971685
95217117
166425127
155004827
133681320
158732968
201837000
206523025
178023433
39203045
197250903
151954373
126217335
165616919
205980789
189173224
182181057
127961686
130599444
192745574
181087218
190530848
22223363
183075311
123681659
112757144
175923047
201885591
162153952
140960194
122703599
14872237
175264148
138119908
195048109
138955158
48705562
162219203
191334627
159547415
170141378
174496334
92670884
172142912
173503388
37093819
140513962
151046032
167178940
58361321
77417049
164715111
59714229
164457085
