2579748632
712387232598990848
710572199531438081
3085609786
531655941
197932909
185658756
409594784
239938002
315377387
2662198124
232237571
111382536
151635175
58166411
717017077
3327020049
1146477199
440950108
330021348
3199850025
2980131651
296239551
390969828
21694413
202964401
1415978227
8225692
198296697
220064543
231567736
213129631
178028173
1143550152
163716180
303951191
2348853690
24748345
451997452
201855018
1702141826
240012073
2545379069
199834892
1369958766
789856765
355647782
176595649
194604642
548850667
624556771
481700882
180505807
729781663
261022029
278970539
1217356861
836316049
1129296338
385621677
353194464
1567236812
1461331994
700826772
326513866
1559348293
256747696
327658894
251887080
184815672
306289706
108180861
63648019
81996943
135393154
460347098
267392644
172191045
92362151
146697911
220946596
143684517
186896091
256762202
245903859
142028962
169348542
167660539
220458914
178499044
827238253
99527617
232405691
398716312
504893641
532427916
328242322
279557681
887960425
212924024
284176296
267161977
289066140
229252295
222969876
198055125
213115026
311747490
207333818
174279908
1454687694
155812446
62607913
231352407
21425125
179134442
139580651
467974315
244136790
217843851
269069240
266801190
161775175
222344995
182852488
264492552
195839897
112757144
297169759
96039232
367333743
70321676
261620277
147020852
130987229
231463914
314625513
237468867
358450312
231065141
205392676
85426644
167234763
842651076
800997024
926769464
236967489
338631381
551958904
147330273
573266878
419720657
450163900
90483398
286353495
31760327
490516017
501440873
274562974
324128089
296498599
186471345
342525882
14580438
19960621
45013575
129925143
201343747
235625906
161834182
24776620
175923047
134123412
192378571
214807647
174297283
171944122
262882998
245463832
63369209
224898965
244246623
57333011
15648827
128242439
175847628
162449540
198226950
296592977
73437173
214086191
240504569
274259338
258468841
20823773
23006794
22720074
78644388
23670204
168336607
119573510
133945128
72325179
95217117
52544504
97513349
45877043
204415570
167178940
129280923
171631486
4101221
