783323010379972610
49133906
247024609
708369008085614592
1559572808
624685133
803068687905423360
492377646
2595366655
202161562
792224505015963648
721802724451479552
3210031371
2875333061
135286132
98566995
33995343
107194403
1224944496
163267407
254583669
317292259
383766979
3590521042
3000428149
1112630564
3403600462
409664655
3241459606
158487331
1330457336
50055701
1339835893
3420354089
759973215808651264
3178689742
3518020461
167502669
214757909
205632746
205632746
467413061
3372106840
913131817
334921284
16587677
358388532
368471407
723923112518160384
433643422
2694131125
2902342215
518077619
66631733
743924926856433664
4046824000
199354750
111416958
300288211
727852847405092865
131301812
719779926480699392
262389559
966042812
712408725412306944
25073877
250831586
275178249
323243704
867455215
186471345
705350877087928320
24900072
133880286
552023632
94189135
4886619299
592342214
614785961
39203045
32745368
619432103
202824590
3481718597
363422590
2831719586
972948920
4747654150
269453227
4601041719
35733038
4376730317
846133560
263380911
62917505
53778621
46130880
30412016
29686381
3166103057
42434332
3364724974
578324390
2270033355
217634571
2427209823
2444760049
46116615
396776173
290401936
18458454
2701054705
486951615
2867316249
853052360
949897206
249706277
3331851711
3896644949
106300744
3237205491
3403126072
3351028054
2604081976
3406057492
2986156864
3074215840
3432414515
3209787621
3428844022
2981184291
3411557019
2998552953
157840026
3398767072
3394652541
3294034503
2393423492
165423536
252274577
1382334390
555195664
3291326103
2709755227
214504512
53174015
2784434396
270119875
2391755785
165081207
305367520
193090315
626173335
187025923
2499107834
367271434
2994654785
263760525
456186168
2992596789
1071624907
86374475
150326199
731296896
245350086
381765738
293117914
1201323530
2211217796
567699227
296239551
1911057134
86761616
374851931
205564339
621983554
2421332618
468367694
446648596
99841870
718545540
2496326868
349265440
11883972
270041570
1024365918
1467206095
202707596
285692272
1692278376
126008090
221921890
2211480972
1952124984
2163047131
79369407
173428450
305700754
340104178
3092287756
143634891
331207472
1096843190
1862397966
2960408824
1603776331
372072891
2328293677
1702607408
14780915
2453714090
234053160
314792669
140699869
2875680809
2401841204
774651360
2533172269
998895524
145776957
149616785
2975564537
23396100
2330679384
1030950708
2896791291
66436490
2891353449
548951457
230241653
1691387581
278601578
200621140
1553991937
1082000472
2422557943
147443195
998955642
2788091982
2900194337
310040258
198595684
622581159
2373243535
535952688
946150662
240044734
1360075034
1705089546
1261828052
398094340
333092054
2875704988
305093017
253395986
2795203509
389494464
2690967020
544994394
207073968
317888472
239196350
15815700
105270431
90773912
74079542
62904042
184865852
339018570
759251
309259992
882582638
334735101
104854113
371025920
41132380
275235175
421169002
2752966991
198666634
341864146
2401112659
2710521499
2756593665
168336607
177641963
248877722
298650043
549435714
2559904411
2352744679
108488345
169629294
340118690
196874253
174025074
537300529
244730854
252619660
805670130
1014384037
149159465
1336742078
157222884
1600915664
1511407261
579211750
552204131
155549968
349328689
231637184
342949888
343781357
216809609
625593977
278664244
365860744
198023418
196657759
164060966
118764786
1689119341
217493607
980527856
259612451
371320769
548683892
312148756
620052148
515869169
131574396
345527663
277153832
377573929
213715038
247455633
556152909
424618544
1358190091
2191072724
131251648
174315593
87503775
17057271
7744592
16193578
158128894
53153263
953278568
954590804
17872052
68482130
22184271
117662694
15484256
17918891
176973575
20976951
205183383
23006794
19018401
209708391
149722651
140506691
183683598
267287022
487964326
1568959230
394105792
472170901
761031774
2833464113
302021786
303898270
305727033
1668851496
297116156
999044766
226445688
410203574
193079130
278591599
533713602
2809394547
217295214
340662376
132071129
330021348
1445369334
1960912682
215995820
2809132018
5177541
533292556
327692638
1350404346
1884573776
1620869582
987849584
352359191
594359871
2732746842
435882815
2793053639
1961469373
485972717
2591406326
2442226497
1651396159
249738361
743703228
1077239563
20682514
1528139444
2756133430
357642421
389074357
352471313
2239233709
226746459
170479559
460199202
312784108
1571067589
207507776
2455821468
332622383
373478095
764388228
855813589
226310818
633194157
170786343
949995494
280701704
1003023973
346194479
67334466
369005255
430921566
205930411
2285622972
2149187209
2348707813
373642650
219448716
349843908
347550870
256627221
406736598
206031164
296661299
230878008
33905807
151920223
126224208
801736166
119392416
140960194
884556398
231225101
176627597
876330686
1642847442
339066942
171228312
1131340070
1065302143
1115163439
1578159054
957643794
1733130745
82781709
305005228
271212705
376784216
364474602
198960193
267842310
195609788
853930710
125733803
347344077
67354601
1517939394
946032374
212101105
1151054792
24748345
140922305
20673048
15648827
93080377
7996082
153139530
235029658
175923047
236401550
173925293
319272633
962243923
116590031
205703978
58813551
45013575
235599881
35058064
168530002
261022029
179729618
250232548
250729244
322249419
247244576
410163657
161792834
360682978
199788212
130908050
1375055822
96169634
268485186
4919451
126760901
325554207
242730842
198554964
157894020
40533752
246112803
560435500
1628539574
203758949
35075352
202274022
161054768
335410379
189124591
81526308
259780884
35289042
161832529
183307747
972084788
163978358
240859258
146911245
38252092
156545066
378253705
161060476
96417553
285086862
402666898
423156191
234916423
179350497
188500808
124649346
252779892
50127127
199031075
135323061
220398280
283257268
219012622
134671641
246839553
200491389
233663589
584290563
50079896
978663246
551981674
394145586
204198030
277359012
1452654175
1289373049
473347939
304623957
338667650
267939039
494386072
331093599
1575907537
280810193
348632196
1549135340
628995497
281625212
947217853
100731315
425251287
102210668
378369560
1482872802
345053613
432686426
375369761
1524866888
58535652
315912277
271933511
207735455
368569541
44467600
293597186
315377387
303941159
97056406
24776620
97003915
134895754
192378571
402792488
221442560
269862460
214123335
61844201
98708202
12416472
129973351
57333011
135323871
270563992
42479903
355809231
244246623
59714229
237468867
939367022
204840311
10012122
151046032
140513962
304479864
231463914
138955158
106412640
218549276
111051803
212237670
64839766
1265071
369234860
32573359
202829724
282768438
197041714
175114792
246372950
401690524
17218799
14333756
343070265
195048109
184457107
202675636
304634437
79218920
813286
164715111
54389843
186557332
171944122
197932909
222231985
202782111
161775175
136372603
150008859
119588510
63369209
208128256
93082935
43152482
251887080
313913938
828239120
473983451
327658894
305728291
265727516
247408803
533257020
249741486
1300919966
216783643
271975968
246015839
703981681
94077316
409594784
23415676
399255394
291220589
119383183
945946526
376186166
819727472
212968729
133477784
847621969
493672309
132577526
167391967
393788871
256747696
33884545
258398584
235654002
305695404
901068926
726944598
927789583
535857066
629260150
924523447
960686922
245517890
967130682
308712214
362722713
770815100
189329294
961532581
710043450
990124910
1180261380
306471333
305840485
1288919947
1332998580
129917609
311473329
234140678
376006122
148411406
152142811
333804486
1319029146
167911979
247290681
228609209
1252764865
93680677
1179428756
47491330
203232201
256542762
138814032
240388566
51254405
27011708
133184048
771955592
119860149
161824863
580559463
531655941
305835958
159162810
170069351
202282454
161425305
215996236
314625513
244619538
198226950
247917506
123917226
1038252770
118794370
220332032
217269684
19397785
233731140
56039780
95217117
480652801
300390462
599612165
942003636
168237661
51581070
194479277
183661586
175863618
484095877
22952132
22829243
69390010
860007374
105082141
195839897
311108302
210148155
15447575
233543018
177639025
2671201
288966152
171211605
35047698
151652137
77010454
152188619
186923446
217843851
236102296
204807596
207138024
34140316
119768822
47384568
204406337
8225692
147020852
128637475
100191622
254275716
62437668
134123412
118840509
101895924
209780362
300507221
612367323
250669009
234447652
202792190
133473568
185658756
165934508
17790274
175437503
244136790
128937967
167178940
97513349
55033131
46452468
254274083
64477046
59900378
87808186
30040682
92670884
77512825
25318978
104974333
21447363
24702915
102729125
47288005
31927467
17549677
