1525696230
3029062762
788836025938374656
222145207
84860555
814074714264113152
281395878
1143335798
4057603227
2529940693
1687345812
800737412066332672
807825079
400283454
545666759
2617723477
713173902
1507244882
70542142
324486142
526932286
265711162
3064359713
240790358
313481830
758948600478969856
755944679422750724
252621535
197063222
758724190073679873
139727749
142933563
199032513
145348732
345401054
272106447
624685133
806329633507606528
475977728
72344805
7578352
1071624907
778971799371603968
764931493403688960
775715491994333184
229385617
1036962565
253785004
1397509388
195618347
62966972
2525848868
620267121
2382428238
3461073316
625761674
628819893
540326547
394422446
3123757684
315361861
203985426
264202063
196246372
293192553
727256627418648576
222287157
502379277
600984917
3527244094
917780881
2499422425
809750448
76966092
764916485646983169
772596095323082752
2180454266
760295530698268674
161816046
161062455
190689167
5514192
1276439696
155513439
150137505
417554090
2166779714
1243874184
731186862728073217
1058960899
33086412
743252657083650048
180961772
317666671
765026096282734592
716698746264879104
276159717
1598800754
631442754
120690179
2843856639
93657637
155629354
4853496491
796157476794200069
172025898
750444343
331093599
366632759
760539220712812544
774639623188471808
285255332
1188221155
106471173
2838680475
2790789073
3345667654
2750003363
3329873879
758304485236150281
733990683363532801
158334020
14953125
45579875
73372670
61559439
2803191
16425197
146540920
15670515
347877311
74286565
36969785
34442404
904143600
132668172
164803945
523640124
4585204541
797182369568587776
141844800
543563998
775705279702900736
251623714
168314627
484151983
244257946
3103897238
74273490
170864089
377249175
44992488
17787705
38516217
36771809
20998647
454313925
76348185
14342564
14505838
3433000677
246055477
184826092
2813668064
296360381
146194040
21708948
201582565
82176021
709849738984747008
756268279652646912
922399651
290195775
3096317421
760563588197146624
791055419686944768
4234669643
228855934
781708020
392942099
282286269
91467442
158610356
76092294
76230542
751494733
331649700
965741665
20824583
1083845100
781695586802229249
18898348
182998075
270805118
2414528468
19037811
143882311
199130984
139702658
111185667
764128117497667585
747074998330863616
855217513
4047297323
285986538
1720893392
294485766
2252561538
745667849918754816
500012687
3439130021
552996073
90227660
2270033355
309154970
418340189
589368561
460357821
292060334
701442223
479796994
35106442
1222040899
32824821
2561694398
312261154
256223047
263131563
555872030
37599351
269181789
17471979
130789184
545507629
545469601
3297278333
87766670
240396971
219514791
168336607
1217357004
3169785371
3174317410
2167691497
4748612777
257561065
2551187059
263720951
4332133109
277060251
724359703543844867
1853091926
3442123397
49086028
2290924976
1078937215
104683114
2498726169
1015248769
20254407
150338421
768011404037255168
138203211
3385047735
802851283
176604856
470859281
2320818486
142061797
722058248338149376
956506123
27683735
3306112823
349928687
6527012
187247126
164908231
147589125
2189551695
71114686
475312360
99614541
300279484
231577324
339884369
542192873
577202165
1390684280
4836589144
57096808
224749379
607642948
266871489
312916701
1210060849
306516571
838079586
478535906
540222359
2648979930
3068008631
2839940056
2974896519
2974978246
1517724704
1918681195
1017331134
188409587
345019470
248878069
42064553
722094481814732800
520437298
1219963734
52273476
3223746900
253628616
804761731
545416010
222598129
328606675
322238104
539742356
311607713
3503548576
4252527022
747303998600810496
80098333
80924582
211918976
371797057
14499829
20629893
113739211
22276965
2868267098
3350807332
853977805
204033649
197104553
2467970358
3290434620
2449388226
4527780083
493533261
4449845609
761227384007847936
3422463641
765271929657892864
2690269123
633746942
200890622
3380767145
3504798748
45827838
237508437
319198088
241747857
197097278
1344495696
3400118195
3431420723
2890937439
1871176879
3942635115
746805396841631745
3376806357
335048491
116270039
2999975613
46485425
1415978227
3303725445
1865835145
757749369181442048
529795547
61621949
113675830
4690978741
1244937073
3178297061
196335310
468586302
735828166338617344
344862869
3252765131
50013632
374158394
154982867
702121250148245504
2783868941
217634571
359383528
300188327
2387289678
34838472
4209343972
4166438793
4876059341
252884601
197449499
423764833
172374477
288528334
475892670
577162059
337800168
260685403
735480956199567360
364443057
445766640
147778149
3890381963
943982088
2732356732
50459783
263826194
2923961457
727228183972601856
731060616
1201681632
979768322
188406736
3085609786
501440873
51331310
285108674
2867525044
325756456
2839963822
2839912120
2839920393
2790840355
746446608896753665
253717734
559074712
266081173
3456887541
417311602
2864111705
2306920978
399567563
2394193552
427637898
741033692894797824
17850785
409809017
515869169
2499107834
274117606
41132380
306311289
435882815
353188523
144889418
266201689
224261407
3892009840
623052979
5800582
743788960762191872
133797505
785436500
219019984
309894107
722526181816475648
258557906
338033184
1389999588
222782095
4437314112
2205818208
1944425444
592123022
389509388
2191116104
737894216198721536
1696787707
277124653
213664472
4853687351
543524920
3289327960
4919587209
196899274
214258384
102482331
62917505
725333416128962560
57981270
81393961
1423824241
382182301
2969815269
200515544
2786373336
250236331
708207625
304526698
213715038
177641963
16184358
333498071
163202520
344130339
335098501
254232436
369809627
90941575
739978179226525696
869969274
212599394
2669462736
516104889
319814231
277459873
2518599411
3872015481
738230973654007809
464278806
1321827019
260483322
616196395
449309500
2375972305
256785940
289222259
121085645
390969828
309819192
701291218387349504
731179346040389633
439343283
735014119183687680
2189227609
2227292138
14832701
1243925652
1902653096
736521927121063937
112757144
751891178
333145602
198754253
362207814
736356635497631744
736355909220372481
2603359631
309904838
100484208
196791993
743593404
807870157
606378376
397556599
78380296
56455194
1413770556
199151761
776910906
236994974
234071441
230578446
239471147
1328399822
342995532
185924548
236997509
124904320
3221922130
217681775
4788096435
734428668206972929
734596404203683840
734597716978896896
734596889669160961
734598183473586177
734855181117104128
734855602007093248
734856646023909376
734856960730890240
735228961744158720
735227693818646528
735229308868911104
735296961788686336
735297498038841344
735297911282601985
735574608741605380
735633612612210690
4548408159
3144308476
733287726473187330
727834516610371584
309985367
11859152
351287214
120948700
14424943
231087895
184124079
304663925
3021568204
735635870095712256
735574217815658496
735574957871206400
735633310748151808
735635016366084096
735635429081403393
734963502494982144
405348509
734155474359160833
201148127
732962495674077184
1358113430
726533772796112896
246079486
21104432
731635875323494400
731941723140698112
731940111294865412
731940425574023168
731636209500495872
731941303764852736
279876160
633728482
2172409261
148842411
3450858557
80689380
323243704
335410379
730870442924359681
3871983825
4345972335
244532584
192756443
15493557
730324243913781248
297587675
237095289
730596575907618817
100731315
164613404
471520086
99164748
730320997287657472
4805375565
366146677
197264060
949995494
249706277
1406042330
449139267
389137804
47122359
612903554
729798453799362560
195922640
948536400
383254413
250669009
343070265
209255840
45644351
1631290380
2514211656
210007819
4822411589
325191251
240754635
318116924
349265440
138129351
1243935007
898684074
239471119
362799182
245206076
50348707
2946750887
1065708252
132006617
279781800
34910262
3092512761
105190050
3043378694
2869601399
715616965100969984
725552124558495744
268482728
281225331
336141922
118782633
725807348216901635
394482857
257046605
2873879001
724790479326445568
2981911636
228229331
825246913
3142929663
4904183662
721928529827512320
222653541
2202114978
721246413707997184
217828166
193380919
556344411
145060806
4520044305
348836362
2300284268
283257268
376186166
200247297
702586508
256635667
1713711030
2513362662
3165457636
849238400
887363426
237456349
84181357
574539764
142482238
469878846
204673313
3592164257
2205703093
227475065
239692839
1634199272
473123904
275410492
211063347
472460889
540497116
3298802431
3551623883
7827962
1249123980
187890410
365665341
354463529
3411601186
602979772
42220353
264545150
196415308
16646914
356347608
506244924
329915476
1268146368
96951800
2986032611
334930009
2409339014
328691849
76829443
2820757916
133069307
277359012
926316978
240217004
3110534385
1702490604
487118986
73134924
103550181
250249738
249828436
93080377
619466706
2393423492
3357684676
2802998092
204406337
3196292541
48491177
3306335050
1612866967
57178214
233668772
3063048622
2524784197
2533294260
237443384
52111884
2254238180
2338562184
89716625
194171433
2482137890
10671602
15234657
266222190
56410814
2416321171
15804529
465890294
360394811
204624426
16929520
2178532753
291220589
4774881
2849230658
56736839
278172126
1228401260
274754486
3073412062
557130323
620052148
219765842
256031126
3044649531
194748241
391724649
172411932
2769361021
522817846
3062567512
200979685
282612478
174297283
396096577
250864362
256282505
263530683
38252092
234941587
728472848
81455649
293117914
783214
176836959
288405888
347370590
566052751
571010222
625001332
702439339
285161475
317783903
2980833237
348514673
271975968
494386072
149656822
492412104
80688967
159175408
339716107
242338920
253809524
26479489
41412970
130781810
336373264
96417553
126204564
801736166
61798345
454132312
254114111
196898065
199023707
2603537628
210888774
310368352
157205699
301084643
329407983
336140672
219859001
944056508
221262592
174442576
551065617
962688205
1098279542
807131618
947800100
2559904411
336329581
2482787114
143860873
208107883
193011499
429956026
120674376
378197959
296239551
1323368180
160566110
180505807
1395199711
1344359197
43665086
44521686
2812103430
267883542
2806505887
2809411204
2693445744
51496921
3141770686
132547612
273132659
242962521
535416924
944623627
214977276
500440742
197559824
95003996
538714594
123057032
465855867
486206942
2895747717
200222514
1483605494
119844526
174361486
792192872
245503605
206389403
2455821468
548814211
420592270
198666634
356599881
316057004
189124591
222267052
354076699
265100268
71156099
42340069
2551330835
2376436344
2924941301
2918501387
2916559120
275750554
195804674
123078259
2870803001
256033151
612653666
324459641
213298301
199174018
216398366
2816119311
225050079
111606384
52435545
172514988
2444452051
136033136
348632196
532576206
399732514
210517381
92799117
106105242
900523296
188904495
1902842005
2309463223
60661915
555264023
410163657
2579348709
2710521499
163052032
1182074978
2230300933
752264683
211357832
267494688
245870256
197217398
1662949172
501358574
579393515
1620869582
233745514
1960912682
113350428
214515564
216060292
375369761
127113054
242771714
242051155
232247314
237744599
349843908
556152909
388313426
454243911
2738702584
2674749250
367492196
229620521
182027087
1541317272
49637417
29494480
1869008904
201154280
242333548
238338260
1504572120
197101563
598895867
2423471641
151466863
144969369
240008178
1030670102
137042317
274234217
1687183530
180321488
68731297
280066206
236105262
98449172
555434190
341333390
258642148
189628123
556506274
219184235
295698474
506539101
178800246
461070914
1231539750
245198740
551729499
543845176
238181714
1692854402
42434332
525264466
200267797
295857323
48129819
207316164
211682243
208214385
229286201
153855873
1228345010
221049237
259612451
389050483
262186572
274656485
1421710596
312274759
331329417
342525882
418134420
311690818
315505313
150076955
253395986
193079130
1445369334
40543652
299429730
766861627
1300360501
1425911738
223925425
254272645
75094638
34361526
213536880
563350368
287377727
368569541
315585961
731296896
533257020
1322912256
1511743242
2239233709
715049964
635682732
145954196
2225965987
801147414
213165296
279019812
135393154
2258167669
72351922
181079315
96428209
158117022
307898138
248869787
130887312
101764541
223348988
91594136
1648626464
119255332
958740362
282134524
144346515
1344828085
93646686
1567489081
258510693
202792190
606349760
735698977
939367022
419714285
94009674
849508033
101788047
231263936
381766129
254630569
337896399
390022419
198255130
205355786
1395653940
1559771894
239431937
413646579
262463388
17870487
305229279
242403808
622154230
584290563
289159394
516830480
615452497
213459986
313206576
430699713
789856765
248014003
145326632
423574736
45411356
531655941
947217853
247082338
43718934
46205856
96422967
142528136
473347939
216783643
610484731
198027959
134671641
63514443
233645741
345053613
264237902
364461302
181975208
322358223
338466333
359194660
500306562
328750183
21694413
127968593
543966146
501174098
198708508
378426388
246112803
372029125
31459537
164746323
598540931
293620618
516725451
322358221
157503631
205306280
37099711
591529060
169587807
232237571
205945572
241527432
478757930
220995091
484887176
150565967
112764971
107125043
126217335
274670735
537617976
92993433
231307908
213654529
325554207
302021786
9525752
110734154
49133906
212101105
584007764
245435308
148570602
270557945
273530211
580116617
169591750
239868175
277177953
149193656
512737918
97056406
303941159
28680673
64944344
132570216
65668018
185500110
188077077
139556944
164057135
135323061
207771210
204840311
156791186
193862553
149383579
192098185
173639838
86119466
148590159
249266374
132337337
167118693
136187434
231476672
142028962
258833272
27913333
79005591
283332449
262876018
186959945
170479559
23332003
317858032
289606342
380569832
161199929
143490099
308086451
167893157
161277874
181596250
224662872
606384973
243330184
239938002
306048944
240388566
138119908
82976864
54566119
52066462
139092348
50737890
286157725
249313198
176158817
402316501
216037132
429426164
178834999
