2903025010
574194521
85887593
1069926686
237383407
785493284726640641
261465765
336678454
134856436
3440218353
544558657
746443102362075136
597499597
711378550884970496
518993232
261119756
225141154
2482788967
1374546152
167399420
167399420
350984121
483615820
754842990049370112
791819543802851329
586895555
145690374
1328318551
167092118
242433727
131954234
350285272
749454565490188288
3068612835
795741428085354496
795288499234754560
264808474
195532488
4174925493
246298783
164058674
1574014424
348112681
174235698
1266087510
116860956
788784487480066048
3959194876
223509423
105913584
2761948935
988778888
780173086675111936
43802172
773893665706082305
783667899139518464
256478586
239646492
109444317
411750344
66819303
350915676
3091511445
526797122
701126166355181568
284574799
774676003
958003086
768645178861158400
174478836
614835957
2588633003
248336235
770610264874086400
4144581315
198348488
2611840259
559078341
2296687887
1447447267
