18050901
155398769
118834453
720786569792253952
161906857
939367022
285086862
56039780
242339043
35803500
259740848
827785440
80969766
779783952483643392
778262984628047872
264239812
1099655436
2730214375
1470460392
110416892
304623957
347941801
267839746
198983634
69319218
203931707
159988103
180924522
218656838
237494380
374502481
145284641
250986151
67613889
81272349
99109633
353394477
485880686
145394409
154631903
406030517
197230444
938114989
363965436
170815026
352745831
278784989
386160392
157471473
3089747272
590553450
730689538411089920
158794469
207553480
246022435
167488170
2413003260
1061603785
523681922
38489586
275321462
555419288
295444604
564076930
197892318
320287812
253226469
1073971093
198521212
1228703209
1034155142
742915705
261525518
157859756
1183342896
281815463
181243060
713483897070358528
121256629
348514673
3006449043
780421136
45604851
494173382
139075343
381519005
4578405861
284780248
111157576
253020963
414248886
3089048645
220831502
122498057
213465306
52090697
485246615
306539226
942661556
135533170
1345553142
271708520
128876935
318537720
1665370380
1219510273
248040173
136667003
826386079
98735188
120654841
1482308305
117906693
216793593
620446585
633301181
279314805
193026636
238685333
582900087
135954837
460307963
59525636
293077777
1326880380
381167651
317353851
541972135
587593106
226134076
515892717
1026039188
203517425
760262845
213504482
626630116
211999829
539309392
363734994
274216509
339666277
169140512
266689544
961940102
382289426
939268927
2679941868
196634007
271369843
132666134
295418431
2460589776
372539957
823399280
356887797
2886369358
207667186
630480849
250804013
589332742
308764065
255591674
206465488
1876418864
1479916675
290711187
1712830950
223645927
156366118
422584085
2772327264
391790699
215793879
122571424
2667490147
265444914
192406600
468989607
321740697
290347839
1102478346
189589417
3387873575
1131342210
930048962
339240661
4794992102
189163172
2387675436
508341750
218978322
126362198
204873920
1468945958
410180630
327637782
566896447
294950269
190804232
380512364
202839922
293801546
198276914
234028882
161425305
112754377
948536400
709552122
45644351
209255840
35289042
42479903
757589601724817412
752540654404792321
750360896782958592
748057364767584256
913131817
4895147265
37717733
198666634
2588790888
45013575
2449961150
2383809338
16996964
202282454
221442560
303941159
207507776
2806150862
1071624907
563350368
1068260750
2282485424
3159653124
119979022
286055252
33515555
1246219381
81261372
203805111
100242696
170009427
138072143
460480990
865728332
240714255
25212888
598727141
184993308
144927419
1212124183
414812189
744008916
273198852
133903003
512094716
207599101
56502954
115476363
128637475
153170209
35047698
208128256
205703978
185658756
167391967
159935351
146911245
349328689
202792190
378253705
119392416
300390462
309218361
32573359
267939039
168336607
38252092
360792230
207316164
376186166
253395986
226310818
456186168
296982902
225445834
399621605
271975968
1064438202
315505313
361340131
1252764865
536823070
100731315
247408803
247411391
372955476
197052134
1473909013
1462606153
1620869582
445661588
1004900641
1014384037
472170901
1228312916
290104384
260021726
605625368
198723699
161705340
2326789799
247258043
290401936
1526501629
774631806
1630968721
2288138575
360235410
240002071
248760009
279164028
163946575
485972717
3357478637
3592319536
2819929348
2778663703
620052148
234068164
463822658
4748612777
2976459821
556968083
729698279873757185
186973633
175110270
207731621
488600260
3004720551
229882457
327116360
363784301
101895924
51254405
215996236
2249235943
209780362
14333756
219019984
198554964
113754758
731177424864563200
97513349
95217117
186471345
189962025
965984988
435081103
161773650
327736212
224723280
2720673804
118794370
221959284
197097278
146562993
2572846678
128024952
237808244
69989598
234916423
106891797
184308488
140190344
1577833050
487084156
