3397221329
215219636
393621632
765652843479138304
3225198311
21323270
1571270053
106249538
121222342
16797810
193850094
405033226
144592995
39170178
997629601
15143478
556151596
235261861
49022240
20142313
179308706
4815307763
18029557
4012656483
2207614386
746083131917230080
304694834
14629399
2508038070
15797140
384417410
395152273
711179330223734784
742748951770738688
94818138
46252757
733031435129520130
300561621
2923152358
173038413
172795209
2599975346
17207657
1491081
2342944537
23128691
3308888424
2420050020
83806860
187872569
23009949
2308656032
10642192
21558898
2923894270
14690946
14937925
37852973
16183674
381779268
102176790
17606964
2876909273
118263124
76961644
2438496434
1611332490
471115314
69834930
77767381
17702120
1055513570
232874443
12688342
50433718
1941471
601904434
720616108907237380
523929270
51239568
2642891834
524010032
156022246
720225428884074496
14212405
65067674
334210484
3407395173
87299861
2392362683
198599663
161783445
16063910
356166887
157428767
14072398
419639256
3437964687
125912747
3015927301
18318677
17545378
80422885
267908574
34677653
151359968
1895737279
14286412
544124284
704996554457878529
14934628
19915112
2437749452
84323002
89517005
79969564
15447575
2336770008
29735775
2184943214
35539209
807391632
2817015769
3018841323
17899712
14174897
289355748
126031206
4529513008
18367762
19481808
263633945
16979198
16149688
814317
2209970148
2902082159
41316529
3295908500
43165030
18864444
161379732
139070446
48960040
1286388115
4026350774
5550862
10971062
1966437091
168139607
18313808
36413035
23242773
3105491
2414205444
17664353
77214124
270644626
71029868
409127850
24046215
161346857
2167369261
1551361069
162582076
3360772773
48159875
331659804
49413866
14102959
20571756
10230812
49465463
498108313
331647718
3841172777
3664827916
9767702
936925010
147470258
7149522
343306629
2600224146
2588062514
50010864
63109065
2214285223
7648872
15926029
14682247
472132269
29914626
22833469
14091091
29277052
18068926
42590706
119802433
534563976
555031989
1945821067
48755968
13235832
161569820
1819511
17889376
216302218
2902063171
40270600
2437237957
14888312
40076709
189045861
229523
12448992
8472272
244991150
46791955
370409954
32546966
115494880
471550563
15379361
409545315
16067035
14302386
49669858
388958428
30200730
181862144
19070986
26864569
146948976
21991908
3438841479
18160154
6562002
56127471
56291874
14091119
