4289127432
741083469095178241
3866138834
194446767
2677331172
3707899573
3862998494
2443683164
2980311131
4342353269
144154395
757293720849027072
812568974747664384
812585757642608640
4048487060
714860325301067777
4826325801
87032405
1688908014
4899763619
4872362039
811736760921231362
540563387
703131281735884800
2816119311
564396504
2965047747
2679855308
2572131487
2324412787
2493099768
791342383334064129
783022144393445376
768882825286287360
790628498230616064
766003698074062848
2734576469
3126773236
742722806933245952
3018145596
2712134440
946264694
4712986891
795420908588515328
709620263952973825
2506282814
3292095515
3305636579
3311573274
717857026404167682
795315730652741634
2342905728
595179319
2402316001
719353681
1689951668
543081457
2242011636
1090385298
2851331082
4712716759
2478673291
632911092
1932378038
1899443215
1276632517
2601595586
1099365210
2255186190
3302286748
2954472279
1928073948
2671110901
138542301
2769818602
262724675
755681951688761345
221786857
734508565822644225
3376742843
100129593
2992673998
795787028852068352
796041962755420161
3188808306
796453426813145088
757978428490543105
24974978
791919447221030913
456202859
588495890
766053959043846144
4802449337
3990669373
2542150568
234161597
213178591
4712831454
777145684768256000
782496633363791872
2590713583
3355116340
479977037
740240552000663552
2863992834
3303587920
1039737710
194671928
2387756047
1931328302
2604760664
3194913933
748210399485399041
2548619052
2973213202
783790208902987777
1143344334
1140991550
82458940
3107306321
2387938453
729248730638094336
273178727
4844391167
728639185616310276
4637467954
4824352977
3227804013
755301273965035520
3900749954
719649476336578562
739783915255304192
207537580
4054537295
728277462698708993
714848156941492224
584837611
744530413234839552
712328070317907969
757332966561415169
1345699003
1139747808
17457916
724014960448139266
597430668
307428095
3262685059
709408903935758337
3321428504
769038778166042624
742680901742628865
4540730902
2344697454
744286048667176964
2202743251
763324130741530624
2505657408
1651081076
253321846
3300908865
1078438938
2317907178
3364364236
1075125300
768491472
2329414356
3163005702
744533298702127104
1965354138
2861128005
4365756736
426366526
80873096
340927810
1460037890
755427284551626752
3001978564
334056115
763449217302102016
3434386174
748632535610044416
759178384949870592
752925709342048256
753624110966669312
3091353465
743758201552723968
747114447395758080
747875330354974721
631661533
4707885977
723212441329475584
4536224919
1961383376
3254826431
3843324255
4750201048
4165878249
753101794486648833
4807462655
1241681971
172990766
1019963142
279019812
3376813438
2500528042
3184766208
4436940759
757953141061066752
2299097539
1463771167
753911567725555712
2206513189
1731604333
840015710
2290924976
3091891230
4783896817
1947206862
1664334294
2418142310
2272127378
138755888
697189591753846784
715826878096023553
3521835857
720423290842456065
37993692
44425120
2200849232
739140260
751937747561148416
749907513680814080
2202463656
1228076604
418287240
470729547
1676066983
4689160052
3879885689
195839897
244619538
2750317631
3111182502
2454439321
336115302
46485425
4626629062
1272344816
2741824311
633017020
3008560145
735904391677530112
726955453771448321
206576645
2268004967
4820072873
2324908567
354553532
3315548893
804298094
3311778171
711524289032409089
1703359862
3208901914
4678948580
1625378737
2933600379
3520465341
715979426
2899467498
4551657432
237798677
729684443523391488
3040700034
4647897028
2197008926
1249603178
2786836124
2911651165
216230667
2583747290
3184739796
728241017414160384
392797535
4877355461
2966019030
4881614025
4282831334
721023318413983744
701477044694048768
2881223717
3324732189
54679017
3239766626
31882859
1235021870
851528682
1625388427
3172761880
384785238
1625375257
3064770922
4689909284
2276667542
2521113002
2482493726
112444519
2505652928
4629189441
2454461126
2870694352
2225437495
3401281936
4415483475
4415604982
61844201
2860755282
3865963753
4415598982
4496482398
3586493484
3376797843
1583662178
2937402363
3428695011
4760748974
393822894
4536953894
4193588233
2461144705
2186741431
1235278291
1451090275
2788120206
2518739700
4380600493
2967223515
4843124645
2398972000
2368956672
2905727841
3107844926
2158206645
4028395731
1585533643
2771836613
1441573057
4456146672
77647793
2900592877
3307838188
2462549761
3991191314
237198908
284347224
3232691591
3313088660
4717755546
3934550241
3866212044
3313174826
1558006369
3376829710
4312323256
319296983
398316309
3376939593
3973271853
3023532574
1455594732
393296096
4221018711
729521743
4154607138
4020585373
2871787893
2804191500
4174286712
121707705
17344200
3241752808
619764160
2906964189
3404341180
3404227455
3227480083
3227518652
3227482440
3227520020
3227513966
212319985
190568373
1714914426
2370912186
2832063051
3034559817
2309935274
3724832175
2419519827
488263289
3092368833
2510496618
3185108853
3725745316
580295802
1478351612
3065104593
2193939944
3184825410
3344421939
54594703
2572023600
3423811277
1171187276
465855867
2466642494
313587802
2454417792
2454397284
2450468739
156596688
2515589360
2805429721
3246151923
3041447818
1955166607
811908684
331936328
480470444
2734548233
1651150771
387573938
3403324611
2978056924
2731873936
830256583
2773473825
2469565615
3260469926
3312014595
3372836866
509461549
1954865581
718578462
3277886864
2613702775
2875721550
1658886798
3327098877
2790852669
2984808360
3306717243
2854042663
3064584801
1398941270
2454419286
2329700609
2582719765
3141536666
3188315967
709095240
2830631120
2335849027
2906311234
68001805
3253057412
3225741907
162113619
120898723
2628224358
2970429202
3009230379
2454424410
2548845804
990279144
798608916
2939990554
3087022267
3314167887
2454426878
106559006
2788648376
3023174739
121713140
1317410754
727763989
1658901619
2826749201
258170470
3116011611
3198341676
2629261920
3215588862
2822346822
346275218
297769265
3198392539
2488931966
570095545
443412159
227792993
2359866554
2512294071
1737051517
2810877696
515115919
2783017309
3236668787
3246085629
2880224321
2974736788
1957855106
33097148
476362131
34507480
172411932
2767126967
2315266820
2454424478
1969110277
2697108288
2905568401
728944662
3135445714
2234677434
3229865674
270273470
2415882547
1444575242
2370798686
258945965
3114969580
751891178
2892049451
3175660481
2710653769
1143070872
3095831985
2809342073
1123656613
1939823444
2147948491
2340701863
360790213
1965740845
2173660392
2826946435
2910733507
3114889275
831802152
3114222850
1720123909
2469949081
568184110
2879292957
2173097526
2979965549
2679868956
2454433789
3070919673
1621196761
20473204
493470048
1118939382
58372595
2385578209
715609046
609841269
150649182
1633542588
66465341
3036836493
207112456
402974438
37122929
766760952
565525983
2167691497
45979098
352564640
1660424155
1653637086
1651838641
1651817558
3053826720
1651783338
1651817102
1651817270
1651838275
1651838695
1651833679
3024402258
2208109201
2953136642
403053465
2513104017
30246959
3034549472
97383592
3074178573
205676956
2951297236
2475307580
2988316666
2823801873
158898205
744869204
3050673029
1947987487
532921641
2454421164
809666762
399011549
2264367436
2561155344
2805950208
95093611
1908533748
3005582139
3063613547
2932911644
2932917883
529728566
2474634060
479754687
2268008017
2598607987
411059302
1438117122
2216892366
1308677785
2575438974
2575396884
2217349206
10228272
31296285
337862999
629106817
2951930520
20528789
1146477199
210952466
2958689182
2783211435
2652322489
2206320428
1029007988
2717853264
104172320
461693673
464867175
286233279
2343633363
754867356
2563838928
1427079799
2951297548
262910683
1026840158
163685789
2475732229
2185133110
465616346
2842827790
2545036838
2803485146
231713030
2946671674
2203355028
542938447
197073325
558666887
2939858727
2691178494
887837450
610212769
388607146
2749185111
100881091
2273342491
2912902606
2916317131
458322044
2495129761
2921341784
66240539
14395912
44126993
1670726059
2298200660
357668606
2820602786
2849764522
42158083
980583014
2374019368
2492183245
339653683
2161485037
2332686246
