1662000822
51230449
406636981
2839430431
774766999109066753
773356441373728772
4049194557
21232553
196657759
20139902
537617976
297169759
377228272
4101590217
142651417
239868175
7884542
273132659
18661588
458289520
582878360
101260093
186471345
218549276
731506097522102272
258398584
391807161
199032513
164715111
155258221
14173315
20085289
32648476
18303002
231463914
235539559
324005076
789605024
627673190
197275609
445077766
18491626
495321640
742881890
4878639255
167391967
4748612777
812391079
34743251
15506669
13298072
44196397
381140429
785961338
64837189
270109821
313587802
169122245
454132312
14293310
1652541
807095
32355144
24900072
145348732
1962476030
124811706
4384124723
339881112
216823483
533573263
110213431
30318595
167178940
339993049
231087895
119588510
80765562
156545066
67672697
230000289
94593523
1228345010
161824863
134123412
31296285
42569338
4030452559
307310987
394680238
272299227
276259696
471440481
39538010
849238400
237947991
216429192
62917505
212237670
713173902
174442576
3669866957
16367602
3568966403
151140821
21694413
35013719
1324077192
534461592
208142856
509001226
3215124555
56397720
759251
742143
153167118
1740698563
205930411
360235410
382254928
12
1671358760
35075352
238254963
75392949
325554207
978663246
296686418
57920116
252140060
178931425
161834182
3342030094
161429558
295468740
209110979
203093566
202782111
67354601
142933563
204998743
349340391
241183704
3196292541
72900795
58813551
259780884
334299056
1043668142
95009536
1536791610
215996236
97513349
3228353443
462860578
3288917523
220332032
312784108
14549803
98725149
214977276
939367022
3016287927
420676512
321502259
1388550794
774631806
38038211
17416571
180245482
303941159
847621969
1328399822
5868402
61097151
2396552142
14630047
20680082
12512092
20609955
12197032
2816119311
397632308
168530002
220597281
2768238691
192378571
2591776028
338705361
372575989
2467791
3108351
1367531
50393960
345053613
54389843
813286
101895924
406744818
24748345
197217456
193359470
47632363
425826971
551420122
263993853
458089718
1304883726
1507244882
810162864
2325915061
199706228
1586506627
159952989
137460824
205986683
272106255
59714229
148036025
271975968
202792190
317888472
143929178
153403071
174964320
1689119341
338111926
527940086
273258321
248742770
344063713
922399651
1517127090
182429870
259810724
264020102
230578446
437854084
326870222
242483845
133945128
171125146
14634720
322082897
11228352
315377387
114705345
437636228
300390462
42479903
239938002
185658756
525264466
50013632
246507155
82111824
18038244
447140986
185837232
184124079
236073921
588396730
270137330
161054768
207316164
270563992
324583392
189628123
131301812
275178249
214740111
41115130
236994974
79786340
14400787
977430422
1308559987
90558638
34140316
1151336870
128937967
15973392
170895870
172425134
936912517
584290563
111157576
7996082
151635175
5988062
209780362
197932909
118794370
24776620
30309257
84249568
343106141
577162059
248357293
290195775
93657637
198588771
14333756
12416472
47384568
35047698
366788647
91488267
74439276
85426644
95217117
234071441
183201869
36412555
124192406
249743015
136846237
183661586
123663318
256747696
255029951
45190045
277740253
272106447
217493607
51140674
8225692
212968729
428333
33884545
167207533
74291318
201370710
1922861
14580438
145326632
126033775
15012486
22685200
1501471
