136328150
808385777763762176
3340972763
297169759
3403314244
3060519686
3307218826
243381107
376502929
289431709
327602105
15670515
74286565
38679388
32468665
382267114
56505125
31311757
20536157
1485882260
246112803
555264023
67665104
205919640
96039232
2444495658
137367965
84395947
2330759190
333097659
2335881451
1951773511
4303622602
919715060
426749052
219880244
377029298
14680530
76682652
2727540476
54144647
183279961
3402841611
24019308
48436234
82978967
82652901
111595856
2367911
28201743
3282702576
66515223
3165902589
753043186587697154
222231985
575145162
1155494316
3871983825
36423743
1328399822
2868267098
95343658
27078614
393733873
259657291
580056055
2713439994
52416272
860071572
320893800
751965132859674624
378253705
174964320
360682978
101895924
303941159
304526698
17675611
389076636
2586191070
1979040048
17316914
745299450
67634114
140922305
326344160
75854307
14630047
3429986631
373471064
3282859598
22536055
3305665882
33998866
282046405
107188493
606378376
10228272
273650189
212623902
2922110621
2411523650
1345380498
3298802431
351134112
110994306
31164384
140666396
469046557
230000289
3368234146
17852550
15324722
42924530
153491441
1643985032
889350354
2262401824
3187882024
142681025
266771482
312542949
94638387
120669653
40128204
26417813
220710678
18501613
516874661
571831263
63796828
170528373
260852470
2165259044
202691617
345053613
151652137
1049907409
2899806880
2269430991
66333989
52423971
20680082
14400787
2751006737
209686703
1139783036
514331580
2282578136
111382536
2710521499
153493818
2401521344
1503699390
1551377419
1611228823
1299778446
1345758834
40989198
32340023
552732554
2446486254
1473962766
138298681
219667393
293601871
327692638
202589958
563350368
633728482
53486002
208307068
1327130984
275898009
2383812242
83855918
56446819
1962259790
61536089
18450106
1222040899
435882815
94009674
2436406022
472460889
1224944496
365112624
319862324
222344995
175267660
336811471
289387841
1636590253
1015248769
284148966
17230018
213687893
1546510219
991500217
30018058
1390512968
84354451
21701993
704388119
743593404
282788614
419780345
267892784
167197975
1633542588
556152909
375369761
603168922
1632885878
167178940
68250106
26383972
61312712
300114634
35047698
1504572120
225084665
202867788
236866390
45350809
469653433
72126278
775881565
20434358
331499688
12512092
178122137
26757925
19348412
1069451778
95955871
19114743
179203822
312938185
877998276
523619088
779299832
347416960
573026161
85426644
783214
466807381
486127537
347420129
163335400
242621505
216241733
188077169
200883526
225865256
151207122
267158028
330021348
574780585
531655941
443890711
236465696
210184164
799153849
305094576
389702361
16147150
14369839
361343242
315585961
418782370
132547612
581200580
25950355
114894699
278319996
204751077
391865961
346156038
355307797
359542726
545454657
621260391
627995259
73707050
205347716
193554793
573943202
101788047
530800802
323469097
454175763
289732981
341231671
114033239
285159146
245940649
374124496
403719109
67427994
138289786
278600801
384044005
93805103
101839426
36703482
70986419
231303596
186471345
139609522
209780362
358038340
348551358
8225692
164411061
247055236
211063347
100646480
284042225
162248854
229666700
98684517
266921032
51254405
112341444
157105392
74594552
82370429
153846812
74580436
183682692
87461634
96645620
50754202
135558905
