4527780083
743593404
355809231
4748612777
322847441
169633744
2181452290
380370207
751123241473826816
2839430431
168060189
715644282812633089
761208706637914112
776636702
169765585
51254405
3215553681
755811981857320960
1969194967
977593712
4244839852
466966076
360249204
2601862506
225164048
1598730433
3092512761
34910262
531655941
144881234
4860884170
102097728
452684851
67634114
3390074003
2913026207
59714229
2301779335
2951734990
3239796675
180623659
95668132
619371783
2953973281
2165524530
2677896732
180557261
2342950426
2165740053
377145423
3063048622
1336496942
2826900363
3437502777
111445206
174532709
2364942528
3077848439
261474171
542938447
247544856
34991410
239958437
620205377
55396810
2347488337
34442404
555264023
147051748
186905958
209690104
3303024652
1403555070
907384915
179176992
175190271
2325642494
1544616402
247779151
2545322064
1689673904
2604840877
2892595893
202867788
108170769
587020233
392333448
3048706807
209699042
2309643890
29381982
145497728
326177717
140843464
305817136
1074623918
610222037
465855867
223104553
3012632889
45350809
601177788
421298931
2288433162
119219337
196758364
268330085
2586832213
1414155775
227666890
76598239
218164499
2582786478
209922042
709220414
265571350
2751006737
145397908
434639035
2810660867
2219166786
182651210
222330644
188568270
2340885787
1218803012
203270943
321446457
545700833
212623902
233974996
73948260
288408993
755690940
633017020
1431792972
2335249369
219350984
134195235
2559530934
780559616
247091583
2755199617
94239148
1529236778
199906823
208220054
476324779
227050842
333778981
2751005039
198218089
544856570
2373102726
1708942279
212319985
2773943041
1611228823
426963836
212097423
59818208
338132562
128572342
633728482
1883023819
212337668
2628754728
633243885
223606009
41190139
1022456479
360757684
419673532
2187322534
2459316768
1377402709
2183711201
1860657619
2390785574
1370720455
1246582488
1694760788
345187423
253720439
202481482
90649804
2467482955
2330759190
175114792
355741893
2496308910
2547096298
2511011850
2502380984
2326168237
237443384
311248289
485275225
612101493
506075203
997798747
23650050
198553873
313639371
193175764
1151090071
1249816970
1340243468
1281272324
135877030
758644183
2376632480
2285622972
295418042
48576249
2400152832
2151713924
1511390095
22253014
115077998
268447666
221048768
58947222
187017761
458824211
1255855610
753858536
1678463904
347441239
42434332
844702476
2336078005
581483392
2285710597
135563893
2334260402
107532510
2207349499
1466417197
179589728
106837463
262779238
1206122282
1397420473
2205471402
206495217
1205867544
2241044252
1965539497
538475911
24693705
1337843419
53775273
228060038
1858760508
335241981
17337554
147427499
615452497
78465034
274259338
244841373
972572580
329840383
273715727
592295376
1594970798
330021348
1255473500
2208034717
22838300
2202948110
1388511956
336134662
21787625
288528334
470937613
1948228315
703580100
1149677594
481502205
368181047
54573583
743266022
902879720
139958353
339452563
1335487675
606349760
1874983615
68080316
199160684
562965545
164711561
46205856
203961167
124061018
266679227
45777849
1682833878
506323682
1473962766
222886557
174496531
267158028
283678841
138099903
1324972568
1362148136
183623728
1209582481
383434786
22787867
1074932670
813939176
128615307
40101400
17019152
1392734887
18625669
1255949556
1111720602
383368182
331903829
130230815
394360111
702439339
1461331994
934944632
547095750
1242334478
56332747
150008859
1578195738
983050050
165740155
15687962
1390511521
784845446
249743015
215996236
180505807
577103545
1073159618
193485960
62454048
27913333
6305462
1408292827
439748283
347370590
871787401
768799920
1378000488
1408760492
1365457231
235625906
92544436
172374477
102788902
104054633
355828453
291998242
36703482
536911471
1452045758
963476888
29268463
1370508396
21314588
137788829
385274381
19962855
1391954156
421115384
807870157
239760107
260112917
268414482
159608908
268438322
1413967052
66561957
437084903
1122854923
520029117
249813704
1378792567
34507480
771955592
1309062163
287383738
1353604560
1297688947
1348124054
55645517
1335681914
584162460
419893737
461818233
9695312
884556398
1206342703
170551642
558486062
1263094663
321426038
610370597
65184105
231713030
384526357
406744818
490516017
175419025
175265077
1217357004
348811260
287491533
334086302
237468867
846169129
448041055
170528373
628130532
479034274
400451923
449517645
202282454
150723609
1035513240
1018913858
109304823
1152279248
266978915
493329467
631459251
768308065
463148897
550355687
916007904
125452967
733176271
159175408
13809342
134811833
443865365
274053547
463581497
133474000
216092738
751833234
301848417
315384730
1126571072
531425904
587556338
1038252770
1014384037
249956887
527940086
80251660
301240728
948684128
912914372
919249074
255103959
284317660
756535506
608787984
555539567
186860791
518077619
107328472
876330686
271212705
193940998
1027859083
227833674
315967210
87531731
196451004
318834926
264525228
766182564
570312170
237332813
203396932
494613523
575631609
968374807
602406088
135764233
163237429
414273676
138955158
323274074
708332802
62193394
179620636
557214783
309167760
243824415
135218598
518245069
235689194
947217853
344233099
856928641
140513962
190913250
603168922
788657472
15648827
303405055
542588114
221442560
283810586
211682243
131026560
605788375
