26585095
141817380
58372595
192938017
2465352751
1681669302
801736166
92670884
759251
2258432940
715757297075625984
432285675
914824178
791423823832879104
709735323358601217
781218386894262272
2309056025
3039678748
746739697028894721
220332032
15815700
796157476794200069
776925551554621444
221958540
36490059
16193578
31927467
54815639
254274083
455509612
24751500
317053015
2592169920
82248959
525264466
57099808
43152482
577162059
728332088487911429
2422392590
4876361945
164060966
776098705816649728
152643112
785951509
224898965
47384568
205703978
214807647
239938002
254275716
315377387
24776620
8225692
700400741291151361
733799696905338880
727875184858783745
17850785
741081185208541190
312689530
57525023
752409638797062145
740320086804692994
738925742956773376
4842504553
772601706
719989438365892609
366225283
32530915
298634564
175437503
16109866
15212604
237898175
4821964637
344623025
758442196542500864
130472030
1402839782
35031708
475619490
311160483
607517881
1126186171
548552536
263393738
2526009142
100540784
605843505
786570571697971203
787038372837687296
246967511
587143044
2984702594
773993932086710272
780493591999291392
2802883150
92074189
237084999
4917146963
869837108
4135645096
2790438581
742613342720790528
726733556
3303293865
2868267098
543524920
765748627197267968
2553246842
246142876
236699098
23617610
32959253
25365536
919583930
1090457114
3203734180
308046922
2837153968
2800615080
2462407592
454132312
2364725112
2423081546
15846407
1589659656
410723251
2321432234
2307604116
1957206810
1552016611
499363921
436163969
234440372
381356178
43566131
128424554
2147759906
146222306
185098233
223838707
290580124
983016326
1137490549
287377727
287209074
707386458
800997024
204415570
2148302864
274760072
173181733
532263120
106538753
837982392
268439864
126193515
53468888
632813882
506107690
129925143
172582957
155745396
196743486
182852488
292920781
162799522
1915249296
88089768
239988268
143540389
93876462
1535610882
171777841
1375661678
1632946759
374880076
557900906
1191693037
242874578
325461039
181186365
525553901
1255928862
232434046
463870618
441987099
238744564
495385953
1076985038
245957221
217829871
261494398
236910973
202862102
242407294
180505807
1694920195
611612431
1650690198
239760107
373668885
261620277
216490356
129973351
222344995
235625906
161676263
16409683
56039780
85426644
167178940
95217117
926769464
35047698
203093566
126217335
288314368
86119466
38871237
10012122
256747696
161775175
77512825
174716790
19397785
337782955
89303321
36483808
112757144
377192100
729781663
272114267
231463914
374020605
267392644
175114792
312158990
306289706
578268976
329300544
237468867
1566502435
1555377816
229505310
240699200
214650868
1563969583
577277174
19248106
23976386
47288005
184457107
185658756
171944122
33933259
186557332
263006990
28641033
88681373
248877722
244246623
128242439
67386464
314625513
334735101
217843851
184802473
1090553647
1107114109
483371680
611421809
129814252
621504906
147020852
55033131
97513349
85603854
10228272
822209875
83686193
268756146
173978306
155286052
93277913
298369017
266935134
128693632
141073892
230832016
117098812
462600928
870610903
135581900
254108953
281242345
244525206
626689227
250330218
365825153
485650733
144399499
91028840
1278967507
247445063
245138453
140593663
69491353
184909170
174337340
360666216
231538120
94836747
144911709
316727112
146985726
342132539
143132221
262703871
277723093
804026660
209812462
222232753
219135945
242151818
401096855
233672497
1285249548
266758838
73484809
98899081
167187893
889939380
975990595
84670357
282252620
131743083
236093472
190024406
287810303
460471581
148028604
1129087921
249165271
1258416781
181663139
235253759
213367538
138444855
401756898
204064420
302223239
276722335
304788233
108677658
139132173
468503637
272157758
145451981
237919887
261023564
613611005
339011496
850070252
247994575
333803652
456080025
245441338
321149797
928961678
282363999
800893722
356239671
272085828
994412132
194287035
141758206
128937967
305085584
274259338
115516167
40527958
524553756
186031443
419816787
165675440
185374877
182909295
133102965
476211170
582149726
47382088
17484709
47612389
82706961
33884545
73553243
139731142
63462207
96951800
12597482
79982342
29749448
23605048
44409004
315955829
