217588362
102375372
977593712
20282100
801501442628583425
18661588
25073877
1965354138
348112681
568583301
236994974
296239551
267552002
809750448
2706653840
263987104
330021348
291998242
1571475865
3699963801
303477397
1058847528
200955793
148590159
65952060
1944937140
301398211
408131205
49341158
231577324
634907757
3372106840
264559121
286432560
2551266554
517164056
15687962
570017116
489065777
584162460
1390533301
1682309167
67634114
64570931
111157576
64646438
279019812
71794672
197932909
290833899
69962890
234043665
180733809
245677262
1225718160
121140184
76230542
537617976
214123335
46205856
214977276
146540920
10671602
227677577
296225755
429530005
296252209
286267651
126217335
1967956632
329407983
349824440
300390462
196835164
466966076
182225130
490609265
70372131
135950294
113048168
345675220
578673213
1068077179
16905833
1228312916
801736166
298695174
1473962766
893695676
1610285629
192378571
1325768227
237468867
251768856
625608184
241183704
1337785291
606349760
214807647
1262831526
380134201
1265953044
177338726
134990072
275891111
269274782
504601893
99747874
378427806
376609908
377135974
1265700126
618165886
230538088
82403410
60199930
168530002
244246623
294888943
915170798
185305650
105297123
165616919
231131042
32409782
286934750
556944013
573808532
101986970
221209118
805475659
184124079
355809231
262882998
197273436
307214593
128937967
51785332
302435257
396609514
197157680
145438992
240510437
93128515
230469357
263398263
283608985
173190019
213793914
140513962
306670233
509628227
123057032
311159718
581198414
260378930
36900747
277343597
265671500
371573599
384086700
76092294
27796203
231791638
364443057
138955158
209780362
243039088
206920433
231637184
105186569
154138706
232212010
158732968
112757144
59714229
195048109
164715111
8225692
195606737
167178940
