144240819
783492078126891008
278222568
2397791754
500440742
4527780083
189346136
246559091
2353290973
242754062
2937568006
246591129
128256856
2486880671
2928868882
4451759899
188003001
199917037
19854620
260421063
295745160
539623549
109304823
2820738389
20310697
14885816
92148995
35315587
70886355
302842693
132041886
300601375
143681056
149296268
211757535
3313690073
51914907
556273469
115546501
2425581096
475492454
84667031
213498404
235296975
3092913519
98276726
3135614225
57203939
3031468029
95983803
232346700
32974914
2846734162
60377391
729379926
1315876754
2952305674
78519830
549249830
342991010
364102428
190869117
379771766
146328101
16533062
1027127156
1170623629
2865248021
329901938
593417524
307057915
168314627
331390742
197231458
17473332
2739331852
231269536
89382105
923723004
152128444
2779000166
212989479
127330696
39388696
35993553
271138346
102519532
2587186612
177166768
38225564
400451923
41615605
27484637
287442950
134856436
2729788363
128596835
156478331
2727046298
229502027
156490003
167403718
46004343
120965275
189620718
333458558
104222150
384562280
352771933
197104553
966091454
122598409
38020977
80320215
143548512
1226219978
88190182
18505339
177478931
33731638
208612666
255600497
78374555
520547420
63390681
122740637
323544780
20577610
1007026580
95259383
303304123
176150545
204839180
230027404
1858760508
198303975
169763616
298307035
100068267
1049084340
143654213
367954307
185502526
1639249802
101838477
1691690748
53717714
219891879
279300681
229978300
17662115
72150104
265264015
180508147
147395047
165916030
197892073
361674892
623423577
248835898
569566199
110238207
278607368
182097841
1173362210
57077991
106194891
372529222
20216787
246156738
554783448
314098159
165538999
159509597
303962995
211928720
284002351
380625633
240392853
87496520
324729500
162264089
172565486
28358629
150355085
307207264
183853835
171771341
139284388
531567446
253367562
113725341
292971566
132970540
54639903
313527892
156364554
223745155
305809990
274822501
44529721
119137077
322465183
83295524
71266431
191117196
230565433
949889232
337936630
139444066
191493530
270591471
190691496
885202100
55098867
228017085
367894364
235277850
535686958
265637641
195934856
153132339
821935482
816816032
264981376
48405235
90449152
262417046
164747369
132621368
594235505
610595914
756055490
80323125
158922985
265042394
166046571
610396949
58661586
586218080
153939187
69506626
351743813
134207091
245638098
157205699
19477451
297202220
307626645
587261769
328215934
525320050
518715572
155107040
212959135
86744517
224354319
154655724
260002080
150458908
462354942
167921635
33779101
211056884
77879311
558037954
382368486
412501389
174747177
208891940
321091412
155391319
70542495
221962547
63860002
342555843
322938575
63533932
137626092
225549255
283218148
21113258
18918203
262418660
236906066
120770854
252796046
115672982
298624517
94182312
128398415
196604282
132044186
234990169
144176705
176530457
393799707
248360329
133112528
262318633
28489585
192427270
151307716
138526121
93755347
136970995
265100268
44253423
40818393
384298050
295527977
181815744
305285208
343751691
82977946
113532231
295787904
276566490
364366930
130384971
180675352
361608219
179264004
149532599
321177040
365855227
220807742
163676556
130302067
133951081
81967444
119479906
183268897
56720252
84780647
271674234
114842992
240444429
240310437
193058226
183021593
357932724
82532948
92830988
121171720
227202788
138113599
87340114
352508529
64795844
244387989
229521257
282681183
303651261
337188796
258696804
310531218
39312762
21411783
214973293
106611375
52842989
196295341
347370590
199986664
113454016
86458269
84883058
159186753
222422937
75625102
56150416
341237717
111995664
229983707
103072981
201506530
35368645
143685627
233316951
216128459
162086273
325368326
224847815
165600123
188876890
308046832
328279886
37867581
322050410
169771341
154937614
141726977
323009036
32550742
279705384
218331337
91028849
137051412
127032400
8345562
309493474
217519379
167247630
108405813
150003092
126752002
317444594
154929552
258614636
256736008
296614885
311300828
45468359
61322510
163632250
135266429
91238122
297061593
150001604
134165219
210559841
115812869
295323033
309861713
134278265
171247666
170795508
230211182
73970971
133858125
247560657
61343732
306033084
189996981
129660282
152446145
230174460
90801250
167575814
181443489
149347647
186983027
172509374
200307489
15460162
270121248
174919998
154561711
231178359
298784909
180150701
292239135
298188775
218744196
18533317
142906351
27632226
44993565
37743357
153506001
195849409
157027453
62527636
28357887
213216494
291706105
121280006
53681299
121597165
41686985
107202330
240410062
168530002
274569661
248032386
245505695
276256416
42329333
183913976
228045938
285705335
265951486
169160349
135379479
281341068
119209937
94471766
144412084
159522228
253841564
65728665
187957686
269904537
260225291
39398124
64610240
22468278
163992820
106759381
108384308
136477067
192647460
107763712
242537057
167937891
274075392
262820200
167846421
233654398
255993278
113992810
23331431
31653060
170141835
172054589
129996881
246623358
36765027
186827210
193291597
76829443
161365665
118838932
74056707
141028311
158017042
169661282
186544070
260772646
228324175
204569693
6120472
21836409
17850012
17681513
260426363
63718709
244226642
211678584
41981570
133011440
257307234
37601848
128036961
19546923
27182536
252765121
117144166
99827328
70198635
246148314
20030549
105637318
250396673
243698266
217193011
127309080
152856905
33256102
118073732
212479576
53290332
117577680
154256560
181070228
112043840
169349605
180080197
3523411
57117519
116353788
68081999
130651391
243836323
135322428
192627270
18653965
124876510
29047675
