2514835214
887627058
2902525197
853639951
3352779013
3315233258
248770260
2460083766
2473038560
797430467393884160
1108796072
785903289573511168
2346654386
1928641508
111176590
102820092
735014119183687680
790299546953871368
14737812
500924601
142002861
735131460949139458
444874431
252177021
2214753612
188187669
223464583
482604882
914948659
4434332117
705798211596918784
701544353068675073
277190163
3345032349
4439144597
3242175304
807098086396936195
4291532537
1294186993
4845815832
34292518
1391377230
44698867
789865574058819585
779489770430951424
796041962755420161
2646244886
799407453691637760
743883168021889024
793647332201996288
801145898239717376
703405495
158182474
755626516495601668
806954737694162944
2973488993
1167216936
3397476815
797824900337647616
728649234115907584
722902718126403584
747537894814920704
3154303727
1864154478
436188788
766509835013722112
796660855509307392
799302505230401541
2363648081
4917460479
738453695726256132
3239679724
353566183
3400159697
748627575036063744
768882825286287360
731958670184054785
770768640312479744
3339479733
793163711095660545
197812246
788851611749744640
789356400598278144
790628498230616064
2329414356
3434360165
772693264101171200
785608173222817792
761769783499120640
69055796
3239292962
183726122
3233875628
775371011969744896
1123408998
148961514
743971807888236544
798392611052617728
1643897425
559824959
704106258161336323
142415498
2177250346
854058745
98922445
238436658
1257222000
2289856458
198120065
3297203359
709623165367001088
2335252550
121595210
255250893
62740747
725282534
1403356608
3130137550
796127912114130945
9589252
4228013944
66381461
1423191048
759117206860988416
2220343794
3137737092
768504272845758466
764199560835108864
730709893846577152
793907032856420352
3990669373
3312149867
76966092
772112441878667264
4736143827
456801436
2583094759
778555250143821825
769918143909224448
791342383334064129
4859689354
705553658625335296
739535029865418753
4430181677
791390734943449088
2885998923
771951746100912174
759490998221279232
759482262505349120
245330759
757195773402423296
60018528
778454046759718912
783022144393445376
752925709342048256
1531576310
778159051926536192
2441989064
1338193669
107423331
85240958
145743398
243880770
573843806
787883071638876160
2548334509
520209852
769695158833119232
506507066
601650955
764630363314458624
3356727561
751259960873365505
729143868487147521
745630043162968064
3285724414
3724289961
749603557
592797083
719547470850760704
730762367940853761
780453334864060416
768595820132311042
766974574059806720
766003698074062848
727669191940157444
4597944914
781204377386180609
25267437
755485052667039745
538492782
3416049599
110633476
702524234082476033
775026263618531328
4717901257
700735186883862530
719190500570476549
145482039
468778640
2361307444
362584900
846509112
2480594552
52198262
297520303
766428643803488256
3675018498
582008688
2416274304
1264817719
1609030807
748721622425698310
430082167
329172660
435943037
732792108977917953
1544616402
2883681010
452077120
45100391
2832063051
2688980960
1080803214
135499707
1897243614
155972147
516953325
2338706988
720811831086997504
4307477361
4101667593
384547655
2181452290
189697783
245539751
3389142939
720660423276675077
255275776
766493608031690752
2925875815
999958699
2347488337
2725602069
372052853
3246332129
493747888
1720693681
736245676053528580
449130399
717027219210547200
172482166
775881565
1680844615
1599221940
590183951
2300998992
1708942279
231263936
202589958
4450073541
339860582
728998798228250624
205364510
4388354909
134937118
1120477986
2948542509
397004019
257069031
3033575455
1623504636
1636980800
2500422954
3319753556
172295408
26976957
189399377
149231274
736089949
4824352977
429362201
468335601
145473361
461579423
319862324
139974630
565829428
758142895580782592
4294806676
760749480480309248
449916774
334134186
282788614
105248235
11071292
2964756448
129925143
701254688105230340
729029675180294144
118782633
135393154
766364300797681666
2275526611
134225554
763765374965915648
123440497
3021770140
4894653012
1119517526
1918438651
95290119
2228547439
769475210114367488
1140991550
1198639884
712023085042376704
108127602
3089920185
4872584644
4700020866
2786322635
3113914672
728472848
700740388932333568
3248838113
3218705152
709780829426294784
2977772921
2765424184
2315585326
3622146134
727090160794357760
754346073263579136
420514661
532648706
2984929865
300114634
138298681
619371783
3352589734
748747186666561536
745238644667998211
4784338156
288494477
35563739
1572235844
539623549
232971673
260421063
3221962046
364941934
408791027
489810237
993008011
754512959292841984
424927329
1559294814
3188798685
3219483498
3120805939
726351641482551296
381612317
731060616
2398346526
728313583910715394
747999129159204864
744533298702127104
758548914895138817
759178384949870592
742439972083511297
1692157933
83855918
726363941274689536
327499066
273771653
321426038
45112524
3895135361
2867591420
261327861
2647960616
755790426934771713
735871282869338113
3262043075
4566586398
706204538336890881
4024229481
256800736
760666833070456832
25093616
26873200
14882900
1939217454
204817833
205981765
3891691697
2729846677
3890908175
712360866415378432
3113164678
4924853392
1543597824
476937478
2750218025
1483944205
983973349
329991603
2664084748
4374305674
749285963428458496
723382668251918336
755471019759067136
3343206821
748219656327008256
4817025664
755946652515635201
747114447395758080
738071505968467968
253321846
753624110966669312
4704178461
2321790110
2537505569
1064368166
1486563391
788421908
20536515
2229231044
2795807799
421797863
740320086804692994
718436563705794561
1076760715
245045986
738925742956773376
743133584177827840
219330873
3249222324
236161907
708419036363665409
4795734565
710235867957202944
4438587918
728985554981924865
3091353465
271627027
751801663191605249
102539951
1040289182
71847523
628384601
213504427
726929204491620353
31002807
380097285
4171926471
1018375916
4115531932
4523941889
365149587
3047442660
2375972305
3066088895
2561170632
716801119347937280
138059314
3300923060
738144601312088064
4190457351
715953870543982592
3678446115
702671655546568704
3173178861
4282094783
4350632727
4057045347
342795478
3388642480
3355847626
3135138658
3970080441
3063048622
3964839539
3422020467
3742126156
273132659
20434358
2568204448
3950301627
196625041
365033122
175267660
426963836
748590675806064640
752584012032507904
743758201552723968
747875330354974721
748632535610044416
753101794486648833
709890896033144832
356181210
3023174739
107048373
44951871
121774745
1613666467
295772978
750440061355847681
69542069
18776605
410675207
3451288453
4137094754
612848632
343592639
2847541678
732604966460751872
1100024041
242170324
1009262330
2604840877
727907751712727040
735855865375424512
3294550017
555927241
1430496480
2416118265
975267516
2988763337
318525412
1250079212
3111704684
3737827580
2829267090
2298794130
3307883909
2438007956
2829461904
4498817543
3135377707
2307323245
356313081
1069919478
183404455
718125542
621092303
70257425
568426610
221052376
45350809
196687822
327470494
263954680
154668993
842539802
102557437
183719556
140914319
424321941
737113799061209088
2920266016
2459316768
742548033129308160
702566634091896833
202867788
305817136
603168922
2454421584
4256325245
376573072
722915563186458626
4807462655
712328070317907969
4165878249
4508530581
2825584700
267158028
477444885
4753176257
304526698
1486139186
200883526
441538192
734443183233470464
856611469
740305697678712832
514770230
807413108
416220994
2351715170
2480218064
2790266914
1390714158
231180864
131183454
17208949
1586350250
2330759190
1335681914
1391954156
3601963275
3373930318
3240123766
4895989125
2730527832
706727155707809792
730211392242913280
3250104752
3508297813
3083143425
3527185946
4637467954
318116924
3023318676
700099027065561089
709565816279277570
724975923628400641
4820072873
4113712163
35727881
17019152
59399268
34914032
134234000
22611082
235756667
2649219157
275341853
732574619203407873
721713306180915201
726581177608507393
1009879393
1069927526
2368322010
2828223466
735145236029177856
1376737776
59283983
2155199659
4452641861
728072941846429697
2606773699
718098538844938240
532442053
479977037
2598228256
234440372
2178473492
300750327
308842322
2647477905
4890233175
629540085
344855726
210952466
3138904420
2327417303
397739345
717161223398297601
718447915291774977
2352055639
160576387
1262611021
2889289549
1567680954
2914219092
1689673904
3302128414
2892901924
3319126269
4704443675
2834732758
3342857081
230567545
245192347
323842059
702983105653506048
700400741291151361
718176698882084865
2995572856
2605999572
472460889
717510234508386304
1654029516
574847712
492201747
2932917883
242330782
470445535
2971486485
99876567
1076509771
1880699384
4888127703
500841518
2359319731
2997910381
2423290220
3001501543
761392783
2357702933
470258321
2317384063
162264089
3818260877
2786586273
702778068323033089
732687598913753088
732985151446241280
729887711721566208
171594066
594485681
730140419758100480
2561155344
721836255659470848
3404032341
733148373696585728
3012199685
1654281564
3558689967
2287707304
2433186530
373466025
706992078249545728
726684043
2759034670
3461625082
1107269666
377847192
408755891
721181328876503041
514565860
3061669850
4665067229
586785064
261729217
707795811724337152
2847154691
568433423
3641623933
2459589950
2716046101
2442014011
857606107
1542497635
32939851
34900333
4860752476
361371553
191911534
916209884
291930143
1319367937
212453086
1616072101
3570037455
200393665
1483685810
724281956381417472
727309878
1920658334
2483915249
382876096
16346485
1034085673
2407577790
1191830412
97225858
588495890
3074063733
717460221258547200
713560852994113536
4579203331
4799501657
728024588857290752
331140700
3666609143
2360150223
705471960579313664
2755421841
626659063
4396834877
402974438
3161544841
268069518
383193182
334815090
3178444533
2538213684
3424890897
4725697634
761920417
701854352030507008
723212441329475584
4768247253
525509557
8220482
34910262
4707882981
432787907
4827902071
4365756736
1475452524
2491810826
1897742138
625646626
500921586
452772198
709210876419698688
248293852
164364168
390532130
1461124460
2397327054
919026271
3015327305
3415994163
1179880704
2565643346
4750201048
4707885977
1965354138
48537181
709095240
81801663
2636291895
1435503781
223764929
1250792790
17351972
4818691162
19599305
94009674
3676969996
1645224962
3391268332
4324368073
2874612239
4322630181
1669332806
153548543
226083062
3765212121
703256045007806464
2294559817
4202962042
969313458
2932940666
225161829
166399621
213738906
4527780083
230350504
981144612
3110534385
600443687
785123053
1071358585
4164272657
2175147959
4847301179
1379453972
1337993900
186617811
776910906
207316164
3136871118
3570042261
3892009840
4198688374
2617344245
1341171619
3424888348
4634883513
1476017792
338667650
317888472
2927879268
294485766
3415979734
1077111296
2794726418
4027917917
281225331
52955703
2459075768
2750195648
108414160
196418498
732014442
583324913
2790247268
2705145014
707464434
206816011
2599574438
2455250282
2893064795
3140702618
1868455634
3045902962
199160684
336145436
23482357
55228573
84778025
145575661
617706932
485321948
2800710026
3405174946
3331883608
2825115912
4517475707
4130361075
1346352216
1173910088
499048675
1265260098
1077687324
1928073948
510669375
303225591
390239521
68724641
288847700
4606355063
75021449
323243704
3012632889
3240743012
3196845349
2799213334
3520144756
2317166719
2586832213
242905304
222886557
577103545
277133468
1473962766
170141378
568583301
493762136
919249074
117911718
4110365592
2502307075
3437903421
3120026087
138477230
4831014278
190705291
303373703
3045648752
2784241729
23415676
3298802431
247779151
378253705
364440202
423574736
404442571
247032404
3041353347
2467075345
2784275094
2322409167
91842542
2295837815
536794242
609406848
703580100
96951800
213936186
2815728328
423764833
418782370
392908603
172374477
437570718
3699963801
151989348
4644461601
259093440
2648091392
4299140772
26589987
288333760
2458576548
1308419942
3225058791
2494803085
557369953
3188843805
2357040360
2626809922
1561200229
458070698
106742844
195839897
224898965
1366199316
612793452
3253430113
304732163
586016480
3014541783
1581567140
589368561
252884601
3251754945
272114267
67660566
2561283704
377413245
2457186426
2535033838
3330441605
145348732
3835667727
570095545
3221703767
186229004
47864356
1114611692
310673290
1312480208
212331159
2302334768
356356354
231654644
2216423846
2963383529
258178056
613629363
162927512
288574018
509241735
3438766691
1682309167
1262831526
2273465173
207601007
3922122753
49086028
1918681195
3239796675
863932453
39941915
219019984
845154482
2288371470
3422041541
2802751609
2790700827
245382671
836049907
266114143
2312276352
2755592031
291998242
332367469
3077429354
3243386881
2512661810
629465464
4418369116
3421875711
3259674843
1935475056
3167278048
111713798
531460927
311147911
389076636
3361052416
3950030722
4185553880
4007747652
3162744174
491578273
277832912
3409199277
3843324255
339716107
21674568
182173149
32216988
2317907178
63158225
44425120
45456230
706341608
233040957
118697579
170804830
264219692
2155370688
3298206369
1768304768
2593634222
3960137715
1329837830
3187309745
72900795
3418185123
51887070
180497905
124895614
2994866831
4380600493
1230694004
15814838
456216017
2638989123
2253925058
2486568466
3515446835
2595100440
520148446
1322771425
992323471
3327411617
2942229536
3041795969
1849318021
1908767995
1358093972
482995850
3025460225
117540746
46205856
174953869
282776039
3062567512
21814290
250236331
303873745
3997264936
3427013219
3394586152
3429060357
2348755776
3302039290
3658997537
3043767425
3730172595
3777207929
2490563346
3275064446
3973367511
1321294178
2592668547
4384699640
4308966501
2464096400
426366526
3664844961
1648525117
118800631
2881138156
4358154972
3434927849
358954167
616037523
228253809
1091850918
1580260531
1963492416
3613722613
884788459
167046571
1350160723
139934982
294809937
631349216
53452222
467900316
193481457
237952772
1030646598
152419772
3191777081
2433010478
1184618065
2790131586
3287759928
3831813436
253720439
196417609
56448327
2409832002
1393084334
15729923
49891542
459508368
196685507
3336082349
2802998092
2809132018
851920147
246408307
34725510
28145500
222657964
231915310
2288582016
2203466436
1336038090
2268008017
1735807406
223227445
542985921
561292606
2518702536
3601679841
3609079695
3431926468
1237281595
3890750543
3234105359
2951451153
3133685155
3016350411
3128539910
2171363766
1099755468
50363060
2773943041
3480000029
1735785961
271511567
160918650
466064931
61034669
1654274172
398716312
136750575
257954925
154650240
221126253
2821116165
3334747605
1060457144
983563003
2916599099
2751438719
1976701848
2349413126
2997079402
3026551066
457628961
633869088
121140184
830244343
133681320
466966076
2164887998
2331052747
2737965418
321784757
3503548576
358293871
2958288411
3431015728
720238990
1365540199
2238559843
3712934056
2850294364
523619088
3157772387
3516921376
299476423
2175457854
792529248
2472029968
203651402
227677577
1913920717
922399651
407898482
3294282713
2445809510
569487472
1225718160
290195775
2824499937
100881091
889416523
3029684459
489271454
614629039
3257215187
737125734
1428512058
3420292887
564631124
768365852
1629183134
35869103
270452854
3677195795
3680044701
460774434
399888932
3262164197
240754635
206764331
1075537734
291367030
254275716
309819192
294329339
465890294
574098338
893500772
1373852257
1048903939
2510993611
14169859
2309931002
193045830
1090573598
3404319041
465855867
2490484308
261568800
3425585703
394360111
329408325
235689194
344404444
518245069
1466417197
176467344
3617937736
282758049
2455585844
445645708
324994931
378197959
1594970798
1243839072
1362903583
1952196200
2309935274
3412290947
145781550
1586899802
562343909
101576366
132547612
2295199358
3097872495
3066102562
2921757154
2309685955
1856639839
93249521
14126884
3367907092
3303219227
19313563
1634782734
292257737
188077169
249706277
434639035
871787401
1467918776
2859933355
99540555
2307323898
258945965
204839180
359623534
836088878
598382932
2395433506
3106154505
1275326904
1587830665
1583601955
1026840158
778564176
3196292541
633728482
563350368
143860873
329840383
3363471059
214977276
3386480145
2866366959
3290291061
2967151703
2350663003
337726224
3309621833
3290787094
3254826431
3130168378
3364940949
2968420833
3387295810
1486038062
1454655398
187796397
296252209
2294964236
781988934
2726207725
513001037
3051163114
201572956
576419542
599690086
39344374
50393960
25073877
300518361
3246093908
2808162341
217847294
2790532758
1057013814
2513411723
1003023973
461222642
1543891374
206832870
603853370
527123593
2777493184
207333818
1848569418
317452641
3044914493
3161560086
92362151
2595639968
516792616
266815959
3024348717
2411790656
2581392690
115237915
1408613234
130167937
96789803
325608584
322848841
212005903
317783903
3233738874
123057032
3013268002
2596555220
287383738
2806505887
2779012962
1623656856
608406066
632813882
2993345103
45901059
1965740845
3110658315
2849230658
709220414
2861128005
2322777268
1243935007
60661915
1462635949
349318125
800267335
2295833935
1517957749
126217335
2739495298
2654285206
1098279542
521661460
3035326566
479034274
1037252395
157463644
2794795291
2403286753
2408417785
2996872425
2969174417
2869388972
564967437
535758947
321446457
21787625
170330487
84160791
1696787707
2393423492
1390461720
3081748370
572042675
634326795
616657512
270677700
421405547
188883045
1961383376
1894630736
258002397
2548950114
2179293884
519625577
527801167
122703599
177820952
138129351
612791811
1670726059
459228986
1638784940
790210897
543697558
189628123
366425921
30737533
229949978
194299788
199318813
243703742
217493607
390879406
1321399249
185962033
2845324455
2767366021
234990169
606349760
347627418
1406262480
248563144
981381414
220064543
1910061199
396883119
2778544642
205392676
334735101
270208933
565917648
177494164
349907798
142066564
373073417
2981426241
2695073968
2751120052
2398666688
418962017
2196345865
2466276743
305086025
334299056
921610442
279019812
1019963142
194146830
232300093
1415805876
2932365209
2422827121
552174888
856689222
337068921
418822110
2842752180
2610578690
1965539497
1105408003
584290563
1687345812
18510558
174361486
197095948
2395303986
257124928
558486062
323985445
519758507
2315445178
1328399822
1922414516
1009569722
58603510
297634830
1222527320
1668749522
2250952938
635592242
480063218
1876946234
1578971683
57725015
283814843
179710340
2718395036
2722859144
2740442613
2707516892
165942024
25102250
275337714
2800251411
310571497
150730898
114648454
728790884
2838526384
2254432934
2773385522
516830480
2510882770
330406676
2296963684
624316387
215395361
64643056
633859370
575640733
1362148136
2279193738
348725063
2696318184
163217332
1892348114
150646232
2204920100
2521455625
2310657629
2226857324
120229468
1568629292
1415978227
129973351
327658894
977593712
214807647
525662521
1458425568
436090011
557214783
718905499
197213407
28474662
145388954
512416965
1837312388
2530159076
348112681
2374747808
718154329
138554627
193811318
104974333
954427026
372304934
36928426
46130880
54005749
270198055
105491152
531442877
82256236
59154532
337504568
930567708
1872081656
1826813347
2097571
15108530
375741199
131574396
2182315310
2153774120
335455570
100731315
1252764865
64839766
138814032
209780362
939367022
807870157
56455194
2645712462
1083845100
94012853
2640541074
982896200
749381863
335055910
92627943
2254238180
2590238058
1293895886
42642060
2413340900
355010997
562474258
122072931
1567368024
217662507
122846670
408967420
308873904
485908780
183511621
473123904
355556650
492412104
7578352
2349621805
284031928
2612171913
345585866
242338920
133184048
2577428022
2254246614
581483392
159175408
14369839
169627734
227466451
234073830
133033034
814024394
996218310
1470085705
582289288
868030016
833499235
125452967
134165219
549552045
1390106527
114570540
133051204
476875939
886966891
56716207
560743045
365860744
96039232
280701704
58531272
586671909
2568165201
142295586
142296675
627673190
41147159
140070953
219683269
138372303
2194926041
1205123202
1602218341
1926869120
801736166
101788047
577202165
223838707
399096866
539501831
2548816202
234024077
1858760508
556152909
254114111
1945191980
183661586
1249901666
1537366034
188103460
214906550
2409683900
307607918
80180740
272091789
318650539
334742763
842267617
2817461
523301243
1141408766
111803902
1137960103
2803191
74286565
243381107
382267114
15670515
40148479
783214
56505125
2459371
31311757
1581203119
232237571
54688421
330021348
378878826
334349274
939814352
897481910
733281914
2300039929
2316201872
288405888
262882998
223304073
2462356590
369198132
347956997
1353240355
1340243468
1217357004
380569832
1205862511
68849943
409348864
119480969
195358926
170069351
134671641
454132312
519623387
126760901
1242091075
2204876183
357998982
23617610
32959253
25365536
2334331363
293597186
207507776
303941159
368569541
326344160
140922305
410163657
239471147
319296983
138099903
381140429
355620207
381766129
81691066
167046714
360081950
347370590
327525956
296239551
566052751
61010640
586719909
2298761844
163223825
2478781111
94113028
1014384037
262389559
224490187
150788409
1581184723
1326103622
935519947
2398180362
824196282
998046318
188406736
234030105
502715864
703978262
1619569820
111735201
154565337
135277905
288528334
265727516
370872990
602864167
577500814
1523559925
193463372
36888369
631376315
267123903
1146477199
555264023
1408906003
65339407
1421710596
39024033
21951568
305005228
462920041
618420295
213745334
1606661503
230845588
152987149
215996236
230567975
543533194
426738834
142204481
480782173
183387449
158487331
29479000
1602583172
177475311
199315068
813286
1564187400
201271300
250240513
203626322
2190661370
1142443465
146352953
318072677
2245976923
126654457
243261133
66436490
287377727
63796828
142758462
333498071
290580124
537617976
2189068069
962893891
250283992
71864365
122562817
557888068
940385450
119392416
1712769492
210928430
1514658840
1099459986
136124393
250864362
860007374
315585961
614124315
547276779
407072617
307057111
1666433977
1669265257
948148866
244619538
280163860
141867164
619662940
543578264
594203973
1042158368
534621259
349990729
550563310
957739490
430699713
338145734
140602188
124828012
1668240768
896957006
96068590
314063248
1179431964
609124465
32675105
1461331994
1610285629
1016062524
396076900
341431444
226316223
263866627
1050960636
376025702
1209567835
20824583
619663295
358450312
166084532
1354529682
1205867544
180505807
634283263
1343533700
183502853
1418268296
91478624
1414649066
1437200574
17484459
46527223
1397774090
199492223
311867995
1431310616
212924024
87805054
307555784
987234372
226957094
627866229
935388025
602406088
1132256377
1069259251
46182224
53281662
544456737
1400085163
474316920
1278088178
573266878
1318740668
108146158
387247116
158599696
42767135
1014115764
402229531
523935255
1025797778
392247543
173203892
128271159
366733004
301008585
155461258
406744818
703469400
1278917156
80864571
112205782
556944013
36483808
266886055
1006755072
1160861706
170445041
1281272324
605086060
127873874
153125071
552137146
240974204
183496700
138562940
261505824
305583022
197041714
177176161
177176161
701966462
153686381
884556398
771955592
606627246
168245199
1265303460
448605792
130613344
277359012
285851484
1078505408
143997360
406746729
862416871
419903608
195914313
1149322308
571610859
797357263
193041317
610449351
485207048
240859258
16399647
111223192
529795547
635912759
259612451
161169499
626629233
373539722
322285559
450772751
800997024
391127403
224722851
853052360
177447826
232761534
131291522
1053639320
87531731
190478654
179589728
221564402
220946596
211063347
292734922
239988268
700368678
573808532
278718133
306464058
546410320
132603914
700125474
146173380
827168588
30412016
208272059
243711677
358819966
427708740
834929244
58535652
191949347
191464871
467974315
924699722
18661588
201107952
251922978
238245877
170411017
165936477
248877722
168530002
128319313
743593404
859632097
525264466
252600272
383355578
612718570
344233099
331242688
422094214
270399191
63022056
747844206
219512910
591180587
965607762
615452497
229543890
405892168
380957466
255067662
516903501
142807591
251887080
434506517
298027535
332160974
381144338
519585000
212388325
744536378
939953419
563402187
818748138
151174997
199475965
111459200
594658330
174319969
794868138
425577085
473347939
820068295
108693037
183002583
615302418
147305408
516602802
974338321
5988062
471320631
17316914
812333808
947217853
409594784
234043665
915170798
926769464
300390462
230538088
250980763
635793343
910717387
282403669
219012622
531655941
710029603
161775175
189397304
447140986
313757021
121615397
129280923
74042781
279255958
159547415
158196460
215439713
189534066
390220919
32573359
759251
355809231
241183704
16983240
1652541
22952132
211885803
707096592
187409570
298913248
5520952
489002307
192032708
16698503
494304369
227365681
581208760
264602585
374794477
227233892
521928949
49656221
9825392
297169759
26649051
481472782
549670688
304335477
485222481
315314306
82251250
323349181
336659594
176832220
144373930
14240557
382254928
605562289
51581070
205542531
454082876
211270830
382469423
48872070
256038088
202282454
485819951
527060141
314245489
62151592
40058173
314674434
143062632
118161896
548111239
82064606
177673199
186179416
419720657
176606392
467527154
85642850
122122349
19130751
133866426
164702177
49875455
270996589
411059302
219073294
211374036
15170085
133803458
236967489
300588490
470311554
254274083
85603854
263716992
48195363
450134217
191674162
138590816
168687634
400760096
437974400
246393171
16980977
38038211
199788212
264904132
100540784
234252659
309154970
338978651
464028125
361343242
408803166
370116603
461963076
412446538
244730854
64051613
238420095
237947631
327643216
294880779
320337692
220054110
133505010
9676152
396620600
222525189
119051398
73418367
94117375
423675021
207790300
163458148
141220251
200752144
36987694
313971415
97187308
106748209
42934099
14131762
423687083
19078290
111156750
428723351
399267532
206305310
85560415
119383183
178204132
130948068
13058232
12925072
283766428
174046123
209087371
357806852
10228272
44436088
103469452
201343747
403609165
344173937
360249204
369779016
402949849
349947536
12403412
56634176
12416472
174496334
229620521
18717943
202992921
258395529
83518253
258881063
229633969
380547857
244679608
358247229
221394758
203307919
40924038
361539175
244136790
388308535
357950187
203292601
184603665
66796893
227114895
111060481
35047698
250186024
194327389
211682243
130122646
57333011
174734513
39203045
197273436
232212010
312056902
342498584
240422474
182431667
369163748
69959412
369598512
96775186
235190946
54179670
172818389
341864146
47132215
97979210
257068100
232189800
215728825
132056952
157205699
83972205
258141783
346796877
338375984
314694640
213828114
140275723
169888814
15648827
85426644
132789236
184457107
92670884
256627221
271933511
145326632
131379635
305139140
236983585
314599055
89303321
273692315
24748345
24776620
281129446
289465214
186471345
111416958
177341382
121314842
173688432
198644531
112757144
112760608
40977283
69209433
220398280
203401028
170895870
21425125
133945128
225054586
256747696
222231985
206876101
86326385
51254405
95953000
186691270
78465034
274259338
193566592
268474752
217843851
142940874
184628775
162228597
110042643
15964377
234893497
105186569
297630380
67388997
260463654
67665104
67634114
220793233
128637475
49133906
332452750
89563373
140158873
42479903
111157576
58813551
14333756
75327647
61844201
47384568
24961728
213816876
264684738
45335503
202934318
14436030
212237670
199562150
34746971
132023200
74332190
323549388
46919513
255717245
155549968
32745368
32420070
151635175
45580261
77792947
133473565
31290887
313587802
155258581
67165681
46056529
172192770
222344324
261360866
150517593
207725775
132679073
244246623
316135649
219129125
139406894
165167691
114592551
139388858
166549341
246507155
115516167
8225692
167391967
212968729
108716880
140811437
55033131
138904738
299953122
39692424
24291858
240733743
226150411
19343904
228609209
23976386
62382072
208587629
208459466
212995328
135322428
278807728
218046836
185305650
107485789
135946009
15677036
29611918
135368352
248497238
97513349
91390383
142482558
86374475
286959330
305085584
198666634
32562445
218626985
171921353
234112483
226454865
214086191
285332860
49355198
222344995
135009793
218349134
58345907
275620131
206316951
197869748
158732968
138119908
103474925
39652411
143861585
172471470
287960323
85651001
82732938
36490059
107758883
43152482
223537733
176908617
84219696
183764200
52544504
203093566
231791638
231637184
56039780
95217117
161824863
128937967
102672582
273245400
171306647
149159465
111093177
72307032
123594658
185658756
18738862
37717733
175923047
140960194
192378571
125492611
15095537
90836187
224223563
189173224
212778080
182852488
110799221
106327655
114582201
249699411
33696758
140270876
171944122
35013719
73437173
165111862
72325179
136007061
138955158
15336827
183307747
161060476
163959957
179986481
151046032
9734612
175206158
221790507
137034509
165616919
101895924
98708202
130987229
167178940
30111925
164400665
33884545
243304981
134273521
140513962
183075311
195048109
189589792
197103059
221371507
231174163
68818413
112764971
147020852
254577774
