977593712
4853687351
104318618
263702819
161834182
159547415
485972717
3421357223
186557332
23415676
185658756
135025800
537617976
2601559267
256747696
203093566
64244685
2872344419
12512092
2168689572
164879176
156520004
168237661
239427167
2171724707
129973351
2891670216
804972570
2845819242
1072479086
83423514
295813092
2809552054
1241681971
2387935868
27727304
188965922
1380962948
188573736
76753307
2252695153
57333011
173639838
2694244046
37065253
2598071755
336785711
261620277
2381396202
227051055
223622113
263393738
196606425
138896260
175267660
262882998
582093135
200883526
573266878
1500087655
349265440
163300602
1228312916
224662872
2153783737
182225130
516830480
202589958
214244250
254861905
615356660
231463914
128242439
175437503
390220919
525264466
532576206
23332003
242860045
1430917141
144747402
28046022
93646686
215996236
212785315
202708065
1080035911
266801190
327692638
381658464
167420090
561742590
359194660
149149234
752264683
190689167
195839897
267939026
226428211
345053613
939367022
258642148
176431526
55220837
164060966
104354030
241317281
275306366
78060290
271137645
282286269
263472252
202714782
17665633
23998793
201343747
222344995
284176296
101895924
244246623
8225692
167178940
305085584
72325179
