399212496
1436821921
738832887349444609
2926884477
803291118
1728306902
3320015310
163202520
3331844343
209334436
2809635412
1609601335
377491075
152687357
3014193796
1148314418
171604061
220425262
123933768
739323186031038464
628789493
806237214799761408
2456586844
264945250
979457154
62607913
814842002261086209
217615178
858342738
261898576
1640533620
296239551
737145697514856448
398468520
2765456688
2545322064
217493607
228193683
319981198
398306220
22324918
711536423732584448
1563291570
4340900054
600732907
2762868178
1048167620
259610490
808672462414168064
2430550105
4771154965
4353057267
2411683034
147328681
4918363617
1454640973
1594674524
175746444
535723576
2236879394
307005288
169224852
3233055882
206236757
730586360801820672
508248450
239625459
809129924288217088
69572573
2446524800
2871382149
810470549486968836
743544981919391745
323243704
815685824
333498071
520024203
1131580350
362489050
122309729
736928064
3176736899
185592586
103550181
793393553967816704
155629354
812333808
327658894
291367030
148759599
217588362
1078505408
33533461
92592463
176175208
467118591
796568660437561344
4367264243
586046914
216416096
1059415213
67681658
42067758
808472318414622720
4871494019
2393423492
259757640
807296317454241792
222344995
492820762
729916424060178432
728998798228250624
337208191
715411575302189057
382182301
4452641861
1648562946
729922059086663680
84778025
797286146908819456
2242784143
2741442850
301729651
233004841
605756137
182917628
2931788307
1443927378
128668346
796902046616039425
2651543587
22641054
2157636894
2727452301
148996782
407094254
777239902131924992
1089641996
358497150
1164231169
977593712
134123412
2251797031
407657820
803940978793005056
71835823
4440347241
144528593
3312496289
432968501
3003668909
4160600639
184584040
179347126
242533642
752644041041260545
3828568155
708436033956945920
328053243
801490451274534912
438000926
232163874
165616919
36490059
774989805943873536
60614921
3344482360
718823076457275392
4102873216
202779862
246839553
232237571
209110979
353194464
501440873
190689167
167403465
754233712796168193
376381938
2735242290
202262990
619630256
270094320
294237892
259917098
762504106321645570
4923016372
818069677
200955793
25388180
151485865
137974619
559994645
221958540
234553767
799090411490971648
128902284
236216260
798532588776333312
919249074
390879406
1058836723
519625577
155051881
275620131
315909472
197273436
233792812
703580100
1610285629
577103545
145739854
145575661
1473962766
558486062
208272059
201271300
313757021
222513287
175156325
250912862
173688432
183075311
148590159
63158225
164715111
220946596
134937118
205364510
241183704
344129966
132731579
780925661221445632
428958919
2876700803
3245988527
116270039
274258937
237919313
212242513
2738106305
2868151180
2770428693
758304485236150281
733035908014956544
1106952186
437637202
204522860
1438917361
776420266842796032
428751222
1747597357
424092168
868720003
600984917
21708948
1613576330
752970257954803712
1007366227
791409637522300928
264334503
219813249
294170892
247878386
288921861
302177532
584162460
392815613
15931574
121280006
78519830
757645365764055040
795348753070878720
586918883
260363081
189697783
153190743
295745160
3535009335
3045037623
3045037623
3968898615
170028840
391835493
259904094
403032300
260421063
71036272
1318721144
141943866
1609077055
3069186255
622523591
130393835
16667912
2788217354
181261048
2829132507
116860956
4371832156
4371832156
759346102009229312
763959952423563264
732907641396158464
779029130155290624
537617976
3699963801
147558869
2369178841
2817622794
809543707
4167031443
2770392799
3386153536
783904126979543040
1575039222
1575153708
2409683900
4926773327
315377387
782880616400445440
135697779
4908080265
428373370
1319367937
471641420
267773175
171594066
362672767
138955158
577455560
769631294
2889910785
1658641988
774654966254501888
775734772480020480
2521042969
720828415
190358265
3688426754
770983419832627200
765761303608713216
55645517
58535652
723046613334167557
712971393399451648
1461156414
706886691739594752
240859258
96039232
315585961
361343242
2763499153
3221307045
3387667859
1454789041
1922371657
758031967619350528
154557577
153699126
225764935
2736840795
339860582
142061797
468586302
195532488
1191698119
325775822
2432684641
111429630
3423924515
512044988
192813731
378253705
173552259
711027341972152320
142030061
2455821468
1011899672
388233266
110031486
2453714090
71401428
59822518
839886384
85603854
44409004
40255499
47288005
43152482
17549677
3312739686
1191830809
490516017
143924206
166266468
250890704
707642021587107841
735828166338617344
3302033626
302833710
166501881
431204496
488385422
745634052
545469601
243703742
280333104
733005933438197760
21104432
88723966
85426644
2249235943
388550842
586652870
208142856
3390110458
742881890
346205836
3001620407
40885722
203292601
259754366
1931716022
726935421393997825
2668625109
2337130332
1071624907
472460889
4844648411
4891892190
473123904
3316102451
1551251448
2784434396
703173646596964352
3132036658
72325179
289952228
269862460
163978358
198960193
314625513
202782111
203093566
409594784
244136790
3048158901
2791027341
347441239
4788096435
144866342
704308737973035008
2901067344
3302836848
1080560454
1047055194
2207966971
6135622
45089597
47384568
101895924
572522083
149325619
213793914
4805375565
34910262
304526698
342560704
23497233
127928308
2713480393
708874323856105472
173820856
709780170769457152
3294282713
242157546
342989449
957739490
142482238
714532524131794946
32673712
908936562
4229378601
711453858174664704
3146715326
3287275862
700535655609163776
240754635
556152909
51496921
750444343
4748612777
126217335
1902653096
143860873
56716207
22411342
1396544053
2422557943
1380690290
4871520989
30056489
74804627
21615873
206031164
274117606
112494332
299699708
1909355450
45872093
17218799
267287022
1642847442
1603776331
48484950
828239120
4872450137
41420585
112384861
343070265
41132380
435882815
250669009
306311289
704509856456114176
701748190446374912
776910906
221164008
388313426
949897206
220983975
4114641435
100731315
3293258259
4891941448
705032109245767680
704750908685492224
704436676463075328
150470216
251278445
39152236
184664175
2495716386
3063048622
29159687
420014853
252884601
539501831
1399969483
347956997
454132312
317783903
3314101508
3237221846
704368005107609600
3141376806
355620207
234161597
308842322
3612946574
3957233533
2976229720
2816436947
545497664
378197959
758125280
170895870
14369839
153447983
303941159
183661586
184457107
224898965
3298802431
128937967
274119641
214807647
201343747
492399548
10228272
388396381
23518723
2367911
175825033
56783491
18129528
21111883
244246623
151046032
222525189
355809231
179729618
175114792
268414482
23375688
57016932
563350368
185837232
2379366141
751891178
3525023416
186471345
466966076
51254405
1674173154
167391967
197932909
20710809
111157576
2963383529
246507155
256635667
3892009840
604988212
264153788
487118986
424279300
1098279542
55168478
355592224
25743813
318116924
294485766
2551000568
1159921734
2345432461
3321547904
2796247106
561347896
4135320434
1078030825
4719161874
2708065704
295175393
215996236
2979794981
79939248
443606843
228044683
219386391
59714229
312230865
3151936118
237634998
2584704509
132547612
345811633
3217404384
1372939538
4691736126
974878770
701572117993799683
438778593
330021348
2806505887
2976857411
406529524
89360665
4287816559
4115310493
327499066
64944344
69101907
186557332
15815700
204840311
72340754
67634114
72344805
161775175
382469423
129973351
406744818
1721812080
2741867721
14333756
57333011
234893497
3305730549
251887080
4871058928
397632308
262882998
202282454
150008859
175437503
4870996703
231463914
185658756
525264466
85772748
159547415
67665104
33884545
363905797
410203574
97513349
15279429
167178940
218626985
239471147
248877722
8225692
140513962
95217117
212005903
348379865
56039780
112757144
319296983
63369209
72568426
24776620
35047698
326944005
274259338
155549968
60054156
192378571
167046714
24748345
25170188
884556398
237468867
140922305
140960194
195048109
150646232
256747696
326359913
109702885
15693493
16145224
23544596
586198217
20177423
428333
807095
15846407
436266454
17308994
5392522
14353392
17919972
136361303
293850289
15485441
27260086
427475002
17544803
90420314
6480682
31080039
30278532
28164096
1367531
1652541
17086831
19927627
19927627
62513246
14230524
49061402
47459700
29730065
1434251
43192807
18948541
21447363
