1683568303
872638494
200163448
1884745656
1244237954
813788388
377573929
365056460
326290925
2259641597
1248626912
545582463
715987516
1569328898
2388908328
283486661
16050310
2382413366
1951639321
614417054
123974513
2950363109
339738793
444002414
398820692
102810745
2937273352
56562949
2483165990
1446510648
3105035149
2699225942
241079043
2414978094
731796757
198673958
599612543
1948627452
1468395541
2820697366
171959794
3244480661
316476860
89007058
2357207750
113810681
867087595
223604907
14770634
447939845
177682419
2914674411
865193563
2840610635
14313180
30409023
71096340
1927116278
139458221
238310760
546926697
137231117
3502107555
614024370
628333387
290022834
2254378015
2829147209
137196451
3295562812
352781988
3562706717
824334378
1167754296
3401731887
15884232
45499590
1330457336
119234210
1536791610
1093090866
1339835893
206309959
50393960
813286
47270007
202014976
13345232
330210471
311164250
797319410
56493083
115077998
378340537
1603193905
3393984393
48036557
125812215
2864680413
132917454
491940203
866676930
18045145
2186725470
1671490608
59870776
177254165
1182947544
2343699072
117723812
300382146
291164987
135620256
107758406
362494981
409322936
149211275
68874388
1255465759
172472403
1004556216
175029687
86779821
79775653
763773696
1483734356
219019498
197057450
80315678
2188911937
18988524
260306257
17610785
242672273
273855781
526181460
310149342
247043181
2380191342
15234657
479825954
2207263652
608409704
2521042969
29758446
14922225
266222190
56410814
3111604584
2887583279
538350798
3196214632
2926228137
1126242084
3063758471
3075731974
1653329659
3058769561
1902374803
228811688
1534584325
84725346
1499891282
1626404671
133945128
66214812
82790893
72627916
2169453558
284657089
2248016527
2267711900
257552639
7641802
195147769
1723620361
235306983
3245158889
2600705119
2460684770
133262921
59266064
36176792
17351972
19923144
5885732
198975780
634098415
182218386
708106117
1305277916
402441299
1363032756
1462429746
239656442
137890237
2354187805
3181922547
3249635013
2918510561
1003504944
103550181
59283983
3239090878
130823503
575716990
1924960158
552826945
334376262
124490134
363137718
287824092
2283755126
48848204
3009596267
2971651691
408431233
1029710790
3005600175
53778621
49247187
26125697
2248966195
158005054
72273930
47206194
1565124373
37914266
70948915
1068782390
57639153
54275720
49941405
349988442
234520540
22611082
35458551
77293452
18750157
109973880
202222127
51086473
22317367
62098165
200666309
1357694419
58871589
124587104
73517704
67143977
49695692
28427870
201718078
110568727
256772280
275520682
262889270
716711347
718032024
15141406
774196068
1449578268
915579558
23829268
40895948
33697419
15670515
74286565
10671602
34442404
16029802
976501
28215119
18694376
19653892
45654004
29009790
299331148
1426996016
917974866
2876565310
2202791822
2848146212
461922813
602195396
163395883
53147055
348379865
326359913
44084633
60659498
142286725
18481641
327616807
9313612
18783973
38477528
1433434212
25155195
256206070
15632631
23477357
123681659
2202577950
2419563702
216717296
1004115162
1970072180
383685824
1382659164
2978464480
48591465
10228272
2847925309
137367965
77657040
2491286766
190420307
1651075988
221474547
747088176
292040556
52169920
581310597
68514004
90558638
414849184
34140316
17485118
200267797
95903808
15007299
253100083
61797871
296346600
75915941
406554062
1859824981
600271273
2693594072
2579122944
73338748
178202885
124172948
118941260
177656790
6015212
23976386
45788610
205784112
31369541
622366561
74426491
1348197961
19520983
67736078
21568477
14700182
15012693
1258919365
20696985
19388771
25524289
23122371
500010484
47982751
66736384
131221376
73365668
68448205
116920494
8159472
155705264
789605024
627673190
138372303
210827431
168930666
59242308
140070953
280096197
64491482
343627165
465548104
1250452015
34464376
102482331
42434332
24343698
20940081
168821537
18625669
130151627
22838300
361594753
24693705
134234000
2839663945
264471307
53147106
59399268
34914032
17019152
35727881
28987332
21787625
1596318697
40101400
37598043
18022904
32802564
44670915
13837292
217234414
25487201
288804720
33893706
61294748
154681028
52496551
1160690125
145459615
195443074
49457156
38164846
68756076
286525390
69534677
18936161
54343442
59394230
142254821
188018043
138388408
219294551
243175199
136005512
230567975
103821088
122615163
145684236
122394817
129754202
142256733
153115863
141326478
138075737
247070968
146509611
196838458
153862445
394083728
389438626
255804181
370765440
296235573
404097912
399681579
310250796
341639219
350118701
365518627
280518595
330086731
418660916
397355033
314886045
407632095
360668525
251796585
365591085
835230594
543582873
607961459
950341134
749570539
467490909
553655895
1058342240
550202880
978688232
512493959
569138069
620034505
498957281
465811969
477799117
1136676000
550811350
595719169
475671755
1288933381
2491702663
2305714605
1927577275
1560098432
2155215398
2463145584
1964571728
1205123202
1269913086
2550652224
1500752648
1252464876
2506947680
2541999628
1419276193
2528536557
2497039255
2331618114
2463398424
142296675
46423291
24742040
18742444
290097288
105219620
27042513
1455758299
110802240
168789715
2316176221
249418443
86385288
304130838
1278480932
1119410306
140527524
964164133
2375917339
896283746
96839987
773069256
119468821
594217897
39348813
17067902
129925587
90015241
133419072
519488573
76262666
529470770
1531425368
705673525
110735558
78377317
83764876
33394357
166865552
33704953
73275893
465208501
17593694
36117822
38897170
15809249
2459371
382267114
20545055
1283474460
62768625
19154824
180505807
403525941
288450666
184910040
163743554
101853683
216082206
15687962
19393516
377359267
69542069
90652295
55033131
829378213
103086741
109517430
36325007
93786207
14872237
479782027
154309619
142685421
55933160
38515708
108697143
31227280
203310071
22646153
231277847
140471392
40977283
47132215
260265447
15937275
101946951
17927221
20038725
223335618
314007586
21008297
101877290
41147159
213323573
26649051
415859364
44297016
23457682
34079504
113529739
29932637
69885451
393770674
29479000
112764971
65489923
142295586
47491330
18139619
33884545
