316568791
86432895
27650674
66395780
14219877
26007726
15676492
1227920058
17540485
26637884
18783973
19262614
16004470
28174342
14377563
22449367
38477528
20632796
21360280
2577531667
2845891428
802489514
199367795
2163301724
2874416620
2966970788
587034946
593588008
1360705950
240776797
728998798228250624
3093366364
714797451438333952
15256225
3092512761
90570778
122392884
552752296
136246515
19923144
305005228
20714308
278772434
55307545
96039232
330021348
248877722
8983712
63253045
2327359038
499584878
1674042260
2710946063
41207869
146357149
271017604
37818981
1427891330
21823306
26747046
215423552
82669742
18630243
71026122
18139619
15069555
26787673
34369690
106484211
1413770556
114604318
2368935048
571340577
211753887
236967368
236671056
42203973
374096347
1005890804
132625277
311304513
335034835
28602301
2563909904
2455821468
195947234
3187882024
88703900
206766655
2602158362
18091004
133448051
26589987
40104936
2330330082
18192214
783214
66381461
63796828
475903028
3372106840
244246623
32340023
21007030
337032606
3044688977
1638021792
37717733
138298681
120229468
16808626
74426491
1265260098
142296675
142295586
1726625022
1374634446
2936410292
23396106
2881981595
1246803019
28652197
200883526
198975780
2830195409
62830052
26580506
39360648
8159472
7563792
1470722864
88944305
41147159
360119645
480782173
337726224
52422878
234043665
480063218
58531272
40927173
614711667
138047260
1581203119
21870081
351263815
2689107552
2726872069
334599706
28370738
2601933036
23942688
1359609379
1952702353
2830767691
2718194575
344634424
112764971
29479000
222344995
155659213
195048109
140960194
236024779
10678292
169627734
105186569
138955158
156339495
445969923
28665877
260852470
158487331
230180841
27892854
27092557
444913649
214757909
573808532
17351972
219683269
703580100
61355746
532624008
44650655
161093510
1415791555
773069256
18552281
165699676
1292429666
132164944
126827931
394167511
1613095693
2227205689
1139001474
1663903196
604988212
226087776
17999274
296940415
843925650
93131556
102333942
41135906
1873303801
1337785291
313088853
2722739003
42869268
144435692
2285622972
884556398
2409683900
117713581
1245536275
284944250
87531731
1524800198
199788212
341864146
170895870
21915474
50883209
300114634
98533811
415859364
17049258
52818366
180733809
288333760
94166168
17158140
19980499
42220353
17329538
27618814
19782758
14857290
126142622
284003990
138372303
140070953
112757144
343627165
627673190
14872237
96951800
45884345
124259279
214576741
200295600
8225692
20209451
516874661
170028840
297596794
254207535
34924826
