599525093
253340062
45621423
821045162
14589119
1418478631
320090960
624685133
222782095
534461592
2864113516
2885817622
3405818445
288528334
725075389299707908
300392816
398002001
151014724
16743547
2864111705
259612451
42479903
198960193
36473904
1209756726
246015839
24776620
300390462
131301812
1528623006
268355151
4322611161
239938002
360682978
56502954
368569541
58535652
326344160
97003915
200140664
334299056
259780884
308576025
250729244
313587802
144866342
133880286
200163448
289442600
64843642
92617808
253755500
211635204
17629860
531655941
384153510
332790693
3302962535
224776674
407898482
119392416
14369839
166171874
374105572
2190475880
1470085705
2279193738
2494306278
1266127417
2897441
614785961
176728565
599690086
2734713482
10142762
174825461
3003850479
2186725470
91911493
236024779
296239551
381140429
1578082904
372385162
601321072
114261775
1243935007
337886919
303898270
240859258
2921757154
239196350
583967687
381766129
525264466
239471147
33407143
473347939
138129351
556152909
805670130
2710521499
198666634
48872070
409809017
2455821468
322843984
194327389
82985256
227466451
66803670
388313426
1328399822
361340131
219019984
126217335
539501831
2393423492
949897206
2932628217
1156020980
11348282
2493157548
46271480
2934593194
35958305
465890294
202782111
406657284
94962860
254114111
354508293
67665104
112757144
1450492483
28680673
38038211
309894107
236983585
198554964
134325892
99538320
187037214
728472848
62904042
1960912682
491953956
389076636
223838707
2693445744
143634891
293681698
718630003
2823106670
123057032
169627734
454132312
2830976871
549006648
93080377
491940203
133719889
2792139160
120369605
1436086542
305412456
177614127
119809383
1889000714
2416153591
256029246
317202049
1004231413
2778025407
916007904
873141498
205703978
66436490
40185041
1064039408
211357832
1426374667
1031631792
561538510
2266353458
219012622
1228252723
1071624907
151143472
207976895
195048109
59607748
563350368
105082141
177639025
134671641
71461029
277180205
167046714
119776110
154605679
159162810
173925293
298027535
812333808
47736553
161792834
327658894
256282505
261022029
269069240
863390526
269004439
251887080
80686338
410203574
203292601
626034718
236401550
51254405
856928641
214807647
119383183
182225130
1019963142
236975044
212780057
2250549666
275140097
279019812
743593404
140922305
1390512968
921519337
341864146
515869169
234447652
135030564
109431441
125226252
81526308
282768438
32745368
264492552
28058878
151046032
256747696
1090468340
155745396
9938852
119588510
70822545
91390383
77694285
1020047930
531425904
204406337
8225692
61359460
110213431
111157576
40445356
138314829
141666777
150326199
101018032
128136730
44415694
348614284
637379717
525381406
219860628
454243911
252653949
213816876
239575317
118840509
58927636
574991935
115170714
23457682
136372603
54450196
42916821
186557332
13450292
263915760
444944784
149978927
56435933
303941159
172996616
567683035
134899017
215996236
40621746
135368352
355276483
161829772
395429154
586111897
239685030
75083470
177701441
358317485
306510265
18248645
523813960
142373579
222499058
156545066
143258899
16721390
81722116
102872017
35094637
35804886
47719006
425155831
145251292
123569703
344972188
222525189
759251
237585749
450163900
172927345
455777169
34374505
130262203
122538741
86226854
42243417
102273207
80651703
193386305
185500110
72325179
106412640
105015429
315585961
96039232
101788047
248877722
378253705
126760901
241172920
186471345
132547612
268485186
224898965
164715111
171944122
184457107
244136790
175114792
183661586
237468867
175437503
59714229
192378571
203093566
63369209
202779862
140513962
150008859
178923222
326560587
133184048
126348890
243301589
278065615
205822561
212380599
210148155
246112803
198595684
293597186
246372950
269862460
202829724
258970849
199788212
212237670
351231087
270563992
235599881
197041714
170069351
222231985
207507776
410163657
392399310
468966495
171689836
8253692
221442560
202282454
300279484
18033062
14799862
15248067
13449812
17471979
61841037
25071402
334160288
222266138
288405888
179377091
216456847
14894721
319296983
164803945
130607485
26204785
79982342
265631324
11761292
8273632
43859592
58538830
109118967
14333756
118130288
419971210
254275716
351012677
163978358
314880170
13058232
12925072
219444016
193510225
161824863
398933451
119952385
61844201
70187344
74198943
153900887
50505691
101895924
144376833
138814032
47612389
17813487
68844197
8903612
94900238
67078807
193755669
381658464
84219696
211080752
368765497
27909036
26640415
121496727
16409683
77010454
154138706
56716207
144889418
81691066
78380296
206389403
170479559
30913899
95482484
236636515
130571043
134921442
129973351
235625906
222344995
244246623
161834182
107125043
147020852
220793233
43410786
62127693
70263333
64444249
38693792
31133017
15212604
49174591
217843851
167178940
70805914
113447726
146985042
102729125
65432405
71266682
161775175
128937967
209780362
74079542
71448442
102547399
47520424
175483420
174496334
55442303
57333011
73787690
97513349
70162012
134123412
82919497
218046836
276686461
198226950
23396100
83293736
133378387
259399132
34167216
114537339
103317882
62357774
153295172
26289080
64477046
69101907
81289637
64944344
57099808
24702915
24285686
24330946
90555613
85788068
57912874
34746971
31927467
86119466
28641033
24781999
15815700
56521114
95527199
5520952
46452468
813286
110827653
24929621
22952132
21447363
95217117
25410548
11740782
29840295
30412016
90773912
92670884
79218920
52551600
184865852
46527223
196586872
31239408
48371942
207867550
182852488
164060966
170895870
112760608
184993287
139934982
29036076
69168087
90436997
109333664
18222378
126408931
110783844
47717027
128242439
88681373
36307418
49133906
33831174
119979022
91024177
31926657
177019825
123031263
40334568
55033131
17549677
23605048
33440371
62232859
130974674
50751556
254274083
95715393
97952602
64919796
71114686
105270431
38871237
104974333
56039780
80869674
106987811
78377317
19309954
84018131
126102942
270005881
46130880
93050549
77512825
204840311
48360631
237314591
87808186
225834298
36483808
69121602
37251672
40527958
135740275
35920356
104976980
69333029
96187825
125257151
166005595
16629918
46508678
104490755
85603854
40924038
4101221
72344805
18868617
272706948
29753111
294827885
118800631
16721910
121779106
22090282
25103967
113656967
19795386
78989893
36837289
44399838
27943891
213654529
172864695
59900378
47288005
44409004
30040682
5494572
45580261
29749448
40255499
25215221
41221076
43152482
33884545
79327591
41673723
39565480
