749007565623791616
228181727
786072848196599810
319368527
783506527948857344
718198950432530432
2594426465
297039501
347315825
151724618
347657314
287690539
564266536
599612165
317526927
400191024
3092538322
2309931002
266715814
796453426813145088
243711677
1255473500
783323010379972610
2893282603
1716399918
758304485236150281
2188614522
729542263244771328
746132127566135296
3172371750
618153416
1263025638
362567877
67555066
262442542
117524881
1699709462
456202859
99003610
52269690
961710188
2563449414
774270417498288128
720646367253766144
212111351
703999603029450752
1227679220
206411217
567538455
352025471
137797181
308292708
987533102
3297853001
767853956324331521
319971739
755605427463815168
728353894829559810
714657803672141824
726973150106374144
976225080
782247401016979457
760334128881565696
3372106840
805670130
187521390
4046637797
175447500
214123335
763134726915981312
782319910248652800
615663234
770708380755320832
748279105
362672767
279244932
533573263
739401344705040388
257543836
447192743
3403443352
796861177
414248886
10497222
92993433
711918140901498880
2499142969
842050154
329408061
777864846658441216
141668270
372082549
3362595100
776865211454255104
2481881997
4879412476
625941354
1523829950
775203790421106689
269865036
240761326
766388628826226688
1553272675
773009535845986305
211682243
324724181
1182074978
2765333238
766484950963122176
344098702
334956270
1436801040
537604365
361147563
2449645080
1562038668
120229468
773017868573282304
612791811
221028846
3305597481
3241906959
18497357
2291609227
297584962
485207048
4854775888
751467271629860864
481397009
146229492
2840201530
3191341203
264307730
329327745
3740754315
343536899
3095797870
445661588
720786569792253952
3148113514
947217853
2436616012
3297278333
2946750887
1694146999
769255663436431360
769269257662259200
769258114893881344
767441369161949184
758729665271832576
767816524904136704
362777703
717702926916067328
3976726647
406744818
757650617288560640
2687979818
396909661
142834992
2331061
2331061
768652276781178880
755609168158023680
18020949
322583387
274583572
766665292344856576
3366830092
2984457897
3403339919
763381874274267136
53100611
240002071
19397213
120572052
745693614500634628
217885102
211645234
3164786085
722253479998304256
722253479998304256
748282301633667072
139556944
760934973708836864
371935942
1022904036
285522055
3059671564
63284897
4633299016
499157172
718092365412626432
517968664
738084144689844224
739365686481461248
718488324214812675
739390047619850240
739370509473828864
705821361
3028179340
714927542185144320
1096080812
231266322
757255843805102080
759187693846822912
913131817
847477093
1371366325
168778882
717124359832346624
14131762
386148590
17484459
25098482
99164748
102700680
3241944117
752959441817829376
4791905304
331942531
348650322
4362567316
1040289182
4704443675
242170324
2303551879
564014446
169517689
708852392910069761
718846800615051264
2604840877
43973342
14055186
1252755229
434554110
270604634
710600915682729984
757469910
4462452689
2302334768
4270808841
1009378164
328715511
121596781
748611603050938373
715205229164232704
3392692385
205050484
3318608633
246478115
130379059
702507754028703744
738586603510108160
1685754858
3101915513
30251777
144175253
252884601
2540737998
150896916
3387667859
131935861
10012122
713439462
2574048006
129715383
1033180393
3428356145
279796217
256615181
1041122592
1558777202
355908403
3021983997
479570199
410203574
375658752
20768778
3376806357
740248185969508357
2889289549
188426913
2769630675
2270033355
215995820
713837300485124097
358445205
282769820
3255327853
163202520
46485425
1895561515
108161318
1282606069
418328183
1008900673
2864113516
3098343767
857352056
2864111705
4928459086
2317166719
1102068404
967282766
3438065715
1537520216
249223177
732012180095311872
848138143
2664372110
470309048
69416519
470365227
132666134
169890456
470966767
470429146
552929456
470391175
470420401
467705144
3350034057
285417602
719959188156366849
174350872
1859269530
4704178461
720425044837593088
111955325
437372953
3584382016
723249276135059456
167153115
771953828
730742086744571904
3592319536
101489351
711036326
366152218
989164262
2826882997
4321270583
461487273
704713640738422785
1373852257
2882116913
279164028
509001226
224723280
247424485
2510993611
730137281902809088
2892901924
710229151622500354
2357702933
743416194
728440159159517184
3386671744
145781550
234887020
292146025
465225676
290006717
2209708702
117733506
468586302
161735807
327504937
303515760
4869962249
19375314
4714722856
188815376
32573359
2607645451
2598610682
955920972
52241413
104085872
57920116
2914219092
718125542
151519506
1484466666
456216017
1634782734
1689673904
1467918776
1444544448
73773476
2514211656
722892178083610625
4016262674
398370065
243695555
2915610363
2915711356
4495409535
534461592
3080767078
3429986631
279197521
856396950
722139204763918336
3294070552
2561438353
35011753
3005685221
49355198
722194243872301058
2214970306
239988268
430230120
475089887
572522083
34910262
632981847
706197669870497792
58813551
97292438
21017888
42519612
27015304
787843921
23332003
205930411
900245737
1098279542
4924681649
2949601827
203964709
343025081
198288505
142532674
2983502038
476199110
100731315
233762591
3278928829
247462556
304177402
3026528124
751891178
965424762
3391140177
557238227
2559889021
235676879
272106255
284206796
4906237913
557034344
224844529
718058926021984257
980135934
3262141767
38868753
570220648
90488103
205813968
208022818
716831672570920961
283257268
198723699
319131987
295667537
718049777196408832
212741581
868720003
3342723981
1390512968
388550842
3092686822
2869601399
1024132645
204198030
403461713
2635421045
447140986
289326126
121482054
16406372
113381896
146938985
3215124555
1570939789
103178626
309218361
80969766
2474328386
2751375887
583985171
234407771
336028105
318663242
1324816214
3239796675
710926190752735232
505086982
4820072873
1599221940
2840577527
2586832213
2330759190
24900072
2295085206
271593182
267459983
710484569380757504
1021140373
4759470355
4928285463
2178235484
328279886
735752209
257285247
3586374612
128593805
633006529
127034702
127034702
1018803464
3032826521
4372487908
445077766
1490958768
4030452559
4258351115
2944405234
3689366962
1372278084
308109844
363905797
17828368
487118986
32468665
400930544
56505125
340952203
2374389806
4748612777
4557563668
20536157
783214
353071717
882298878
365077246
470258321
192931186
3892009840
88723966
85426644
1511263122
24907913
3389552997
3438461800
2885952729
698690152730914816
2435472444
3816692735
333056540
2355408350
2847713738
705214414501363712
285742181
700839444937576448
4368917896
4925138553
3111704246
119768822
35407103
717014464
226318893
2942895437
705060713488883713
1454321378
4926271881
2770224457
2831007807
154312158
154312158
1448756144
2847429580
1570723766
3390110458
4853625328
2676326987
962744791
47421532
700417223555420160
4928300392
130613344
4898918817
4895147265
198743326
459418751
4595177251
2712143924
1696787707
4834135545
289462957
2987705703
118798342
2444760049
4173144515
1351960698
3222612240
775881565
202867788
817545324
500910920
1205442420
792526254
334147053
3375180899
715072278
848282568
2759897075
236535769
1009815036
184201007
4257223756
352317715
23009949
477444885
426963836
603168922
465855867
200883526
441538192
770570766
394705939
329610347
142933563
2519104458
2201975910
22730200
281049020
803428130
4324370608
2609807565
2988586395
4126700320
4161096838
205880741
4265838376
604106350
3154743334
2228960245
287682006
450900510
151607223
952396453
3939522257
3893688220
4034764557
472659363
3902393253
3972543635
4047287981
1488032101
582976740
937316113
564220207
3091948174
3399084581
3923539943
3237764615
3385234193
3698301196
3891308123
2555951508
3892798906
1061262301
3890374941
723296221
3949028543
3891639515
3881929156
3892578616
3901541901
3873540028
3885921453
278118353
2749495557
3899980647
3892506867
3660222375
2497755649
214243418
374107414
3245521703
343409948
433778031
3093239482
2741414943
1072667610
1428804114
84641536
3418854613
1500643411
210287150
1077659000
3424902521
575099907
3199505548
3402254056
1092684408
147963969
364911013
1904954928
3004236202
257715951
909430458
364519636
2572604277
186471345
524501029
284229861
151728082
248039885
1375601768
2454176677
177274459
3327894993
3349897889
294870132
3405888407
162032109
365706550
2602631350
547196912
166360837
438047258
2792209364
2547326396
3002282630
2210188214
194473077
38285804
3366154763
315008651
2872299597
3218548629
606582192
1945127204
2906952832
2361383022
3313969241
2396731321
349340391
2555511740
625593977
771544231
2191564322
2315686140
289232288
250955365
3308894488
1665666877
1658266424
2314801898
2745633727
329904023
406636175
221110848
3196292541
2427987539
46242122
347950488
1074268975
274110476
1077673004
3290434620
77519346
740886696
3389716299
150767837
16832889
14774307
766637929
778564176
308829304
337827909
342412960
3026998462
130977533
946686426
948636835
158377103
3320963007
167403465
3226758538
1665404540
363673636
3378856103
2604081976
2775374466
2768860224
2595366655
1638079633
250791576
3376635208
17153008
470976631
259823635
73750671
112990334
1423824241
114517834
145002309
2717844979
3266354072
3366502569
2905277926
928548776
223858277
3000589846
825246913
15588657
20609518
3006374061
165438247
2962946261
2951077745
1382334390
137246677
2666626820
1589871427
3166115521
264026930
3344941090
232437902
3331501941
2903009220
3345664349
356088263
821543684
286388173
2891556852
14123683
1337785291
344634424
2905279168
999357428
568723185
700611344
2998552953
561752998
2373475078
386021373
2867316249
195482826
625198511
1488415238
2798141128
1004127625
232260547
230809265
1075695758
1409055956
309154691
1682580750
1606433864
1646750426
1885053596
471640264
2398452096
3327366142
2806380650
946032374
2235039080
2298131306
123462602
129577181
785579016
202276931
205008466
227021934
185275171
93978346
36368015
2852791062
2798288803
522534891
69099918
1963874557
1702727335
1063420045
2299928371
150667231
964597956
174442576
220332032
586652870
216429192
366155125
136343754
170961836
571265864
100831240
755258424
2743667225
3107826033
43867397
150649182
1376758506
166501881
2802699399
209167384
609498210
2906763627
368035011
518077619
221545347
2746169640
853052360
171560250
1949278626
2279994613
122498057
197207602
21094140
2820738389
345820812
73134924
2981906608
298171089
228245400
1137217742
2657461782
1553991937
1068496506
2976459821
234601787
1365893088
1074715758
2582122125
284176296
340662376
302861062
3105349420
171516353
472170901
245350086
10142762
3155073455
2412818389
1608750924
237468867
3111951467
3122022023
3124762481
3125840998
334742763
2410734672
2817574470
236397982
807117630
2677533522
4101221
104023648
947979637
949908150
3017991508
1921549188
133477784
832378849
56463401
587053746
16215124
740870544
987108462
757864220
2570941956
469306882
2707795758
361961176
273008876
739355929
1285868653
76343863
464111611
150808659
368448362
1245272185
731813719
2780883291
1426097982
1322944117
228461047
378548324
259652180
264708272
166506135
338270365
126961455
330852405
3005553019
1378089271
803175710
870959046
1553122148
18143430
101303555
386993086
1967299272
3018448083
1336742078
2824688078
235554396
383617715
163925931
3018056853
277650990
2842080514
2784208652
1603842973
188597662
157723192
308217424
114767259
1640742642
325778264
273579747
927766975
175046554
312811940
1939099172
203279810
1037435760
1323838003
175076140
319817141
126955532
1180539462
2997540307
353384738
259729284
8534942
51066228
21095041
34071770
117438734
231770264
2993031611
4782841
2895065115
2782578508
971893741
34106711
2992596789
32419302
78014163
328042541
190423225
199389608
2847628697
989917766
2156012291
83013284
597980827
2184711425
353096793
797243125
741026473
275186721
115476363
300461333
382254928
487722171
2254303610
68519726
91166204
295973527
1132423177
2923903510
198960193
96417553
179729618
127005461
106450786
161705340
372955476
207260279
362721307
1050984931
226955746
2693445744
57070840
2349443243
2291278699
2905660678
2863941963
2770640939
189933428
369655245
376999893
52211407
389272371
207273450
2961470921
17934367
2328135656
609766607
2775843743
136745781
1411991016
975135464
522889289
404414557
1483600292
914648310
1966131655
1337155542
140922305
334299056
232237571
1328399822
202782532
277359012
1353307753
531425904
633746942
2212515707
188187332
2612801011
153855873
2967123723
2876511765
344993881
191624090
96174736
214963861
79924786
155764511
193305277
280214570
2736016824
169161540
316653360
621181482
1512281310
2198620296
1599461065
359547273
2864177614
389076636
374293127
473391768
308242645
131702167
136032726
213083837
1372939538
221956649
333691532
2911586964
505215299
129183590
1435693495
2881310541
1919825012
2149629182
2190823292
2463633308
2754914550
761538565
222249610
334062295
242946558
273692315
622432839
251922978
947957610
741479550
1316493420
155285107
2444109793
248400397
747607848
235292814
1190091978
607363974
1613585995
177737879
880951183
190790312
2810523186
262774257
175799898
162167038
247426981
2915980095
199393128
177770335
2527709173
2722973846
540209885
297431853
937675484
89849391
291220589
119881872
45013575
115148628
35726000
104927840
15973392
158789163
132547612
524660800
14369839
996092484
2889132674
221945055
78058738
261509457
991910256
2860925991
2860925991
1273130221
434226913
237347842
1479869312
313182392
1308677785
562779364
389357953
491524723
226640360
2538318739
169556156
705564165
455181005
437639131
254466197
203156368
260374681
1852253486
381864831
1888306867
251692463
2828353058
2874640185
278682576
2752257155
518598286
2907004096
418916815
763919366
2873789865
787327082
1226388188
6301442
253395986
485972717
256542762
155398769
250708754
2341384747
222589365
451016747
1247454704
2411851340
2286145086
904052526
2169646539
198600233
556952983
1447582356
1546058732
263719893
1278515923
2726905126
745990098
2649360978
450838615
1245217014
598728521
857041194
2239053357
238215533
1242192223
2826713635
2887491677
2890845345
1564144663
370670065
61521298
192441364
394770878
539698392
563360831
302145409
174711806
222900903
110762581
397667460
431766756
808756848
1427466960
501956236
312148756
625761674
256614421
1924926715
143183970
358946525
87843437
223900991
128232856
866590218
1023105708
197665479
372580136
2416382930
313025170
432100814
575159133
307571286
304213148
2706678187
332622383
2695980324
303898270
377573929
308576025
342231977
213715038
174025074
250236331
66780587
388330181
1083845100
731296896
235757188
164037979
10445812
32434292
1362945866
632156439
1358190091
735778080
2750630115
157744888
1056314622
296998356
424554009
457203692
352659817
67372101
719243154
41197843
409563511
39546194
2860727164
130035019
2824185969
271992884
56705937
352473288
851357874
345527663
846741176
265028101
1921834262
1179431964
257068100
407072617
183502853
222344324
529795547
132789236
226957094
150788409
1250120010
14834302
65654004
2436028002
2436028002
2795203509
257729718
216385780
236872543
2354586135
2559904411
1066655672
60661915
290401936
424274022
157555850
625027469
272070604
2800251411
2231753403
2190436574
305337293
1733077015
455292988
1237240099
396168767
2253543556
1618072410
132068004
575195877
80688967
5501952
376449521
197076427
477081320
2820027053
2821005015
1684797068
151046032
59714229
164715111
87531731
381144338
133681320
466966076
1671358760
1120674620
1344359197
2816119311
279876160
266263044
727487286
230241653
2755544714
2478651120
248951046
135521289
1031305242
2341412985
204371490
2792440888
1948338206
1027036710
2595318660
36335110
2760372951
2494825614
1383690948
1931451756
1283748360
176575642
67178604
2600685648
82222725
241747759
2289951468
1382038284
280800816
264946500
297542372
549435714
553956211
286887979
81923938
426718210
240712581
2377339868
133025493
252537752
2385461899
2717489170
1964898074
2762881347
374566794
1158304226
874499960
2711343557
125473379
329094907
1584239875
727071014
564428093
15164565
47612389
31311757
217634571
1722486516
2714711512
2592353540
190826809
158832151
2425835396
270642994
2243244638
2302503073
115530362
2349321259
2748179290
199751006
1659249086
390220919
322082897
325953031
2752973233
2411295278
523366480
2744958614
418303403
954314562
426762884
143678290
179732960
236089512
376186166
319040714
46700541
1265071
208128256
855813589
1526501629
1195214419
774605142
1271245363
276787290
2438554861
282383358
240390098
2406131626
72325179
122108659
520690173
606682507
764388228
348001997
234443701
1660195272
1884163806
190640526
529702184
2361133766
2369300666
181975208
759754999
949995494
226531895
266336532
1629147776
347363617
915671953
229043164
347986929
1126829372
285373312
1191337286
320962319
1380600715
702439339
2669965261
626475368
709964784
92367751
185314895
25365536
110827653
2511051725
94342956
272091789
297164177
177176161
120607044
195605593
2729909235
326527886
7861152
333519452
44666028
48826567
1629183134
286981136
375186971
34977473
2669707394
210655901
248409578
158606132
392489751
491510222
2713426439
247346641
1713354240
186973633
242406804
2409036039
280701704
1246582488
337757598
520583405
390433365
327658552
267158028
196586872
2711853569
1969620278
260852470
507321822
537480207
775323631
407629767
2591535691
2558785964
93251425
632099736
1100658320
2645448162
2239233709
325635790
437636228
584290563
1666085780
1979233381
1653686336
128562907
103680608
241587132
241587132
1658683298
2574265588
337992871
281830093
1213888776
1661372622
172845625
2513630184
1131647431
220045687
126194294
2315070001
293117914
1587237727
1566994675
313531548
144728690
419890786
414153179
354352995
364685700
91658255
24748345
1615900860
311867995
17316914
1128026814
2533133744
2274848970
974695754
170893276
2495381444
79218920
1003023973
483245552
505126453
1391574338
175815106
214757909
491578273
340973041
884556398
909097687
617630795
140960194
358450312
582185202
2409683900
1730535074
74080061
592079689
1487900216
401008179
2228424470
2360034284
484862839
12569982
1609530302
2401112659
