799842789118750720
798129104058912768
405416621
2923555506
4209073340
773377211063635968
412174642
752637836
1959813217
3305970648
773752523761016832
2911589819
741797268777357313
3860893460
774261533480067073
59264441
572694067
2957790972
764418647909474305
776311900585926656
3281438114
4847976494
2813693810
2919197934
4727511950
2370295370
726261774874345474
3054761594
2877754364
3182550236
715526353366360064
1310630059
236699098
2333517996
2915608644
2990490409
321970500
157140968
2259268545
1012824523
3138749580
112289040
21111883
292174985
525821517
611959284
629097517
27022925
3196100845
525312787
55728361
288215711
412948496
1596499453
2169444610
447824759
2776811114
2271168349
3187811946
3185616534
834316544
482828664
1462279998
158935893
3085461342
473498440
3045180576
343547084
2932162358
631730950
1052835811
1039873645
2457983544
2218698774
294952919
2985653533
2977008805
1548594469
2214068432
2595079584
399343003
845745457
290313190
1094568314
1144439822
2290542270
528008977
2933132335
1862656844
2295608946
224992189
437940968
2187449412
92431163
2326627543
302084385
23375688
2612495174
1585355286
325382961
2831894940
284752445
227240109
2758442149
2782717628
2806513086
2546073805
1717981266
2224123044
2721949962
1469636743
1696138406
2697232694
1974146551
434648600
2614984304
2584436096
2495921801
213995862
1616352889
501112373
2535156612
600914838
2532011472
403246803
2531475680
1593517824
2522287284
1965013699
810146725
1681202653
2501105497
392129876
1373122520
2434498688
431922674
426593338
1321063494
429350176
1187590118
1235351514
415988131
280090106
1682498580
1416645865
2463002540
34507480
433904131
1433106044
1064359556
293012489
439125710
453563903
2342792695
405728790
1587497617
275112208
1608107190
1862951546
609058371
1643761548
761566620
1853518878
1086139884
335894140
447321776
2166940361
1057280406
76970421
2441108436
114073196
58355046
1749539750
2436891788
453712649
434595146
862489489
836522377
77725938
222189121
339465480
554729437
1575102104
1714384562
1724352367
176814417
56440764
506997149
1701492488
2236846330
1342144682
151393194
2415364848
1946315952
1883311874
1359113310
1238062291
1683169927
2386875625
94918254
2428566636
385851895
1854259705
2460075124
437324420
2414052212
2414259169
1481330971
600709689
1706307451
2413657784
324714652
105656870
570852462
2148905528
2413635324
326921524
704499343
432260872
749921876
22388129
437431369
43347440
437181706
2411935459
406306920
554215245
2232225230
2398015782
618336955
2408336059
497339858
2394348864
139399835
45786304
805225202
2390388066
2214516236
258390380
422777263
1581487489
23742260
2386838414
1920637688
2381676048
581670727
1887175548
2378721372
585001016
1263117426
291601417
510365303
1677743832
721506673
260097537
94625964
1260389672
1374905887
560362416
21349535
374421242
1882696634
1041359910
234827348
2301290803
554188816
403245020
82647069
16548023
264107729
390860562
831200060
405357311
60050843
969267366
429570086
1650537324
2333412066
716210856
2236357962
327040510
1269873392
240990050
545428554
28384755
500704345
201885911
403255314
84041774
124914275
1559316200
1946257494
897166213
1161629916
1577820470
1567905236
2255319864
2248146722
2292472014
1435009129
121213242
272055657
131752870
593480942
931970198
422377676
139960419
394214265
46291977
1640913780
874800511
356654022
57891183
1480500252
2170565918
1557407623
2267375394
1734185852
2259645524
562859219
1492679580
2246687904
1255866210
1453480284
2215835880
1615686984
180505807
1151141804
1620217429
704430930
1024368762
1856360803
2177937854
709883491
375400093
864231420
1597959481
1902018901
18917343
472832351
1675849604
29136950
1411687015
1419918277
546598056
1446057368
1497824414
1458387224
259668413
420869339
1453995938
709592827
438373505
338450793
1349217643
1356970447
881517288
310107206
1277370654
810830208
276506762
879297936
521353272
1092349333
210380708
736492537
1295570683
1239204618
601677834
1003663698
779441142
1275253574
611590212
601973619
1268479843
915741607
159980947
322360451
550958763
406755915
390040281
1256962566
625139935
1209597176
492062026
1265141010
266105421
38403110
38479920
47753886
958452032
394336600
960555986
408307690
1021857762
348379865
1171140312
253456874
170157266
228515266
601066439
1257131088
452205635
231983737
1264276807
1259116116
586242124
232469626
567869077
319861696
996006283
1262824004
525830807
547981562
206735576
535623373
933310940
783169502
843559057
953007379
486845307
355375195
357327522
389961160
1056303799
54360288
713036503
1194418820
142371311
513159565
321445166
320297405
949668914
121678178
319412408
634499903
1130638884
1059635893
287776809
1254565506
576828160
864124567
971619962
301394179
814768590
519303828
281537759
549908020
268819624
418570886
507265907
116409573
982498460
1017703806
797791928
559913653
407555485
131962317
190447875
901303963
879550442
867363631
736217340
708416402
519186381
993073766
994927423
754779001
308443819
992322882
1008152581
1006552267
186801205
388124114
922475568
826450573
963546985
389486807
1008639366
860673600
466557755
939157939
1014579529
244888865
1038521270
892689092
899572466
194450252
41766999
1007945594
847246015
1062079664
155518417
1026368780
585656167
463751773
1097545400
1036970107
528179652
994811461
994811461
1011094680
1016517338
973353144
1039690993
852411774
1077513146
1132860271
236787562
765801270
1122187644
728619032
601130193
417886724
362305306
1164876043
893518866
1068327548
1105353444
1171127792
1171127792
994960602
1179669824
1012703311
285482338
614108650
424975668
528645319
578570786
486658065
841942022
191040613
442325137
1228239260
432680725
635523408
415994352
1230007278
523933330
801685086
880171369
947363833
1253168760
480010928
190836570
761649552
1130314454
625492940
437356581
68889411
396086694
603268832
788458146
1045560050
351729343
220123948
457179113
395811802
510696547
517296440
441568690
1256609996
148779151
417870931
136627335
600802494
457433319
150362985
473465773
29394045
986613998
1227207524
35176496
275007894
1156405542
43502102
909735679
1119106722
957361400
1214245440
13119862
536034255
403877132
297277006
1193987131
266382808
1235223961
1131790116
238509555
1087936268
306610897
1248429367
525084714
396281225
1159709317
344628729
1242945139
22516489
549041838
522924266
568029924
312230865
1237424077
982760388
276246367
879285002
798035388
455937109
95116488
1179704184
483512907
375557120
956898206
1211557032
549972009
1096167150
938178204
736619028
1103229914
519233954
637134504
914619433
1062107498
213165736
369126893
954747205
848395814
523735707
792056996
791498808
926823265
1236472194
1255831464
558444193
832853755
1108979858
1193705514
1042440288
1171397814
723364824
1011455209
1234918946
1062404767
784638890
328793954
536149734
394935023
334549440
1013121084
790094479
623462535
953641428
207426991
472882603
848731850
1054874420
987092395
77198446
297390802
181561712
176566242
158314798
998237942
874368012
874263715
457497367
1232008928
572509277
420093601
345811633
296623811
139951730
337502808
423231527
617240390
273470490
890733528
309503909
969965466
56331681
750436861
848918436
1213931384
426294667
1119212102
1211817816
453003230
1137111319
1076635993
356056525
85782812
623340544
1038817752
839458118
845281142
934980450
374322311
268810322
27260086
384081451
717959856
564721466
423129689
559787975
1119104618
23730363
85452649
888283459
1039980738
793527553
21447363
66339576
525560254
403450037
1116908251
1112857104
537058637
1168556335
68210284
967038876
227121370
105119490
894650348
575199384
602493826
1070192569
434195314
124347816
1103798072
1192743534
306655353
529126382
350138912
101179559
1075855538
280950787
155787116
518747318
875677375
897558084
933631543
1057565743
1200103154
912290778
736124342
719960641
1153668168
588255901
555022256
917598134
933757765
921055224
584753498
592756327
1057204650
997681848
552827775
132774626
1223254674
393091844
1238666786
204228166
1162261686
1211152963
148760908
1153749415
135150918
1227616262
879312864
558564595
364047419
450982604
598808135
904919659
1214774791
620474965
304309574
870571033
987905090
1118943643
926797568
892630590
1188648384
1056456260
1150931041
1141069838
86699072
585198383
988389571
764886169
616631504
313926610
1188388063
57565739
1156886304
721519724
900868219
997308044
975588926
828065533
137997241
57883736
70582840
202113290
255822420
298966311
134021656
16409683
17919972
75014036
61003804
122342030
60301794
57905993
35094637
39788399
410871046
34834728
828742454
