327470494
353189410
18089477
307315159
165528459
570043141
748156597
245464148
721588327409926144
372439591
562652611
780856473735696384
454132312
240754635
317783903
200955793
734886210250936320
483819200
519344215
3473167157
176825190
340103273
246495005
68368962
291773990
2824628840
56728617
363568752
1832012222
724975923628400641
349265440
435882815
29685719
164348999
1244678910
253827476
357473989
4854425951
351131437
735828166338617344
516837294
274683012
256462479
159745629
170479559
2270033355
529726534
334731323
3084147904
2218211250
239842912
1317211038
2543720808
219034723
562129603
939953419
4704178461
84415692
274544433
701475502238867461
708461454798757889
447548614
701465499805335556
16583846
17977954
17810254
16631821
298025350
705214414501363712
2821159007
247254656
48028397
2884741491
197292557
43379787
1350377718
4885465294
252490673
151891787
99789076
259612451
232320048
2466404115
1012443038
168133390
2302239327
66820145
516991556
823761356
139513956
170528373
755947411
1463717534
2601668568
2612312899
2474207070
978823825
851573636
3057069711
3067983255
453157225
1122390552
419056761
4701442364
1708942279
375319331
226087776
146668923
1372991496
207128985
113823616
2360815970
533378467
161842201
1328399822
426676858
73989722
82269793
465855867
15590302
197183802
907054039
838441668
84655052
239484397
487194629
89650720
2377930679
305206187
1498604665
1601592949
147020852
3196292541
275903631
3702498436
74288711
2821689207
46132859
1404823873
3776754016
755887728
3863745694
541089602
1148890394
3294282713
2282376511
2549975739
1583434135
539462073
271511567
381663999
70878776
231128821
193041317
198666634
1872338011
552241249
1546806955
176881181
1615391359
79676211
571537258
411824141
571597356
153597762
368902671
818506578
164521093
488962377
558781987
269601212
1704971300
1872727022
38452878
179377091
164803945
577208555
348464587
2925226547
172465838
180790896
144745947
413425655
3702309142
108169580
71436060
3187114208
92201628
216826033
359588058
297839616
437133883
32769521
1426374667
991500217
586671909
455156482
35762066
3085835595
234611114
1363084212
157205699
2199274461
160576387
555264023
2978071899
242338920
3356336445
1912673714
340662376
1025144251
422296560
83387134
184544918
218869912
3624864495
388947741
449138842
2305631360
563260056
24389293
292508614
133184048
380569832
1469991607
2840577527
256747696
254275716
72325179
57333011
95217117
97513349
8225692
167391967
32573359
175923047
320321280
222344995
202589958
236525304
327692638
202835497
183075311
195048109
175114792
164715111
133681320
59714229
296239551
2525935405
2181109992
569487472
2453628447
363193134
393009250
140071686
96957082
515327289
180164877
1646708144
2520293574
2399424338
2290945986
226746459
123982117
1261893152
2205824624
176936300
3217161459
241690874
1604147502
24708555
409603590
221201439
821335896
871787401
1309801562
69518235
2364517950
177564658
259643712
260305007
432696335
188077169
219769694
2904727751
418782370
584890774
170755163
551752918
1873303801
776910906
943111452
46394523
575953599
3374494365
318705511
466410609
269862460
186471345
457367497
2844496538
284671594
597302039
3110534385
171604894
306107574
197534399
495079645
161832529
594057304
30232986
18197179
1001964127
142629135
27043533
188328641
124188419
97919809
91610009
133198434
817656888
33584029
2389310976
32340023
24569079
1337751678
258187193
176836959
236539786
1441094388
168020161
50752855
323090542
907649550
32642911
804128917
43342895
740415264
179991054
8161232
1112070433
167478529
532651617
3245247869
1420206182
1430845086
360482728
563914519
551966943
104131360
1021859154
532280320
2317530674
84033646
249826931
2239704187
2158916984
395101612
440119205
119119113
2426261432
19348553
1709971866
195947234
98786185
3242229376
316855926
66701700
804517789
194311948
269723204
21517137
287595512
1640261532
322150490
20434358
2902556441
337726224
15324722
734556175
18936161
19336007
1543728618
2717853849
730858783
2989665688
2981199268
27967896
227466451
414309781
9409552
2902481302
246340794
284155407
7573792
321614611
16191793
2351715170
99999923
34103485
533748480
2742323508
82507867
24105509
77223972
53076811
58745539
282768438
129239892
525627833
33643745
23648163
19624977
16156201
26757925
175819076
124194713
45350809
36690652
93773276
216663769
81448802
141468090
545082145
324770380
1956328884
131413624
287480733
2886263763
273464218
385865003
300708251
396049124
425019777
454639136
1446460418
382608925
137819769
1192790256
216812429
468330740
1946599782
294629471
487382350
481400772
307200609
576698866
461365902
232554372
322370642
2285622972
121083853
413384360
467598856
194167204
77387011
2851156901
2563607862
108489953
72307032
242351150
166099673
628121820
590184126
312148756
859153764
202422263
760658726
80688967
2788528338
263251227
2800018776
118532080
2746965931
603168922
309894107
373603563
965362218
246871416
177246921
1609009364
14369839
2459316768
1486139186
249839443
423785570
212623902
267272939
48740370
1426409882
17540485
46612742
151054840
1049039232
937911108
305817136
2470305374
1626545264
41627275
375182883
1243272524
162543800
1966955352
2205582590
2453823509
61594362
429231102
326240391
225381052
1560785936
100248072
1397968268
351951739
1566073794
298242962
515473113
460566277
563350368
42434332
2169978538
2189362716
378253705
1336742078
527440610
260656328
1208314404
206404571
359727505
132612492
2161366502
960701113
345053613
1024550490
281628298
2279987714
2252454499
1389708637
599525093
46268241
107079097
1152626497
913755662
1246709503
38038211
918932550
96039232
771841304
52263902
1480377067
714682896
529662204
933194816
117645981
327585857
1599221940
162622769
339649200
155320364
903913819
245283184
198689706
130684475
115051094
221198872
291310405
1359239785
118974669
709220414
1426658016
1390513669
169627734
1377853087
1282304718
114422199
16858045
200883526
512346870
18996957
326259791
199788212
23815775
33945730
134446079
1112483906
31238449
16532192
63546615
55308527
301393858
136247531
628427004
743593404
24896870
556902009
594510336
1076922876
594164004
21343176
162124841
590707856
242396303
119918540
204260415
21373249
919942838
951728826
202691617
144889418
534786383
223618851
82362695
61519030
472034345
170895870
58678071
830311657
175825033
59160273
387932534
167178940
350207666
55450545
591285010
287282436
574143940
224782439
582706701
600052761
567919310
321012870
552326678
73808917
159609681
469055723
284687743
142791900
284910646
627028875
202408667
