218977490
415962227
3442123397
307092879
1344620624
1847554663
330461102
149322396
221576461
153507099
190114086
277133468
300390462
132547612
216783643
533257020
277153832
96169634
557130323
246839553
197041714
198595684
282768438
153139530
203758949
150326199
159162810
200140664
126760901
177641963
213715038
394145586
338667650
170069351
207735455
134895754
202829724
210148155
56502954
271975968
730895984268615681
725742420965658624
197103059
234112483
2816119311
239938002
368542860
220332032
1371366325
437636228
315377387
4895018236
279164028
222525189
336100149
1517724704
263393738
868720003
72900795
3373063641
32573359
61844201
86374475
572088993
319364810
248877722
135731825
212237670
155549968
199160684
258355445
140960194
58535652
45089597
161775175
2313090379
1681669302
198666634
133184048
847477093
78519830
479844730
167626218
98708202
296274425
246507155
89563373
58813551
35058064
51254405
111157576
2230042192
205930411
167391967
80969766
119392416
226717931
35047698
16267709
346205836
101895924
715583803
231307908
190869117
208142856
309985367
4018239755
724418310759178242
2984776599
809750448
1699709462
283257268
2396731321
723353130490949632
4853496491
449201094
216554660
2526072345
1262831526
202792190
270563992
214740111
143860873
85426644
222812182
3487282155
431204496
39652411
386993086
380911980
4254950895
721905049685921792
721722298059923456
721773512378171392
204469482
217493607
131301812
759251
7996082
59714229
231188123
254275716
303941159
209780362
3361771708
221442560
95217117
186471345
144866342
269862460
326344160
3298802431
67634114
219019984
713022884093014017
710555690750906368
541715779
723469177
4882996311
703580100
15107520
4869131807
215996236
314625513
10012122
134123412
250186024
3405037150
182852488
162449540
4427406226
4368323775
224898965
88681373
198226950
212851028
241183704
20545055
15809249
189589792
278807728
19154824
231480489
140940288
235625906
219862537
889331018
50475286
413386010
632333374
169742858
488992626
4084340128
44409004
197932909
128937967
167046714
192378571
279045734
428723351
40977283
264492552
106233947
193041317
222231985
188037391
1415978227
430886223
537590614
223838707
88592521
917507208
397632308
1936640000
14333756
2718117476
2393423492
236994974
3589146435
47384568
145326632
161526116
264979090
2937409267
290195775
728472848
202282454
1071624907
420678751
2586832213
426963836
175267660
443865365
477444885
305817136
277857638
518245069
1090436628
145517761
266801190
54389843
203093566
244136790
1335681914
200883526
2330759190
193790099
189628123
633728482
3362781411
115425622
260852470
2400113790
351263815
138298681
569487472
202589958
247779151
3333554601
224734426
329915476
101788047
309819192
270399191
305139140
249699411
179998960
240733743
202779862
409594784
184457107
185658756
201271300
466966076
499368479
3083253826
348632196
3000251588
3033364023
189173224
133681320
87531731
186557332
381144338
200955793
286959330
269069240
165616919
10228272
701759219
355809231
151046032
140513962
138955158
232212010
588559088
823905
134671641
24748345
1228345010
157039990
1494326582
2191072724
2951482340
336850389
311159718
183075311
158732968
262882998
148590159
603168922
573808532
140922305
2949496535
2459316768
257202245
106767434
10678292
41147159
88944305
219683269
21915474
50883209
118139476
17351972
300114634
237468867
47288005
378253705
563350368
76380518
2728601690
214807647
105186569
415859364
14882900
21517137
29856819
20434358
244246623
20609955
337726224
285137536
750444343
2842054558
155659213
270109821
267158028
1206320480
2445418099
2551038918
213539490
247385873
288555249
625080823
278638493
322812862
372458285
2402679053
231463914
56039780
77390759
2562452995
187699527
26401257
108671370
390220919
44698867
217070963
167137499
194790620
147020852
542926090
135540962
141638550
220246736
58653314
176128628
481502205
207476605
286994346
187230898
189303418
488099220
572210136
174806285
208272059
231637184
112757144
159547415
2328152688
888885019
995905326
239653968
346804492
220708210
17266725
17057376
326953842
115711911
209087371
232170265
30737533
376025702
493762136
1213797926
1473962766
265026051
161429558
345750495
489589137
133923679
234925908
1035503786
353071717
1799297293
357008385
200648079
410178748
1246243740
1099972322
464865502
304729927
1583737820
609336148
97301147
252801758
618194472
298566235
831239856
290638124
259301249
711130389
1146423049
2560234159
720048513
314353354
2530040247
421075275
2202417997
269155434
197431932
1370835732
372383841
50931337
155920925
193560479
68781886
291345953
215824689
311867995
1003023973
2409683900
2430976056
503302551
1890567798
277180205
181561712
84279963
158314798
247025185
404390606
14128865
67166275
110263561
838441668
67096267
2427004841
633268687
2321432234
387943005
183661586
164715111
33884545
256747696
884556398
525264466
78712612
423718151
2259336211
199788212
180505807
241653368
366131628
380279898
1396269006
214546238
302063581
217654341
420753642
1726768129
292435541
213487218
297816042
1352953182
705073988
292383387
634107464
258115766
250469653
299835685
743696070
135875407
246296824
1656604812
402271422
137829598
298840966
1946192598
898213130
1340308116
632956720
113780024
198027713
171655093
289021187
18518854
334212312
122811210
355693840
205396340
48130922
267475632
160340022
267328945
154890018
380019381
257335132
174408539
145851584
286895232
78411419
746456330
306462940
716457847
302312731
1710321090
290821014
1573150195
197524674
497232131
303613838
261219354
333059938
346897151
1377914874
342908656
164355723
338697363
301033750
1631962386
181700970
1594961832
88946079
1568641945
275348798
199311479
412710680
198507361
319895355
120769822
287221529
242503756
250384095
273241119
222255596
406697887
31541779
307437161
185630271
574028053
185269293
170141378
187101339
193840784
770894750
242234047
225065752
228074996
201537558
197218959
424419509
495930018
309405700
760028887
373554533
104506663
616880471
238024132
375536569
447529991
205719592
219778219
826198698
284865180
305397079
713195930
204817833
361655050
44231478
15889916
222344995
1391954156
248961197
216502197
279757790
267513848
1246934365
1157798022
551485341
1267971031
186961616
24776620
151635175
569498154
221198872
186052669
218626985
170895870
441538192
179987182
175732651
329059014
391600688
327658894
63796828
594164004
274259338
450163900
78377317
902481463
1030818542
149668378
97513349
8225692
96951800
1084553977
275618329
199019886
27481877
406744818
282788614
11071292
327470494
334134186
395644849
215439713
105248235
387932534
135322428
195048109
465855867
179658998
21398294
136124393
168530002
58755729
114604318
167178940
195771137
564220207
39692424
234893497
201343747
382469423
