620267121
1077111296
813009295151394816
2252171287
1610704302
2966970981
778036273034452992
752308918899138561
738253748745703424
226329652
973304462
370208968
2750364941
186471345
1548127020
199754581
4689038676
307444309
4484233455
195301129
256164049
3613279756
364540815
448589375
309894107
17549677
59822518
1390512968
823761356
169932136
3400718921
3309470248
589671136
3165653890
2529940693
139503874
260307145
353891932
224665751
2782463981
253366252
183479522
1468777932
215390667
2208169477
375265731
2235137656
826696154
127924350
637133593
320587158
346657328
454531215
252393704
186557332
441332141
791652925
186054785
239827218
162472861
419712219
127114798
165218243
1228014805
296005275
374834364
96039232
58353127
137138008
339833969
337885221
154147055
186484230
111901369
236525304
373665376
101313956
884861084
731967913
501447318
67163765
191117196
809783754
548641511
221952213
208827387
48774118
161365665
189193446
195482672
180650804
313301120
95569017
299308291
472194807
215410296
405630580
295695903
186643187
127953550
373227112
143166489
133031501
198487141
322345983
207256063
172749864
322290623
297108742
