252884601
577103545
313757021
809441474215628800
14755879
807309441058148353
774631806
2919990301
193529822
777891400297897985
1658641988
723981792362041345
14369839
132547612
836536484
3241944117
315377387
735131460949139458
728998798228250624
724367558166482946
1571373727
729029675180294144
732597959980945409
466966076
2282485206
390532130
4872584644
355809231
2869601399
383669374
4748612777
3998978434
3735523108
147656689
238642826
224774716
158052959
101670268
2906957068
2938102823
3699963801
1473962766
3385268687
3033892631
3383557665
3817810455
3019744865
7517222
803031794
599525093
230538088
222344995
707464434
255501384
1610285629
809750448
320037840
122555564
224329798
3298802431
884556398
358251799
2981276745
219330873
212789713
409594784
174350872
1491874518
3092686822
1902653096
349907798
942692606
317121087
861846691
2746897377
214134436
33905807
2806445014
398316309
17549677
1102348886
348112681
388550842
366808272
1626880933
1660661725
220113181
225586060
365141962
558486062
404554344
257595455
360268205
865277862
1115014855
2294137475
1447726350
130187265
901744986
2222182837
296239551
1877348150
182627949
1710236690
810070340
143985011
1660090158
201271300
410454782
138477230
204488276
294679259
1259615162
1234173408
215303724
1008244561
1078179018
215772931
286983825
220102938
295930550
703580100
176685010
853083596
215809998
352023866
552008107
505517311
243767930
180623659
630341497
331096993
218046836
184514759
362774487
550302716
201343747
473190910
481066549
419645379
180887065
252777778
211056884
185658756
24776620
131301812
128937967
165616919
33884545
175923047
126217335
112757144
59714229
138955158
192378571
8225692
195048109
39203045
140513962
15648827
86894875
