41127480
559097575
1020811178
792303348
1390616701
3195448630
170439147
246822953
339125954
15590302
87531731
19426551
410203574
143673790
788878055192354819
15947602
3218656133
202675636
701759219
2375972305
221545347
205822561
64646438
278065615
142532674
186471345
4685926452
247462556
2802388754
273723177
14333756
804761731
2305567070
237570659
721700292455186432
1535190907
303941159
717154481390100480
1343466235
3329814537
259373991
128351854
237286607
2203737062
4176580156
322174457
51254405
378253705
3427074477
534461592
1873867621
257150288
318116924
545416010
233626849
361439187
207568187
1861103654
2759293948
939885546
134830312
157054682
182671755
134887660
746269819
313088853
51137100
312383830
14894721
2395128510
143860873
37831835
174025074
1347688602
2710521499
199788212
348632196
2182509308
240396971
1543728618
215345529
234934342
256747696
87037686
381144338
325554207
160414885
341864146
125772008
239484397
215996236
1265953044
2551038918
232163874
1352942666
284544447
111139960
110844650
621914065
368400751
596643219
133184048
15843239
1554132253
374825542
313056257
106514629
142758216
995384016
278132006
375203767
370290271
314135142
419520445
130630497
116046447
253628616
1959123859
183272682
475128629
213536880
751644254
9734612
231128821
466966076
138766179
1205123202
239575317
278691481
248761275
176836959
37717733
231463914
200955793
140513962
158732968
161842201
318844390
884556398
140960194
249862566
122074060
355809231
191076302
19095834
289997636
300009845
81888587
884644705
147020852
153444480
197527048
382878254
831071472
198554964
105186569
133051204
896704069
139818493
96187825
251454347
134937118
119588510
133681320
178923222
285137536
463822658
39437242
14872237
870983918
237792958
174825461
10012122
180505807
237468867
389558650
222339433
586144167
29479000
139092348
101577273
42479903
97513349
15336827
198666634
216456847
114570540
524531680
244574217
381882362
351360591
47498127
146099241
126827931
182379105
111416958
202282454
142295586
213720520
59714229
395429154
141202258
225804554
101895924
63369209
164715111
161834182
33884545
186923446
184457107
175923047
217843851
138814032
112635465
209780362
244246623
167178940
134123412
23605048
