723981792362041345
56455194
2953908819
2798076356
715644282812633089
727149189629644807
3844502056
78519830
361343242
175971699
764838901
344129966
36490059
625608184
796453426813145088
202262990
746127996684242944
722058248338149376
320804423
1610285629
219330873
1658641988
2622075513
1209383221
716487666
66491566
575793207
4337558474
72307032
3395833612
355809231
242496117
180195550
85192516
212039754
3699963801
4857845854
1473962766
348632196
612903554
728759731
501415003
169682548
422735397
363291800
198513306
717641369
748207405880709120
3302904377
733031331429507073
781988934
65476722
719389615111684097
1262831526
709840628239233025
4919336639
3292419819
4191510921
197207208
162241101
2835472108
543524920
3578845462
4264679482
3298802431
140922305
35575060
4787097023
253406182
556114008
199042320
238352178
501838857
2533472341
1714093154
3091448154
215825258
462153967
164927803
3372106840
2926898781
297433595
1691632380
620350138
2841210490
1391528648
2491794146
556275207
231284054
957501349
190705291
44307942
42479903
434620393
3428481369
135888266
151084008
35047698
1960912682
46700541
3021633701
3476048415
126217335
2778614040
762683832
3428835779
199842725
187199730
2847304924
3430219108
3136259252
3353579049
3341864549
3342841943
3357258772
3307798348
197589298
2754698105
2817345871
2718194575
141262188
185502526
347801120
3231644134
3048706807
2575314182
2841158763
3157426204
239196350
718630003
2205611436
2826736555
264252081
506085138
200264459
2285622972
63796828
2970127119
270521194
2826484796
1152395118
67690598
2716986900
207138024
1252091108
129810753
345053613
2432438334
327499066
2328101846
2800251411
20609955
2642509145
149231890
2619133764
442984214
416798659
551535973
234432175
323981639
2326389856
614409377
2515406227
96039232
362511277
166369621
2484577885
720361382
165801754
2418787890
76872735
56771544
108195719
24776620
285137536
939367022
211061778
210844382
39055126
1933093908
404211419
219012622
547417905
51254405
2224197179
1010082600
2176219556
201535511
1525189644
713753673
1674173154
356267544
342969447
289066455
116962895
1522793652
423762146
592327346
1350445057
18708177
20553892
101576366
183502853
569297271
410762826
602024777
222344324
132789236
150788409
196753676
529795547
165831390
261089759
226957094
1421277272
1708142432
1668240768
495615946
211946923
211582338
278212564
633120493
1179431964
231498880
497553723
263530683
407072617
1278917156
182661710
1606569732
378246020
163237836
1381194247
138961439
234264478
577103545
280120831
608810245
333059715
317526927
219177131
423912784
20348431
1487785591
245413091
604988212
1058376110
572318137
317838110
1057038493
494303115
120271447
478799073
1340732875
385621677
471436748
200704309
1493437093
614527216
593829645
752147239
355194339
265061496
529498317
180998640
147613404
185643090
207261205
606607862
605784793
787080464
1384728091
265459548
227861247
126415708
291998242
609734284
145575661
631256239
199475965
1283770603
248877722
7996522
573979744
112890277
225977112
284219877
858834264
225212063
251367454
274249776
987138271
622846672
548799617
634211683
259581597
1223757936
218929361
191464871
562965545
558486062
147778149
623245910
800997024
209780362
415810385
240000044
232967144
929053128
222886557
65186457
884556398
935271547
286525641
279598747
234010770
585895602
87451834
255649220
186260453
269055643
182524964
105186569
237368932
24725413
120653620
630335926
52585854
64292838
302147970
519625577
73308650
123057032
139092348
885718410
225259092
348707832
220183039
120309370
328803944
219019984
626464901
58531272
359557117
276188306
296447418
394167511
282808997
787912376
358994075
237468867
815296578
770367931
257764659
488164145
230457272
230845588
2557521
429041613
336145436
97361524
556944013
324866832
637307471
305322255
123992775
255307642
45112524
540983003
43759599
259957459
136169621
175732651
159547415
372368024
453988603
240449710
558167992
87531731
224223563
596783768
381144338
188002065
71043772
99852951
543243975
280708121
452516956
281751788
183801177
273991460
155249799
353334490
190154611
466966076
399023723
188470760
231463914
171547272
220081459
215407557
478745958
274626744
266861183
169726803
90542905
222629593
76546218
500606866
153465983
228865104
257068100
235751982
290863041
104974333
24630151
505123715
457789969
367906471
41147159
226411938
227730279
140982016
19691643
90219286
220485426
200367842
61353269
224804440
272026820
141483515
139541314
78176373
291969562
228540345
138955158
272770100
196446022
62158354
30558777
285332860
201271300
58386355
53452222
211755168
219784151
160646660
149379392
144435692
199972235
76175946
140231296
75478941
76108965
91876655
87299811
178055074
31927467
74705029
76342845
61137503
145725046
167234266
99056552
61452308
257809071
186580678
60074072
40307393
25410548
65432405
186986901
125267185
135625156
124962204
69413371
136856593
245591002
217889848
176247245
338107053
81155380
230883487
249825640
196406361
257965632
232316557
426738834
447672851
172600202
430522254
90315406
393734197
183075311
234138628
293881111
66159657
41502343
152188619
15590302
37717733
156339495
126337809
172531324
115819975
210625421
43888858
311159718
117874590
185305650
390220919
185827887
177794194
226043788
213828114
125739199
173054254
221718097
112757144
95217117
208347576
331274540
200955793
131379635
223020536
224697648
138119908
231637184
231319008
303616379
146700323
72118752
52175229
63897430
217657513
68411318
44670915
68307672
201894532
234588973
142758895
168530002
101895924
230207268
68047661
90690053
306045184
64086874
305390704
282871423
60144109
33884545
301096944
176967994
99910006
218258373
218609455
245518810
291344579
102485530
191949347
267162998
39197897
282071884
40107747
17549677
140070953
64308128
184641122
73885427
177054456
15748165
68192923
24750850
30836874
110760458
175114792
128642852
86962432
36483808
25373841
154605679
73208083
74431959
85748492
198666634
112764971
175206158
164715111
140513962
260769577
197869748
179617899
8225692
59714229
97513349
155549968
177340707
195048109
140960194
119392416
39203045
136007061
90836187
114570540
142295586
