504020426
29873662
187566970
58813551
111698479
163266579
2900426395
343547084
1446460165
165982136
1191869028
1325991684
1040280540
301619661
843704503
375404770
2786260809
209783904
38015792
275608143
230495083
145673904
134789640
35793463
162204210
701489095
1916030322
198450080
4775227715
165941702
396705959
2499422425
239672340
612597530
263720951
1472063280
1397509388
726545486
2601653719
150062855
233618761
184457107
146304643
409594784
185658756
567883419
1692852391
250224797
1222266913
111325666
37971731
8225692
22074804
19643599
89013228
18822024
2313810474
893538571
282768438
378253705
801736166
20431922
612202496
360010356
265684742
493196036
590077304
133157588
174242793
68186387
59136384
32391434
245867779
35058064
177792438
904029518
217586738
571790540
181781103
151124481
14287474
24884768
88616537
456901717
35201229
222109674
223473063
130066442
318372611
388736348
73368372
2389571
402240042
319714613
341807305
188086490
375416192
126504949
139617296
146555993
39203045
167915101
165203114
133184048
89563373
80324797
167117830
67018257
195603415
215726902
256747696
176160566
234426900
139577514
196366790
244598627
277487238
249776359
272728730
78660773
264586626
193504217
34444143
228529372
188142299
162832400
220491583
48930391
149234407
306379757
151635175
234920069
249328271
164691302
291527668
139265200
198509037
128961202
182100710
66467442
286793599
297497453
163978358
189372840
80041762
254682179
142482558
82530938
107200051
209780362
240891802
184951381
268301214
195618347
247308109
69101907
133289884
197145119
285907001
220774353
368167311
111698911
418750816
17471979
210148155
52796090
331952599
51254405
350194254
132770502
109031914
213540175
221089566
25212888
169884552
76401625
227379278
543940979
169809801
81959210
886950296
140048972
56477896
438090300
851074141
594900069
948381541
488603520
29384821
152310893
49649251
