186009251
415859364
14882900
360493
153892796
593176565
26548315
24211848
21264971
404298678
14645160
37599351
33014441
216558300
53210455
1169574008
157920406
2868663736
3546182472
87403396
229385617
202720677
16391453
371720236
19682117
292150731
240827788
2298614436
14088459
253717734
235217829
220608151
293159149
94099097
55719923
296038547
543643607
51202632
275918851
285230682
49486443
187561714
711680621110796288
417802349
82184933
19875986
14723693
249712810
344218618
55068134
36533337
39618811
8789172
319387069
177402241
39734611
59279474
14715685
533260387
57143529
49932141
46150780
256353739
27274545
356614013
17081863
2746235031
27433440
142865233
34365805
30957489
159162810
833678342
490727430
37999671
19796004
24333766
211608222
23054881
550957636
544923708
780587198013779968
222847611
368690935
1581522368
711527966
462331847
80207844
265363106
2465436362
21171140
16365839
528558611
14457021
295791842
616219267
2266705999
56929385
219104648
121690027
950404052
4702631395
71175718
125389778
374090259
139106364
788163410
60178758
1212312824
123392172
595982564
326773979
1006232250
19042045
374612092
1180598479
488427299
154917861
4928285463
188768715
78225868
14558529
29746428
209867913
2644697608
580719252
876706980
228370057
58359726
1656178220
121560880
200676848
2588431591
219252465
1693623276
2851508712
3242285774
44459080
27108442
139127702
347959437
273684031
55244919
405742535
205777719
22990220
14803917
381664207
18229594
22293913
275565524
67422765
6057252
18148213
21606690
13032212
25114461
53286916
1126472952
115872973
37054472
328327188
1418068422
32588979
161734463
226009677
635565338
273716758
278895236
111741593
1415978227
2480185590
313962983
60813091
804380280131883008
2291853877
223412119
294067842
287605558
14921468
214193358
28585940
563350368
361343242
2192069886
623012051
218001300
205417298
796157476794200069
56448958
3413335780
184253198
148384632
20610973
76652672
74873514
8002382
2568080203
406806263
2856011088
333637200
1110308719
148717272
398635104
1683724092
70700679
15738397
35595347
15044502
735572563691229187
79640798
2871627629
115127220
41891954
2589444558
776953123
189449428
27395233
1613732965
109013093
21887665
416418985
601045323
66436490
144866342
257068100
126217335
200140664
62917505
34910262
2915801159
246055477
25466881
175824869
169637010
67334466
3274646436
100346356
274060651
102055261
2188982120
773181360475402240
239995237
762348741819006976
132547612
337726224
1242525277
98736008
18213950
1072683571
16952837
403088944
24974978
731993612548870144
17524927
492230521
23879919
47433179
351249894
2328139452
509413798
25119737
198724367
130576849
43325176
153868597
153957382
326261211
18966649
37865243
2200550785
49395240
60349138
2357562974
129460080
19719657
56281801
44292587
18012093
48086293
140346545
3056142064
3065900255
3269091415
3065753301
3068811118
3047938510
3061615740
3065967867
3088855679
3061981559
3062027302
3058865345
3051544224
3044710461
4884965834
1158371
44251103
15944493
82431899
16059332
176590199
15324722
31456947
86983772
819463
293795498
13272592
156381958
17769153
32683999
406340888
18507391
259536857
327549479
41008989
161150377
1478296117
598900251
270422302
572650666
508062895
293270094
174893399
69002830
66381461
599643912
19580864
117150225
97049924
389047979
30651015
475890874
12008602
276706325
277233913
740629502
19373269
277069716
183289965
376186166
14505838
315377387
323022597
408791027
332626171
315585961
382926732
25912301
242067223
24069833
4282447152
770308464
1114977464
20552192
140513962
537617976
483336122
3264637648
2738106305
2431056834
743278778483380225
347956997
326639373
137837247
238180954
1147202442
26808587
492530380
1264336087
1900996982
491590706
564305060
1089257125
2767456633
380749300
2636592117
243454757
700344220394131456
18663393
2824738975
758372320415191040
3271221366
170834195
461974257
705622051176906753
149259615
95292267
2614877630
710533967473147904
38154268
63887454
575694852
200955793
2710521499
356842359
2257098808
523349706
114616374
17874317
375614100
577711105
490718814
22521055
27536585
718144002260733952
26184496
2676692071
951723528
2839204152
2650657170
1568243622
707895737
56061017
69315680
4848181299
384572581
218275909
12
34369690
917424216
75213548
14601243
19825385
582464299
1020698509
548977844
237447483
29648929
99252106
15918066
15778673
304683588
69659744
248964331
3611821462
85414847
219454680
30253111
89484701
465855867
45672770
16305330
406474561
50342679
109146282
309220569
236749048
1581449490
628054540
29688366
120047491
1933042237
174953869
204731800
2240612102
14193779
17881816
314919512
3065334666
3065470483
26642790
16369783
121668795
2522915805
357028296
237392610
581048795
276933742
1077459061
96995753
1077625034
276939280
137784420
2821547626
851336634
851331602
221800898
15622737
1946428134
422296560
2869168750
2233290942
319862324
51220493
16627712
2344774160
223343768
34198028
47395667
2242490820
709220414
426834124
1578291984
366878261
1358190091
2718105283
321678386
2853435670
2853394757
17070714
1328399822
1131616693
2612738292
201958753
524014973
15871277
2687380454
2197023908
2507235120
2534559932
2577805591
373432425
75940441
2383812242
40182286
491762743
15949839
936610520
71311064
1930751192
2591029016
304358378
243371409
124490397
235161193
176918834
960649556
44801473
1954509632
1337785291
2249235943
1391954156
2526585852
2479865168
1204652221
920363880
260222849
243041239
160764165
484996128
381149439
296252209
106141759
1253311650
237450000
2236557067
602173439
335155231
706463634
334873878
592490041
334802268
534961046
272074992
2204070475
196030842
18597158
265172307
168503099
202742762
341700528
43454112
606582192
1937905460
1093338252
15836786
18317022
255427651
16017930
1182261522
97007033
310280655
39807696
23749162
608038047
1414561206
624666251
1445714550
85273841
909809906
1669555862
1414365056
120765241
240389001
977780772
228568312
269728561
470839595
503633271
55331344
488841110
799097754
426300393
1320771006
171580907
66721068
122562199
555264023
371698647
961092336
47984347
884317814
1173458671
522652963
385375602
34299138
18966253
9938852
349424990
23574986
14247572
1390512968
86345783
34356968
130205097
15367678
818212956
35761994
14139948
348220886
1108807484
33248874
1202944860
523238320
284148966
6375322
53737367
1519227056
8273062
139871678
449138842
27503151
993315024
452511448
259370909
14919272
125790347
6519522
171095689
229238502
4170491
17093617
84349149
6753242
438630759
11018442
60661915
16101657
1581203119
539501831
43430484
48497136
432054877
56455194
52508149
807870157
1619009394
91476483
41223204
129988166
318033956
222477210
32774989
212558729
329226869
318081948
346843160
272161437
939922981
131099395
56906171
97354038
76788719
123159678
283274453
155481485
78341716
217588851
97615548
20514552
120118935
370732639
1580359032
313329050
74452613
32152579
48014813
78845641
21977463
145673755
223462481
18630583
290185414
614546491
359912735
16434613
163542410
436910555
17525171
943565738
191578026
15973392
1429590116
19703135
95150209
266360140
1467843998
86220450
1324798861
599525093
23873194
45866207
47665193
454132312
29938031
1132630417
951218024
19539377
338143622
129186180
222145939
1087703624
347111527
358954167
156397533
360249204
219450568
1146857900
143748284
1219365476
492551637
378585444
136931879
355404651
313746254
119358191
63937706
987961472
25865556
18939115
2928731
80688967
154929884
552485287
89142182
1169282088
1375832713
440515362
67665104
114390563
595519875
108559862
70735224
581824795
373916312
73339488
284031928
7117212
20678384
335332922
15133627
271986064
423185867
350620894
418810855
782607926
368823565
1166500488
602126953
236941586
259209613
952212548
484785618
1282687669
372756388
481016209
19063753
372786921
35836888
227394404
371718562
305336359
398547341
922899936
472920322
843735366
1243326601
112480180
253511501
609754474
485630536
927899756
96039232
73197095
612466726
1264956162
205193168
155931638
61014522
35889293
769531584
69912799
198068431
608477840
289606342
217062138
57516213
62872266
235571004
123822176
153556067
75263523
1192216717
166261834
48110818
321430105
402957624
148877103
125714712
383594387
83900407
38746448
471502360
820679838
596789444
1247804815
94179738
248877722
63650956
23728071
158181963
26780020
188844665
37435412
380285402
67627719
440408880
25204799
37589139
398409801
1285574491
116585222
132404314
100606370
254199874
17046109
124416548
118238952
20384429
63111815
28231728
104087034
138320384
829890140
393339671
107271711
1216996123
18864066
22159757
56585491
16425876
94886351
415921321
23560531
41346671
27052051
29325481
23441279
259205984
60933759
16550433
93964866
133864237
196791993
139875112
743510161
364455113
214563325
185232200
175782640
464900887
106095473
84296804
208249727
49992102
135641708
121483664
288151524
23411049
284188758
54587627
437534877
931660854
76251601
743597244
111679943
102472753
130893902
107138909
100484208
743627454
162753398
38147187
23783240
23579909
788813232
17780822
573886184
24308079
305887980
364846822
1174634941
946536871
69211533
399002137
596651376
46406454
1169215512
364519719
67522054
1166514180
988775689
48540789
22823850
21639792
48724141
537106521
25237901
121984186
634459169
129907569
258994433
50505691
44797105
34331376
1058520120
318288362
66290701
461950615
61021139
993847639
32903250
225373882
1159555950
331926696
118623969
38042740
293666242
858826602
37907092
26171992
1068817382
217009680
102187076
18220619
26425011
42501433
391411949
1129593048
22851407
15385952
362055175
82041809
473556490
592332762
990589712
167121670
229371101
14835425
38516217
80374332
26105352
18949610
508433315
23607971
1134975199
22364415
277061315
15923445
16343608
978928831
61518210
14805775
76348185
1095887502
906573600
15284851
20083833
202976511
412032603
15678385
202031440
19382366
22190469
16085532
17849861
128199480
20554831
60856026
15761407
304230569
125585413
46400492
164509454
11922842
128489926
16424201
89316412
93747558
25809435
50735431
13884162
199331231
95989106
18982679
112578971
402645357
34422599
41211760
29110681
37836873
872578454
14619266
152941873
71387226
15066760
56606811
76789235
158947001
35352448
18348602
18134834
437962007
22650588
234436936
933053630
124332158
171760597
15009533
40838621
66632516
41592271
170828891
15770852
482171218
253021888
140644202
134679265
1115036964
1117244366
36138505
101871500
15398806
217703276
626721448
7691312
214307311
20421743
14609307
13396002
214877815
237477790
16040859
3533231
22155975
14258901
138000351
34499075
45784385
36753271
29137765
15069237
112687215
26325469
13753352
374541692
152320450
140497274
113900834
25093825
20761311
609007530
137634922
13418552
29867282
185108274
21923541
174193681
135783904
602302847
115147362
52266142
412683685
18961404
25920735
31141520
59161755
46040545
58601223
293527136
17243913
138526099
557733248
80766057
114391278
16462925
103270640
74962046
27548944
79071490
89308231
37042180
537184720
15531304
125825837
20757621
44992826
17088488
17001435
237653670
20102305
33051095
545363554
21659087
1097468438
305915344
578353107
1007531648
31122582
799266344
16098821
108376246
83686438
775828400
595609173
16890741
168990747
69165489
265809129
28448830
15012305
41644754
15910385
531641391
24796029
52553796
33537967
120176235
92474523
247120491
364171459
56377143
124139016
23022191
25555376
59283911
140784299
304294522
207871670
19755235
29019815
198725105
46587318
29187814
316370868
203398390
92423860
700924189
318595737
211093373
138421922
431347831
33578424
246615989
362130896
107901999
80624407
117926758
898103268
243875709
314766873
236902872
34047021
232690109
449458965
1060984272
14369839
25092440
180664850
116662993
20258583
8830542
24168583
454527089
849588090
189175996
385028597
70888181
14433007
254195953
478440704
36848357
81015518
15397465
904718268
43364907
68580959
331123926
116637011
1048086950
250386727
201488307
61729247
776664410
248568377
1060370282
1037321378
755270982
492529966
14949454
65152219
99051088
803612546
533004696
41735670
988903549
18695251
826712520
61798345
211977538
15014405
226755363
300668648
63141221
73589518
67647445
120985729
59164949
38199364
915643998
16262866
16351549
46668984
545338512
634784951
115639376
85399171
576955182
258289486
417512408
21837373
336388218
18258453
384874048
627521051
279889881
494341960
39276203
966049129
33857533
627826522
1002815635
289378979
21740401
81399631
322723573
842990178
16786960
87694576
117030106
131403322
347052069
88125317
246378883
40872043
170705339
494912425
92098137
265647008
19742911
523172532
109464695
150664528
292881669
21559488
564102580
267018579
371903831
41332040
151113122
214153417
77696268
289420613
218394102
727073995
16123107
155243048
47830455
347382500
707277464
749483420
394078527
37447479
69287231
19226047
22354381
14496886
295838580
848663197
497983831
213839014
68585222
458276878
482801450
602050665
601992022
584290563
26787673
803710045
571861870
21817105
192128035
171211605
31220981
147189989
183462046
783214
461579423
63796828
216713216
198885146
166993075
203292601
