18045145
14313180
325191251
343592639
56716207
315585961
1965740845
418782370
1328399822
132547612
599525093
764916485646983169
1339835893
319296983
239471147
214977276
330021348
768542758105669632
774049386129190912
2427615825
2790366846
381612317
333481971
2595639968
2411790656
549680922
31220949
2920747851
16876214
2503191066
1575907537
1149322308
1035503786
2536643005
1055536370
803031794
2900955446
4222127494
252884601
545700833
543524920
1012696069
546085600
82337638
119575429
70340292
155868007
2934627437
2839926520
243934270
1278774751
1425654996
4062862293
390143371
1151336870
4801247295
2388202201
2839900521
2839920393
2784228805
4895147265
1654029516
4919587209
743130489251332096
2790734472
2839963822
595883503
2838725902
539742356
695357578037977089
217634571
2371827420
222335123
2806505887
269069240
204415570
251887080
333498071
112757144
2273465173
571774907
1262831526
702121250148245504
722058248338149376
8159472
34910262
239196350
92670884
2826923126
323889443
3401514479
722117458950299650
219145796
186471345
2897441
121291296
721762738033278976
1654281564
80192902
168033508
147032692
23482357
1115059165
709763485
2885014492
4314759455
968714948
89685397
519865299
2850670229
221310383
82331814
433645642
262596218
17208512
241058489
305208866
8537222
156986786
1264426020
82069412
230811548
37957147
31613336
17397787
84041357
69156319
109005222
214958555
1648905649
233731140
351822551
239050704
361343242
243673628
240764142
387815553
1537428122
460347098
249257392
381766129
2432599456
78465034
334299056
1423824241
3256480923
4116131141
138099903
355620207
167046714
87531731
180505807
4041127930
4119901366
3164675277
273692315
60661915
3301080741
1476215329
266275034
1191526081
3350807332
556152909
2868267098
3068008631
1636094479
3361147031
3138205438
458070711
413091006
425315413
3090965293
572020654
250729244
1603867772
314145127
277832912
2205178333
928301180
35516293
1595070374
2463412290
538232180
380957466
130613344
189671070
601320686
1478351612
2533060411
2324492348
887365404
818347754
2210883218
1083773101
501320628
170834664
290580124
261022029
898446852
400952042
303590926
578324390
1491120073
146985042
28641033
281223434
1267787288
827516286
75951545
359138120
2210865044
373539722
215439713
1545908185
159024529
1682214686
202282454
133483955
25227168
528107561
1228457503
1217356861
72325179
1957162596
7540212
393822894
132998754
188965922
62768625
284148966
198666634
247822864
295942640
1123590236
260112917
1275413689
351949497
603168922
410203574
1322820668
413694085
100151635
361299374
274259338
36325007
517969359
882298878
531425904
137180940
449239601
54202418
364579676
210837720
326513866
432569254
1385276706
44833421
198595684
150326199
377573929
1073159618
201844222
131251648
282763305
1551522480
29932637
37970729
121564787
1470518827
1014384037
187796397
15447575
188159585
269453227
187357347
424618544
140048972
760907126
450200372
407105950
51591244
884595433
1223575106
296293223
1317216564
1075500817
310134900
1283883582
1245272185
376006122
260006132
1228312916
1092496831
1107691728
340360210
262470710
169998643
1092684408
347344077
268485186
362075098
47491330
1149762110
800997024
247362831
152856216
339884369
66803670
188509980
962107058
243711677
236401550
375369761
378253705
794291773
349328689
454243911
10514322
1187480479
230296413
789856765
33884545
406744818
512288081
570175322
470643398
833889865
144866342
563350368
345527663
14369839
236967489
304663925
1042718413
246839553
410163657
38252092
518077619
13623532
105082141
360682978
202779862
398933451
199023707
222525189
473347939
218495526
17813487
325554207
906342456
105186569
763599421
305005228
390036236
978656040
418282944
256747696
134671641
211682243
1170461118
248707144
202206788
1061943907
80440340
1128877296
1093867585
185508776
962679498
770196074
1164438752
176176778
374722093
307519644
164074844
589368561
37848583
1078806343
42074231
209857443
145246802
1160470988
251285572
9633802
223858277
35047698
330467926
115660898
42479903
97003915
541177501
1158111096
246112803
315377387
264237902
214123335
714446324
75327647
508288862
630628965
990197498
295700584
206724521
117779822
42932403
533257020
38038211
253395986
220398280
22675391
39055126
355657601
50013632
129925587
1078579574
870671276
275081779
208128256
258970849
163978358
282768438
119768822
269862460
279126898
246372950
197041714
135323871
202274022
170069351
235599881
271933511
16983240
32573359
207735455
303941159
271212705
35075352
235029658
58535652
221442560
947217853
134895754
156545066
212968729
89563373
200140664
207507776
216783643
39652411
322249419
61844201
210148155
126760901
106412640
355809231
270563992
64839766
72900795
44467600
10228272
35058064
250232548
133945128
196586872
198554964
202675636
203232201
338667650
759251
6301442
202829724
371025920
4919451
123917226
133477784
1115099256
145517924
184628775
1079649594
293597186
204406337
137034509
239427167
1123520809
138814032
133184048
173925293
247290681
167391967
215996236
51254405
285274931
267271723
1004127625
171147807
348514673
325635790
171228312
716335118
989699988
285137536
62437668
58813551
218549276
304032807
136372603
267939039
801736166
446434005
258877393
818045598
822306008
140922305
271975968
151485865
402792488
176627597
162449540
118794370
177602740
374754092
277359012
181862718
98708202
239214977
214085137
45013575
207138024
946811377
148362322
223678040
220388492
220245599
349230384
423544733
437624752
432686426
78138151
155549968
159162810
234161597
1131340070
874344751
161842051
244136790
64789816
1072210284
164150740
708876468
8194122
64722848
14333756
210230890
208020272
171584423
305038833
1043754066
56502954
240336710
716487666
110449197
179987182
21425125
161824863
119392416
7996082
1128441218
939367022
1033289412
62897837
401008179
1128432876
171944122
234447652
291367030
24748345
129993932
327692638
195048109
327658894
876330686
573842721
97270661
425994430
502165509
129331685
232295804
633728482
359952127
244607016
1128679639
336659594
293175115
974304847
1032545521
300390462
1120122420
39797433
263393738
198226950
300825648
54437089
108488345
228170048
253717734
864109592
271145882
248877722
71448442
28058878
543940979
285086862
35289042
368569541
27222279
549670688
304335477
882582638
20923775
481472782
229543890
627782647
932235055
426076591
234893497
490516017
231178837
200723428
185658756
150008859
203292601
56039780
305085584
24516380
269417373
166865552
115516167
23415676
96187825
77792947
409594784
114592551
345780955
104974333
210652789
184457107
175114792
564789783
307898138
339659349
342821588
198742576
367430782
96780761
336846502
266801190
110213431
254275716
244730854
186923446
222344995
23457682
259795757
94954486
47132215
40977283
65205231
239601889
485948338
186504836
33905807
175206158
63369209
78377317
606045354
50348707
260217337
119573510
205069784
633156491
633746942
381658464
403039302
6888712
94245382
228731911
260513856
454552332
153130375
337779762
67665104
192407886
90836187
15648827
368472038
161792834
245206076
155745396
125492611
275052281
22938787
358280229
136187434
223838707
407471265
134123412
260420903
164715111
744268394
123569703
207867550
135368352
166399621
174019819
264492552
219012622
245463832
188222450
147778149
498284994
260852470
130977551
86119466
37580930
368542860
233543018
205930411
636758461
175732651
224898965
479470896
363029520
125724810
277193483
59809518
188340013
43859592
222278196
216037132
227399064
243330184
537311057
540519665
175824869
191949347
366155125
430116136
151060543
90488103
182852488
170895870
556944013
102729125
96039232
55033131
134698391
529594197
197156282
291295598
462389711
214807647
360081950
229252295
332367469
320349526
111152411
366956284
117490939
186691270
189397304
448041055
474445586
97929367
177215929
262882998
139934982
219666325
161775175
438927016
41484416
101895924
119383183
277557978
99741780
218626985
5520952
116504735
362187715
450163900
487269824
420173509
66491566
222789738
175437503
231463914
15815700
182225130
72344805
203093566
235625906
217843851
18661588
209780362
336587593
139731142
149159465
153686381
147020852
169629294
323467039
118840509
244713177
341864146
125733803
128937967
178923222
311349653
344849613
197932909
390800193
26787673
250227837
407552339
24776620
322941780
292490696
442918089
467568757
376027648
175863618
327556917
464937961
222231985
174101746
193302751
52206105
71007952
138478860
135635793
129973351
175923047
57333011
95217117
64385921
398316309
98566995
8225692
242930111
151635175
17549677
87808186
94900238
92367751
59900378
428333
19397785
167178940
97513349
128242439
47288005
85426644
