3949576942
155948624
37130184
370699543
1482394435
4311683734
996000336
765271929657892864
2801321047
192725273
48591465
3308388959
2455575780
2340701494
796309545870041089
2452264742
793590985011757056
4122547169
28757448
2417799504
741103384871194624
1247885000
1733722362
4725594089
791813907878912000
1056684126
2478453162
4734538494
2939863755
797452566141530113
2437244538
68022873
545416010
718528050514784256
3045041005
1576335277
1976173279
3697012280
4249765288
626643671
941365410
4871351489
695290123374743552
1478021672
148546312
720723999139823616
2607106980
479794721
174898981
75096125
2219997596
2853933983
1123152722
1120629294
707780382603792384
4600365316
707779589674831872
4528708822
2272973007
2325044730
731750989900992512
706116925286436864
3386640693
149393226
2277048715
2835558101
239565395
621926443
75724844
730376521379135488
2448412854
724735498946785284
722258740460843009
713222209247043584
710278959586529281
710457494741622786
702315690548699136
4346626641
276209124
2308856259
3081380393
3435001619
3290936026
3319227279
1389368330
2351711055
534753321
3078419014
1906085455
1431850032
95040780
257570907
197585463
3287967557
2347514130
170048340
320878199
1167830492
885220314
66378652
3419080466
2920448633
2909106003
124510197
3438109078
2840177975
515287595
246647341
363893586
510419360
841392836
423888289
115282328
3270401719
157085075
75622527
1404274399
3433168245
731678563
391780979
3385142421
999357428
576337128
3346211963
123789036
2495400667
1591577360
49643444
2479393944
2385929898
433724262
2370587191
3273477144
3160305860
87327779
2293609664
1244370367
3180133537
2935551061
735079747
298052110
2938827765
550349812
2225538660
2531470844
172871879
244280163
373560075
137785483
3147949515
3148060264
3303704087
81640042
87568206
80910232
3107634498
717727412
155092282
2300039929
2424408800
2172722740
2794875523
464046318
2199964441
346485785
2644947059
622525340
1155964718
3337874998
554097029
3327216093
706349834
2997186534
450200372
140255835
835960790
292656204
883233044
2728479255
2750586630
719241216
532330838
137442778
3254833746
2793223368
2289703833
1365457231
417430949
2819575113
132751041
262995219
231674570
151937050
394893855
260820500
1430914626
1366057074
1406806854
3303704147
355504055
1695296107
85192516
546128407
3222337115
1697036545
2917953760
1380227275
59857878
124921476
141649988
767240474
1125440174
2347915602
2477457828
1606508893
2894203961
2838175647
3234308172
1473168961
2967501078
110792008
1626863521
226441310
146911423
3221530266
3102655845
3103913158
109920366
3114154775
3114198424
56153269
3114197860
3114198388
3114198808
3308704401
3114113847
3114114747
3114199228
3115804347
3115885948
