913131817
2930331370
550153711
781059698413998080
781118808547360769
782682611025973248
4928285463
781290764601098240
284213668
756190328919560192
760161950399623168
757963731557023745
760962928346537984
761358950742843392
761382049718689792
116295530
142532674
897810751
1328399822
87888304
751520454175776768
747528302013911040
1372939538
96039232
2992596789
16334724
514770230
730896927626252288
28013718
584290563
725166577008648192
724394958736777216
705210355748884480
217634571
710653156062003200
1340855762
477593177
2539863837
2970564831
2962186221
225625964
3349897889
3533712443
3550211056
3592158389
3744091816
3836581653
3750502342
3496246997
3392794191
4502393900
4451499873
3122797347
4519737136
4596741154
4631794720
4736228921
231249582
2826029465
4902657645
4902657645
4902111099
569493562
472170901
2740139972
3174317410
25589776
173925293
209664267
599525093
822306008
250763563
250240513
2802149061
292612282
1627550220
1350523268
76213826
66780587
294616857
3408769785
350597119
197868575
151917072
2916808325
714254268
350502739
2264480351
823754114
2981120691
202965283
72072131
190790312
258098637
2976459821
1241984528
2511532872
2828007681
321324433
473216817
223622113
332622383
2776068275
168237661
100731315
214118561
41169388
327658894
635490412
269069240
157770786
165111862
251887080
360723022
353283746
577964883
270563992
348632196
331846845
2870700815
780928296
110882547
248665847
53156616
163689851
462233001
777064693
620052148
389042865
2527458212
59714229
138388408
138955158
133681320
142295586
149383579
105186569
149352861
174825461
87531731
163509933
112757144
140960194
118292510
175114792
142296675
164872539
135955550
164705988
175206158
200955793
183511621
214757909
198666634
231128821
176836959
183759138
197527048
300009845
191464871
222653541
248014003
278691481
202906386
260852470
311867995
229578348
223707073
1926869120
884556398
381144338
404248454
703580100
341160736
1147019574
391587526
1205123202
390220919
466966076
1602218341
2221931062
344129966
1195463881
1543728618
872185597
2409683900
468586302
736947122
258139540
2563975934
2492074382
327499066
41701014
497239395
2154382014
398094340
203794057
559054089
2305631360
250236331
485972717
260977449
517864880
743222329
600237060
185687488
442990220
870600396
197153724
574780585
239018992
266847032
437133883
343083217
466686308
380547020
430810773
819909158
750385646
1030468566
397003675
1120002140
937277142
281272373
411823425
218319353
1906559215
873630607
252218634
1529697661
803020706
954314562
424618544
2285622972
319717674
140109047
68338507
1142169942
1511390095
1398633798
270375451
35869103
2258109686
435882815
312148756
193079130
153606281
279126898
801736166
285137536
271975968
939367022
231679421
1570723766
263406975
177305931
224898965
381511679
83713363
179760008
1630390669
808148048
1363647667
303381502
1626981336
556466444
153577113
279658604
123437354
222931428
277153832
338667650
533257020
557130323
153598681
353832641
278187436
242109016
525264466
358954167
1265071
403802054
73787690
87503775
1201979378
1357747580
171944122
244136790
264237902
161060476
378253705
134123412
145874926
161425305
96417553
448001404
289634284
211187755
517025749
208645314
102569472
1173655861
191842280
380117328
17694508
349328689
624673976
138814032
283352311
62437668
721088498
315505313
153139530
105082141
258398584
285086862
161819331
240388566
164715111
293620618
370806507
119588510
98708202
133184048
215996236
41484416
161816046
381765738
216783643
203093566
147443195
809956146
227010128
202782111
209255840
221442560
135323871
35047698
330021348
714446324
1955751
313578086
202675636
14117843
153447983
355809231
253283916
150730755
173955464
133515601
334299056
66040726
263249352
394145586
355657601
176627597
20673048
79341693
127005461
96169634
389736855
199023707
371320769
348514673
410163657
264492552
205930411
220793233
268485186
115516167
77512825
180515028
204840311
277653088
260036621
219012622
140922305
245350086
56502954
303941159
22952132
107125043
347344077
308592377
186471345
33884545
134671641
156545066
126760901
368569541
218495526
285124854
273692315
181809926
110499422
18440388
402792488
105520431
177417739
57423044
218549276
371025920
416629227
95037823
526725072
480943466
254519953
377591596
106593616
199797090
382111985
393606576
118090963
373516137
387282938
389652395
365553561
326501293
270227161
228374357
15907720
38252092
197517721
33779087
197207602
409594784
21028394
155549968
268420208
247455633
204807596
232237571
174704484
196657759
275081779
293597186
343025081
253395986
90773912
175923047
138228579
240859258
86102143
166206743
202792190
206724521
247349643
140513962
271212705
223900991
67354601
317888472
233663589
199788212
234389336
292912153
277740253
93082935
19236074
334264609
254275716
192733897
226657825
239149232
263760525
237347842
267842310
302192313
236401550
34140316
161814182
267939039
21514980
18338160
306048944
91488267
9938852
117599512
254274083
305005228
24702915
250729244
104974333
247244576
126329015
18079284
91390383
37717733
136372603
258970849
128242439
203758949
235029658
167476454
222231985
161822563
119392416
274703361
326344160
66483742
198595684
161056452
200140664
29450855
246112803
209110979
198554964
202779862
202274022
17813487
72325179
269862460
250232548
17549677
207507776
92670884
235599881
759251
159162810
161829772
234916423
244246623
217843851
327600591
345053613
161775175
271933511
291488429
207735455
229590324
246372950
189173224
151046032
8225692
209780362
79762532
10228272
21237045
184457107
210148155
161834182
54389843
18804414
195048109
151626579
167178940
97513349
35075352
205703978
51254405
163978358
76364116
146911245
202282454
185658756
128937967
101895924
116091551
47384568
56039780
207138024
245468333
82985256
72900795
81524408
116986037
128667605
212455981
73519392
14275290
58813551
14273705
204406337
217928705
15447575
134462765
134895754
58535652
185010290
151121924
95217117
57333011
86374475
110007499
225228115
109965295
46751069
129973351
212237670
97056406
15184804
74534435
133477784
39652411
89563373
35289042
46700541
119768822
141180000
133365075
197041714
202829724
212968729
86398265
220065021
17627635
