58560480
387815553
5177541
75916180
21133007
19661294
23622416
210226933
735014119183687680
290195775
67642126
187953970
246980132
145348732
38662613
145326632
87376796
295419586
3252690719
360015029
327684250
259316970
35289042
586
1205946774
233704756
2242792591
1402566253
44355075
3523347197
3592319536
329086037
245984876
236994974
552484475
91266127
78046599
154048214
46485425
1536791610
105297123
44794171
288407382
247476304
136502543
2791475831
3312443951
896195761
2842600971
112757144
3379624912
270604634
395412077
50238695
500841518
3875560643
2495199115
2550023839
299918176
1117317140
35856249
319735479
412373658
369667975
4685926452
448556308
142296675
328058903
555438504
844865466
247878386
220946596
402394119
125772008
296239551
262872637
739061359439151104
149256712
22970952
14515205
230287527
11094232
265945808
1335592814
39031458
109080015
266736574
205632746
32002507
27801361
39275966
31869934
15327565
16225240
16228398
468583731
36728196
2298336577
2508038070
2436021763
67772466
255649220
2885116713
805109695
8159472
140070953
789605024
1469402426
744714542698139649
949995494
134830312
2361383022
211682243
301864401
2401702404
69962890
3818126601
455247562
376186166
264904132
100540784
185305650
78607384
198595684
3395146167
218549276
339125954
217188308
67788043
10671602
14922225
18988524
364347175
1624288700
15590302
138197093
4890440843
61433111
1071624907
144884495
42933426
247462556
22910295
96951800
122392884
106748209
199492223
129995892
52819651
10012122
174361486
703745057153802240
14444578
16575488
2382069889
289883736
16184358
20562637
168857946
8161232
278691695
297047872
314792669
41305464
18847632
18307793
236956880
217518231
25743813
95955871
2836755090
2533015433
307085718
192564205
186471345
264153788
1266084104
170479559
740336334
14872237
151123001
17471979
1018728403
48794931
19407053
601084073
204626870
783214
1390616701
106514629
2169101119
468586302
475329140
556466444
15492359
3372106840
357292533
247726670
192611378
23114836
343627165
627673190
21915474
300114634
415859364
90057442
15506669
44196397
50393960
191076302
21586418
369583954
310463188
468367694
347349823
264820822
46630111
2511441026
122495812
249839443
232237571
19095834
382254928
14616081
318844390
1265260098
449397239
847238528
361150095
2359476565
2330223926
337726224
3357246052
742026391
62513246
383810354
20434358
383453331
273813942
2806122015
271085050
3323653959
24776620
246327338
527813473
2466649381
59271491
2813145554
2795203509
1209383221
8225692
8381682
534789308
35423350
1633698128
94157849
81963817
96132911
48505632
16240818
2761335467
2936224792
226009677
38222130
322681145
128351854
13623532
221442560
267939039
202792190
939367022
284213668
105186569
1543728618
175923047
37717733
198666634
857244379
96187825
467933068
1660468830
293133867
321227779
165111862
2805762021
153694176
142125003
17230018
37019708
1636590253
2716848835
737408774
303941159
250729244
2465208079
225632211
2191632881
1370345990
2612599746
882582638
232631563
344801362
369902705
610647674
311867995
2409683900
285332860
134937118
133681320
175206158
200955793
138372303
148041096
45266183
226707501
85452649
345053613
1323368180
1003023973
1442209236
294944608
260511797
250459110
531425904
263010133
113771891
33995343
15248067
378253705
127916903
296600605
306305988
166369621
1190505763
38190507
327499066
817845968
36483808
883407842
118485084
1444216200
410420642
17905183
18863815
265140850
311248289
66436490
219012622
238863153
707720225
20666174
193058226
115093611
296225755
91478624
1630968721
738623089
202282454
18776605
1350404346
1514093174
1682833878
27677597
259780884
1228345010
189211851
53486002
24647213
104974333
341864146
1352673612
373187985
210474763
250831586
1373685216
383816641
477707113
158732968
54387680
87955796
29479000
1316493420
89533247
144435692
182661710
342599843
380134201
604988212
165699676
17005390
87531731
341160736
126827931
368117146
236401550
281877276
889572115
355809231
801736166
290663765
256559411
743593404
38782820
277359012
789542191
766767121
14333756
378223565
218975964
101895924
35787166
104291835
197906197
151635175
93828170
212968729
770926248
399770457
21219500
299174894
192585300
153977271
241638289
787284692
142295586
369341640
211628733
470328369
119952385
884556398
198963570
127049169
197615481
166455445
106170524
215996236
315318903
460546145
25073877
947871415
352179845
28217298
29856819
74580436
365047140
178242005
22542429
468429955
259612451
31290887
189332826
280594653
145276153
947217853
545755971
357253927
226989334
618420295
813286
34421926
21694413
850309244
188351485
578555299
362561626
847621969
249459823
383333747
261372332
113847127
349230384
410203574
250435380
491578273
164715111
115522779
303396756
242830345
270452854
98753067
120924858
175469171
792459547
287971579
33884545
309276451
575145162
772670713
614658854
240954971
79293791
201107952
512468850
249907107
38227815
140960194
385621677
132668172
152341621
390220919
352053266
442160847
586696036
351248211
432972094
393092902
432686426
329407983
420091102
300390462
244246623
489002307
155659213
247350735
23457682
330486616
556944013
186923446
252884601
141422558
137743312
17484709
146985042
365860744
251960428
499527928
212237670
210148155
166297244
192028090
478747583
483441654
218626985
255633416
259810724
304744933
72952158
182845963
61495231
152188619
245579228
18338160
216845160
284148966
38038211
305005228
79366223
300364644
14124972
209780362
206680558
111052599
224400256
305085584
170895870
39203045
237468867
155549968
15447575
128937967
130122646
28058878
185827887
224223563
90836187
16873241
149159465
184869405
195048109
221790507
47132215
