217964366
202280296
17093617
58089026
3092512761
105190050
34910262
210305142
490500499
702121250148245504
1707503280
174825461
870427639
1611228823
2811056296
200955793
210517381
175206158
399732514
189173224
381144338
365665341
183511621
437570718
1205875579
177056798
240009788
180054979
2542316449
327573544
326531945
1554424021
1571475865
1726625022
183667577
33356608
248957626
13931702
142295586
627673190
112764971
142296675
108505522
14390605
282144584
2338960746
558030899
1221874699
162773124
182977286
2327983429
702163257
2327828377
330537082
230180841
123973351
1102348886
47219796
2314663164
2308442470
305195068
192229486
136037530
2312473423
562266736
618157250
1143708211
37566501
2307074552
2307040040
156112273
156522339
234124274
277669132
267123903
962940698
437531022
46928746
228811471
111998892
1442464778
162394413
43643453
154164587
550705069
207851076
2278622048
2277848346
2275321117
2276996095
2274746485
2268091819
2276737710
271640558
265965294
39312762
162096743
46269634
360639149
2250307860
295233915
2244640045
345949294
256807770
244674188
1587298657
17711494
106742844
309145714
226764975
1436363071
246468302
782880986
182097841
40480146
272113488
217507875
377491075
14070641
199757291
352365494
2165263434
218722194
2155025471
1655816761
17789341
44993565
227494599
194380963
347567064
1669323780
328288650
1949639126
243286616
174144437
135415263
1854684708
1901329687
532714398
1723491788
736126520
91256141
39558303
76748417
266691792
216205528
138510935
67345441
311240976
198368477
500440742
344052360
203504601
35095174
235645741
141807853
360799798
202221519
521905904
1525064221
1714001582
1764355986
1684958953
1158497094
90836187
169627734
149664087
176906454
203720195
287273154
346729237
70719975
435276980
1723101846
131195849
64783570
131174966
259824508
239939412
1607519606
322317183
219145796
1686004453
282070173
849080083
144860175
89392657
41152239
148771544
123991738
377635430
181642310
469538050
1651448208
469785883
233567795
155785472
1241635572
475448884
59527821
216906427
311572266
469421857
308153020
58245114
197170317
292425855
1599209348
1467423312
286735117
132674467
893556823
413182028
101547385
202980278
203619005
336195354
184516907
216018781
1583629458
615452497
297634830
157205699
939953419
302124749
218155159
1042611073
149203308
147850036
390879406
635793343
820130779
183661586
105186569
150008859
195048109
175114792
37717733
388575584
397491670
209134903
236216914
216752205
64340930
253714222
92880576
194429225
1570439154
801205639
274340416
814442240
1465412071
131360584
1563853135
147960647
148173738
506539101
224351619
188843133
47844534
962737249
1546254354
751861993
57733568
45215664
198224526
195118188
76238364
243825279
568570263
270073687
91939309
419254042
145739854
208272059
203651402
269453227
494663219
291479016
231637184
513781077
353704087
136100593
475329140
577478109
237440982
158732968
186557332
205564339
977435569
902481463
161789753
374851931
213793914
184457107
192378571
291367030
203968159
341160736
309490090
