8225692
315377387
809750448
774631806
947217853
323243704
148590159
58808861
3387667859
774409314182258693
558797310
134937118
17518588
3430712254
66019768
734842993132331009
94119095
722058248338149376
67634114
193359470
378204367
1610285629
29479000
25073877
4574744055
2960861368
140574587
140513962
344129966
3372106840
1699709462
234043665
3294622804
282653145
14333756
1652541
212005903
1542533869
28785486
24776620
487198119
179264501
1003023973
155549968
2409683900
582416530
410203574
158487595
185128902
290296866
312784108
235552930
412104315
596084601
82936259
59714229
177390863
335603237
376525690
322984597
339265558
256747696
273041338
282235473
213793914
320223056
450982091
327658894
175114792
