2329700609
2358556688
740484412291350528
219674231
63756161
2149182421
2864133899
418659065
871770524
104849636
735593131169742848
18430222
503437529
30404308
1715637750
179377091
81691066
164803945
324896218
462291411
23922797
755616709206241280
370709729
1137479238
3907114218
214709879
2786292226
168523569
755123788375818240
910412179
4173754528
327750377
117099889
843925650
721197610560671745
1566660236
778942186519982080
3243658266
3248049756
111052599
3252621639
3415601925
219758763
296414175
494567990
611170467
729206600
225228525
424640281
40937731
58545637
1351342015
18055737
756271337585319936
3320478908
762340769562755072
742757021221539840
2411428688
322225072
896492862
136287426
365033122
257735781
358325721
3178096347
4048301249
3224844831
3396227409
383144838
231577324
4775468681
149582785
198714937
214717031
323274074
347956997
304526698
259917098
236983585
915230940
386329105
745137459193745408
2577686406
2646255366
2752999575
338659814
3234130477
728609350504349696
124946553
76442053
325936722
184119254
281604990
2752567359
3163717636
4896431302
403009161
450086130
79441935
2648937684
710624280938151936
23426889
2544559794
137440868
701465499805335556
1680844615
715644282812633089
783214
259899376
39600564
22965624
44465139
349759600
701010057400610816
2872575991
2666839646
278824679
123681659
429231940
327767874
62536844
278822771
52530445
61841037
74473079
126388327
30989684
104846297
130960328
58947222
64505519
596625983
3092512761
34910262
1411589604
277359012
91688574
701869106161721344
247490637
3092241503
1368020239
4546645432
1020383864
266752236
36843988
15492359
2800935843
348058612
2364546846
712355295381610496
89541161
1878681650
2446959751
226432158
1323577315
703978262
257211980
2234739162
3968898615
101798589
237634998
2190887545
325292848
125188360
263668285
222628660
725505255471992832
568345039
262951508
556389862
234092838
390220919
241712584
580054293
552929456
221796345
200253513
274117606
17993006
3891897201
704816605100900352
154048214
174953869
3007552751
315063154
237123198
1173465360
67555066
2647200466
4709585386
150788409
2543837386
2293380452
1629178446
4568771537
1393141206
1603692895
204832963
2484816973
287869047
4251011121
125122481
316278473
2892436019
2810620546
1945082138
625022363
1959556592
3096642344
377567992
624288351
2366101376
17344075
2597498814
117662694
8283082
18244358
85839993
205041046
856611469
358954167
1246582488
727258134
2214753612
395149823
66765259
901108766
248877722
309399339
330235698
138072143
58835677
2393423492
50115087
208442526
189253902
138725262
324437908
2617471956
3019951833
21436960
19722699
52146755
11348282
2326443828
17842366
2437502443
567590159
2637132063
3003159231
515576623
2897944756
295745160
238360963
586652870
169213154
65654004
2377247826
2345965023
147758149
296239551
971397882
31537951
167180185
18131961
3161331709
915796772
596783962
1368995640
267067689
2686440852
1372975219
333091292
71835823
400451923
59254272
158200484
211757535
17045060
888144919
116884740
139598136
2291246504
4026649174
277229355
493769335
246055477
90223646
392815613
145326632
922399651
305005228
455988905
1516506494
234071441
917149135
333689673
354885249
300390462
24748345
38146999
16544818
29774968
146620155
373373336
20793816
16878156
552985513
315377387
128937967
101895924
189628123
206724138
437636228
131301812
368542860
2228424470
153167118
16983240
2816119311
356429740
3259914893
214740111
823905
87818409
2320889712
17488526
14116807
8357192
236036607
16580226
20060293
29472803
205930411
15862891
32372834
14647570
19658826
3341819811
458345522
458289520
1092684408
1290082680
309487779
2329843339
215579746
151590082
301114702
587626444
448085678
197180420
2577633949
1224944496
1585272001
376293480
725045737
184562050
106876550
838053996
143960438
2841417533
192585300
222496151
274340416
87121065
3033103596
536823070
193484538
144866342
259287317
75742264
743569704
346194479
161834182
203093566
174297283
135009793
186923446
125710580
287377727
2348707813
1339572984
2784275094
708207625
31969184
2391707022
635540259
268439864
48845561
3795742415
2292091861
518464615
1638332388
182549101
20562637
224372609
3430434581
2986161066
61275679
1422140179
193079130
598382932
127873874
51581070
741614100
262389559
2505267823
885614365
1563291570
245192347
1267262298
1636590253
763841
1359884521
246576509
494425148
2900541927
429073522
2204772113
267873146
15463610
136372603
59511323
378253705
198595684
1340658163
2460699336
3307150444
2372984767
1103376337
52632619
97224502
2551933238
2654550968
3255796874
921656922
2704924166
20536157
503214943
21355337
239760107
487833518
381187236
47793942
269862460
239471147
235712666
3374590282
1074726481
3214677519
27807595
792526254
3426156903
3228638117
349318125
66339576
107216058
41206681
1181376619
1012353787
2470723877
325191251
14369839
314276021
415071982
190869117
100945048
11859152
35860484
94057834
574588417
1452617112
1324747338
2597137035
1892478169
552135087
400937783
730979420
720546870
179673542
218561470
314711916
106386499
376381938
5695632
257246167
17230018
2167215397
3368617163
2231963072
211643924
364528766
2680783418
18173624
15687962
16786977
1269239299
335939454
285049799
493889332
111331599
1156913352
27596259
77977848
266871489
3307463501
130304653
2349042853
187477953
572088993
321961593
277460541
719169680
499238848
1137638220
946220329
2778537414
22536055
87968068
10228272
30313925
1536791610
525808515
2826923126
81214737
325451111
267773175
148862570
18430082
16887175
2891512492
192942213
33884545
480634600
82239511
453893556
1620869582
20553892
729416204
19649135
128352838
1683043940
108488345
25212888
1195894393
3303293865
304185486
459579676
46475424
3159199110
2770464156
3242117836
1421923694
8923182
2584955767
344233099
361343242
252884601
131706767
187354496
2423290220
430744802
17565514
345811633
1242584630
107194403
1537428122
2249326920
41132380
1902465139
1104285710
329408325
176467344
1009388767
1236938930
206404551
320860919
1021140373
1716155593
2608916972
40949882
2263298545
22945229
47488068
473347491
2474136955
2475759991
383809521
25560255
774631806
227349712
266230511
24457744
71019945
175260442
217188308
1961344201
28237946
19940791
23638544
103887642
266381139
1697340228
1689119341
946032374
133922510
977435569
329840383
230321721
274364481
198226950
214244250
1182932004
2915045296
1005719437
272188801
327499066
2782211491
227912229
803291118
232162635
1062240432
56006912
26764002
554097029
292744968
1372939538
43366773
834702151
253678807
6778832
90866726
275235175
380032301
2788278620
14094741
134658769
2821998064
1099879501
235430572
2599761930
1723019654
1311505802
1292013013
333700335
371320769
2681556406
1479219458
2642509145
1222040899
15143478
84054978
2574322736
80573817
1960912682
1228115046
2424408800
250669009
110798209
1148209903
271520715
2265763884
20565284
2376632480
487141886
153694176
413077030
966137557
1569358788
321606630
69099918
66436490
1363260169
194748241
972651
54365543
767611723
253209389
402224702
1537013378
426080991
2416189933
2367911
372126062
252274577
1928274948
15438913
44442099
132655244
35549780
82208992
15907720
272106255
1152626054
374754092
813870198
1570760594
158606646
1460876869
383434786
339018570
1352477078
53156616
435015589
236401550
347344077
200602996
1630968721
548683892
14750983
344145794
424618544
606582192
838464523
167646765
120384185
1357815722
574714480
844863704
862580828
362565198
1345917848
868211406
567330951
1733130745
1883654304
83366359
334954726
289931787
581344536
1386005533
261568800
127237662
777414290
1333048826
2174443129
448001404
128579572
228609209
67634114
197149331
165460181
282245759
168054937
544758396
809666762
296639136
572020654
1645711686
281223434
44993565
74799444
123361483
827512051
289915254
598772357
563350368
496675984
2300039929
336186680
1472400620
1444798202
512288081
1138007372
1687472119
1577878236
1578291984
1554188012
1377986125
277153832
625593977
2480176298
2522633255
48576249
263720951
62513246
232354452
1050960636
316781217
394360111
583359940
63369209
326177717
410163657
368569541
360682978
1798377216
321446457
2163047131
2285622972
362511277
391490715
311248289
58535652
1535609209
78380296
1230694004
180463340
461564458
177188139
55893446
289020391
219444800
166284564
312148756
384061421
322082897
8225692
466966076
22029553
44940629
7748402
129993932
169998643
2328135656
96837596
2161627459
303941159
291773990
337936630
369880120
473123904
1551251448
198577379
264492552
435882815
759464474
142811974
35047698
762009996
264325883
266834301
1327435694
208183126
292994305
312169738
278087374
381641092
347505042
432965464
189283341
528512887
30602016
947957610
28840516
910922814
2221640574
152784006
23504870
196802607
302966994
268986856
633017020
219012622
1431568255
155092282
130613344
408131205
1462635949
369206416
88592565
6662482
1102364960
530949745
1228312916
125492611
228809850
707315687
28826893
827516286
458924161
563971016
345323534
586093132
1038008040
546402846
40886556
442855257
482345659
239184908
506085138
527877737
370272516
966677203
385179187
212746249
1595329195
212237670
197041714
79886291
382272953
144690143
2161233066
1620064044
235190946
1689271854
301831339
35234227
715437690
1070764538
1553602322
202829724
413091006
211652284
258579743
1255473500
24360874
66023230
309137007
803637847
241393863
1723731697
1462120508
168033508
952135765
96039232
506323682
367029847
347985891
88387186
301141399
549893437
723397825
810864836
1411219190
805863518
615810160
1257340549
291266780
1228497476
741828878
398933451
244730854
149670497
14342564
37571479
1578046844
299751176
1286328163
1462698739
479997925
221770909
132688560
15947602
916750345
581229599
1378081783
89478035
454132312
241274481
197932909
240431458
409585507
1172677675
761538565
365220947
1510708878
323586408
242465581
212220111
527329478
2553151
771955592
140048972
190907104
170528373
608541781
322933672
291446103
375434211
205127744
1429645470
846741176
807131618
198063194
268485186
256031126
1290550819
1118127355
1232517300
596941993
27042513
465855867
622942073
1087261724
520029117
36480939
63254540
254319748
362131851
380637544
260513856
877120789
278579885
485259990
1211031368
288528334
240268424
1149322308
16538808
184498297
824257333
424702159
280367592
166615980
529154893
270432338
839772956
7540212
1278917156
71764498
331282109
564722840
801736166
16321163
902481463
539501831
1216679780
583967687
562965545
201885591
175114792
407105950
132337337
188406736
96169634
222231985
842267617
413694085
285802655
42308605
952103431
1156118384
1014384037
251922978
128256856
349211813
566935928
878774875
16548023
77342964
179171867
95711439
597124865
553689508
629430743
167046714
1060983132
1048704758
175419025
155868007
98358402
134284431
214906550
206502414
193969942
145497728
1010506741
537439257
234190169
133957633
159284878
384055988
169627734
363934016
856928641
322069270
430375963
309985367
947217853
284322728
158074932
390999125
282768438
262824065
930697622
269453227
577478109
406035622
214118561
819867930
128059548
318917831
319329656
161426568
600984917
226428211
290424030
582519519
52427694
505921991
865618866
313614058
388521369
600998629
551097364
288405888
350411337
454242280
552197432
46754742
485207048
353704087
171927112
148794487
229614044
785737830
228731911
14160134
248951046
419893737
256655981
244232808
272170135
18679654
228494991
295022152
227921622
314943793
255220575
399572525
150034288
147032692
447633245
178883308
799314361
125561621
295416119
41673723
38190507
441137012
234901592
203604894
226656877
197892073
758342510
765930805
212087229
323243704
219891879
474418767
132998754
302377126
584162460
590872498
618496018
569735482
139122602
736820545
141782624
264693907
229144847
475329140
374851931
205564339
358782657
198666634
46205856
295985013
255067662
169931132
176417208
324653246
84911364
116351908
334742763
175638906
606444447
229543890
67419964
452307531
266362624
319296983
253825341
632712685
179987182
93894541
415963768
74453123
513262949
231662476
615574322
193583660
30456355
291588416
93192170
620205377
311183633
37130184
406744818
250083579
324772772
188069611
495266619
5520952
313587802
234893497
591055902
621470544
410203574
397632308
450039729
383279822
591182426
306311289
508890486
320587158
437410172
549437929
260038542
396945853
14780915
240000044
467527154
451032248
118161896
204469455
128622564
15248067
544309956
317783903
588642803
160817572
166739404
177176161
243711677
126217335
288927277
297169759
217588362
529795547
20106852
211682243
285282053
28657880
44519799
49889993
4608961
369897187
148759599
67665104
186471345
531655941
55098867
187963589
21181713
417311399
222215534
515011299
98663356
69176065
103059100
288437061
268516549
159342762
510465696
321426038
118777343
213698984
95955871
165942328
472682298
32985158
113613920
264020580
291367030
101338172
12416472
167391967
171313205
69542069
51086473
216004426
17350250
272091789
26787673
240008178
281684300
15648827
153686381
164715111
184910040
161280980
51804478
29382965
46969537
39713740
21186298
68186426
32307696
55807361
59222022
122415165
17471979
49110693
186434558
168660177
13479052
58205522
127454658
87278028
40081196
188103460
192032708
14333756
250980763
56651117
23482952
163964016
20255162
72644483
455030140
80576214
36751350
221394758
434765324
61975749
64051613
84163587
484425239
348379865
204998743
443891291
209178863
114695801
106538753
97979210
156113195
256747696
247878386
342836956
262470710
238180005
220742208
46365884
148581410
475930420
185658756
48872070
17156000
210209233
145739854
307168126
235676879
18647765
94505346
47384568
184457107
127038931
239976157
388333426
228723028
274259338
16162783
233718480
306439596
159608908
62186451
215439713
262255314
212003118
114727085
28273618
114570540
169763616
148162812
407336502
395094348
351160028
378822421
374131974
24776620
365720659
238807707
99857093
111459200
35094637
178204132
167052661
38711366
52169920
85616395
189534066
273692315
237468867
135007176
256733162
314792669
17316914
168165157
19081001
55463046
319707091
136214725
142816723
307657571
340043311
235723504
197517721
125786481
222850216
244074403
25516302
11354672
148746196
115516167
244576586
298638577
197886042
255234746
123057032
118800631
31926657
106241048
267363892
219129125
180853251
132789236
154912041
172141011
165260024
23976386
257068100
302435739
49943559
241282547
287851449
279301672
126198709
15166316
97513349
152108742
187357347
185336142
217843851
147020852
118840509
153493818
171944122
129973351
212005903
204840311
162228597
228231252
72344805
251887080
69101907
64944344
18863815
40076725
15846407
11740782
155258581
34015654
191872261
77792947
162418997
137034509
264419202
19889739
74198943
79982342
70187344
237440982
15447575
143372996
221932415
5177541
16617798
126844764
95217117
237263060
24886570
235625906
82985256
31241437
94360081
98765275
97476919
150008859
151123001
221386591
166320149
26757599
199957878
172374477
56039780
14230524
99134327
