633746942
821206428
796157476794200069
2396731321
18079284
119844526
22952132
150137356
156490003
214258384
220054110
199023707
3080767078
1967291292
1671358760
2932680675
14055296
861686282
4436612600
2768364419
74992460
68036460
387815553
14614369
140048972
20085289
23734018
97979210
134995285
187357347
319756542
193688361
221394758
405785032
535522250
188815376
370037580
10497222
2869601399
510750952
2341817337
402856712
83817899
18382184
576360716
770571614912188417
14511951
19568591
38286985
74651401
2975678883
25365536
35094637
306920425
260894276
113120733
51241574
2382060517
128947369
15224867
15359578
2239749540
47785664
430394141
765638452176154624
225539878
98851441
1676109589
757568929254502400
708207625
172858784
261228758
376186166
315377387
58528137
74236871
992814426
125399079
101928415
563350368
133945128
15007149
193400259
317888472
169279319
208142856
205930411
214740111
15485441
119952385
109387470
2331088027
119758810
1128427092
244616510
21708948
202792190
39593838
204998743
56039780
110237938
220332032
813286
1339835893
3645222215
17484266
153295172
520653311
34140316
1536791610
157140968
1244357988
129577181
49658852
164011139
2832585431
21906715
1132892420
62917505
2769543749
108740292
21681809
298129965
105082141
39692424
32201307
167207533
161775175
47786101
214807647
18661588
1073159618
47384568
8225692
129993932
225539466
2197209093
42434332
95217117
92148995
32573359
197932909
1093090866
25412269
21447363
85603854
525264466
15601251
46527223
202779862
78377317
16399647
94674352
119588510
28199289
409594784
14078504
33398564
35785401
186471345
217493607
256747696
41396492
15846407
55033131
185658756
90558638
134123412
128937967
167391967
573178377
70588331
167178940
318214035
97513349
106538753
153493818
316186696
184457107
32959253
14333756
33884545
86867494
26757599
178923222
23617610
23613479
23457682
197642500
141242516
202161562
250227837
10012122
43152482
