2916305152
193446859
39068075
804476209
4877655209
1179828487
2330223926
159978500
138973213
210293364
191535043
35573963
1854810506
64851710
79218321
263844098
143843372
2370979777
13992132
3956354488
221188739
194332456
2860049440
1151346722
131967942
559808578
742757021221539840
270109821
2172922045
30684332
459555683
567200327
600029236
296977242
2305049443
715644282812633089
5454532
2465873473
4206492575
550336226
747914367946137600
102375372
189348727
38696061
75037435
29498644
28830707
51997855
489440699
322082897
3892823266
415900310
100322679
162264089
285866736
303048990
2183391708
260421063
1656413288
1173045517
2820666877
2906071884
3320478908
3372106840
563940069
2828045505
1881014948
538553712
2893511188
740324627822481409
38048126
18111004
708405642420211713
2482671150
30936385
611086667
16385222
589265038
745726104745443328
172793546
343694145
183133891
160941691
10594232
1239840866
3361771708
525312787
2830051135
1058376110
1520006918
1275687254
1081982948
1536791610
1902653096
419239825
4874596871
258304652
25156826
730914240865820673
376378883
950341134
4046824000
74604221
501389799
254306688
215797451
107512859
456862468
832695379
155673750
9782492
2234675228
1267438892
721334476
202894143
1375451460
3399147466
130636009
2204226163
45985448
3154712493
3327720838
7385562
763440894
2180170945
3044762155
2151264666
449237769
3066551830
18060630
3053767732
2581087213
2587784865
629904921
60357435
6761682
292555960
1187763794
722058248338149376
2394397584
13784592
103436724
215982633
209780362
199354750
1855517916
413474964
458035383
403533781
76777454
468750705
50780782
988903549
199466203
172200489
36259432
58939647
104969057
258483856
389643429
823408664
1470229110
47786101
241382835
443215941
2282671736
17431069
32132345
2774481457
610566084
267455040
882945397
939814352
46269634
334060988
15723732
46598192
46164502
700558106
52613032
466966076
46509425
62694095
5135521
3316102451
14137190
1857298896
3299940953
571774907
3306348261
262351887
24807616
66561957
19920001
147809529
15891093
2474719489
2155365456
74580436
16686144
35944242
24700154
131102007
25248601
1400757290
2734690703
2857479956
275686586
2180163722
342328462
2393423492
2972662888
736417956
1681669302
202782532
1023096199
2215067640
961040029
219019984
406744818
2518155991
309787017
688583
142130085
264899044
627424940
2432062139
94513741
272785062
507613360
290755581
78378281
240353024
2175070020
135409637
89014057
1390512968
1581649350
760089120
129590021
31049965
91911969
2817315393
91743023
2685211476
1028329926
15332636
34083132
353500108
31824920
166024241
543640587
455922834
15983767
55753463
18199026
87318558
1283561876
205011496
71462670
2617651119
15416379
342991010
116832960
49636886
247239087
1149386466
19238548
19042491
58267225
25170188
1719381343
1344173298
1437283735
561447418
2221931062
14573900
136135705
2411221668
1070929081
250369917
461922813
475294381
1549211796
1660468830
966672943
142769153
1950080910
2305666237
39863994
23224628
18173624
2241404952
318016839
69416519
1640169925
18847632
326949543
6208002
275341853
224898965
2263090976
3141101
1674239755
337261315
15723995
1684027014
788186046
718462116
212330400
858621074
159748270
860780238
586719909
142554533
75916180
18159470
18863867
15429316
16870853
1344951
1015228164
1440641
429319630
2149556030
473082049
237312388
60668361
1321258214
18709833
235973809
14840013
319180602
255103959
842680152
1345646624
989998356
565232316
292092669
160602890
208648549
1636590253
1479921636
802939002
264492552
1003023973
267892784
411634572
1086485478
219056230
151232686
31488328
136494155
34443448
580097412
613626869
1181216688
419583701
183411445
460357821
205564339
325808755
203403958
312521062
66219583
332489772
1120185762
25061638
332638587
25399731
80096621
25917171
1337785291
301398211
179149890
213855080
315526716
301672010
18371803
15553222
105186569
336145436
123690515
335715352
1092684408
268485186
508086493
436292177
124335068
313587802
390557283
500042487
236956880
67078807
985172054
262673613
27758112
41305464
180821354
234053160
19656577
130215503
383044849
1093408824
836818970
574168493
805240801
28759876
576971788
27473819
18481795
181123681
575854738
631674699
110665082
102152197
1269814478
18755564
909871789
1087696081
166433535
44865971
329746058
288333760
64655117
275215221
228184292
16409285
25460615
235180078
977435569
464973289
564303265
131227609
1126867837
836213647
228534505
217432070
129534666
715487874
75974281
293062835
884556398
531750633
556466444
1058847528
109371389
745861345
216450809
33887079
71283672
171170166
190689167
198198195
75496615
262984907
621375775
314792669
287168172
23653153
93054106
85120614
495254167
25155809
915170798
36900747
632292632
15648827
179155905
65992743
404396669
20685061
87470849
89634510
385610182
127245446
353761882
613767148
434650027
30103231
45266183
80117675
240502834
313527365
15840846
807095
256573865
455128920
29525723
820130779
15248067
138256472
308193132
179714493
53163899
16262204
185260477
23326261
292744968
390220919
372507770
170077024
519215399
371596038
520029117
469421857
251568915
77385109
147778149
173885254
24579796
190907104
16208668
715660896
89366493
214942749
335999276
450200372
575793207
24715731
229543890
217518231
54930650
110435703
20021768
311784266
552461336
89158522
165896168
471287735
21440766
193018167
19096593
16586802
119875281
195814782
348785149
285282053
47285504
594831565
397632308
71722025
190116909
18256297
552254273
256276646
205836323
52048833
34655603
217188308
112523709
14872237
288437061
510465696
547554578
112696972
310687757
257965632
19081351
19731770
176688864
65203243
154698672
279189207
56006912
261568800
100684909
42354756
24040359
225091342
231410955
488134347
229219088
21185751
37351496
43165749
93131556
427697472
213745334
200955793
44473103
381144338
17790274
57711062
19063323
409569804
2521001
341864146
277570704
337204146
150694112
322681145
6601862
50517206
62971680
64892324
265554862
89974208
337894513
212702422
21596702
195051791
32116654
33732317
279452961
379321428
374851931
374171887
82918057
140048972
257024105
274669824
95706867
94166168
68763748
148759599
320232275
307057915
157205699
78709482
62284283
200755344
361078839
309490090
259899376
190364901
134551473
133681320
27760317
15318032
333846075
21060567
348140125
342498584
21966989
20455625
16312576
335720286
270193608
341160736
222331348
14293310
24086450
27969002
94120287
271310204
21661279
170895870
131987945
113613920
17471979
216573763
337359938
16928541
191750596
62226010
311390876
28665877
288452305
106876550
254295223
156857495
168004481
53696068
44559386
321055429
292077714
297047872
247471474
46527223
74622617
89112033
38709939
244293586
264498030
39081267
18089167
17461978
18396706
305085584
77113713
16302886
22256645
213793914
54249023
285332860
7996082
22667853
222344324
289888727
32340023
134937118
70805948
44819655
31241437
102570694
61061751
191986421
72131112
77826295
18868617
155927976
201343747
17241895
88740252
160430219
24776620
188635133
36072985
260773265
124450567
48477527
41380789
197117628
118085767
58531272
82714804
36676441
256394397
35310222
256409802
236983585
90974409
259925559
269453227
186923446
197238494
238475531
185827887
138072143
33884545
242484154
22940219
256373594
255747911
259379883
158782335
145712497
63580647
208175891
49326815
70274088
120353649
242335656
241183704
37785849
148590159
251471604
247288139
17636133
250843854
198433982
170462021
75838264
188385458
126029213
214791922
244246623
248014003
69962890
133086921
22959589
243284052
246101685
58835677
130262203
116646375
139595255
139554452
113109073
71610295
162869667
22493241
1737401
105027515
79392171
21586867
241258479
222533772
198226950
197092432
52769673
227691822
155549968
92002902
231463914
209178863
148181496
230845588
187269901
212005903
5827292
104738378
82985256
21447363
88771758
202797815
151941666
148233167
130283824
205378557
73992972
96039232
67665104
217843851
226009677
149383579
140960194
166015579
175114792
93089415
67135236
65184105
39203045
135176408
123338992
135218598
138600717
197434474
31949107
130482079
63224652
214344818
15291335
49118678
138657715
58361321
119392416
210916584
199011279
52878395
16953652
193790099
183511621
26662625
26662186
26661354
54396070
197594967
147020852
144258339
74169715
24574039
196415327
21668321
151544797
30050648
23440052
91743693
1715051
196778228
152405021
192378571
62988756
54365543
128393253
139791861
186557332
85633543
132550547
65491558
15458833
139848744
153176533
138119908
63369209
22575307
89503894
115486770
30098421
177485289
14824849
23560015
104191329
185928023
187726342
9506392
183310940
81945172
3004231
130894721
23396761
89047381
3554721
15639642
17545498
58834557
73443014
39689218
31246649
35376813
32144720
22083910
25382170
156149546
36686415
24291261
24024778
97082147
48410093
18220175
41259253
2463721
62290422
23006794
24300583
121341102
18519661
133093395
17736137
174496334
183387449
15503880
112915037
35865024
60765383
37456669
34776475
15809522
53388206
44527648
42982108
46233559
29867122
20479813
125481462
125480328
146290693
109650897
36293631
19968983
74928060
13201312
16029780
20172395
24305695
26051392
38259087
42384760
15896854
23779324
46740920
17399269
75094638
133880286
27150723
33581258
53297035
17017636
87148957
19583545
52291349
38222130
84219696
15830716
34747631
23248904
8161232
18785448
8225692
6207392
21554757
71876190
7540212
29611918
20416406
8236062
66528154
26053643
22677790
43383705
12044602
14123683
22720074
9890492
36880083
171944122
55033682
95956928
20702626
86422542
26046257
14429414
23670204
34329095
20823773
36019352
21681783
65031876
27930140
21955058
43283406
27909036
32309662
24502450
17623957
13838562
24523660
65212470
27711339
133763089
41229669
41694326
28437698
25434201
21271656
87467637
26642006
19117213
87075439
16660662
65289126
39184406
172049453
63675003
161830936
18690280
18197476
14994465
34305899
23023236
19081001
17968886
96187825
146099241
17220934
31293110
18887740
14780915
110509537
50374439
161775175
26098254
149159465
20097100
132789236
23690344
90773912
44496963
20018424
40768837
47663753
17398854
83924333
39991878
32866976
14583400
13884162
62543204
49608424
80684541
20449160
30306306
140980601
16685316
18271625
50427231
15924517
69656547
18931655
20009684
34900333
22709360
18685286
12626962
14464766
28718939
11740782
71794672
27457788
92670884
24963961
67995848
49573859
22832029
19661294
62591681
15901190
139556944
21879024
26347170
92367751
50393960
15095537
61898653
70466678
39600564
87736409
108382988
17718592
16877531
20195191
54343977
38741679
136007061
115485051
19404587
96629035
15155074
56039780
110827653
18785430
15485441
161734463
24243022
52551600
101894425
59714229
21181713
126827931
19373710
133954472
162173169
37093819
102802380
5077751
118570000
5976972
128351854
140513962
25403689
19058681
58233603
155659213
33466978
20348431
164715111
139092348
7996522
813286
27042513
17696167
20659839
18863815
31174031
16190898
132721159
7657382
40981798
28718687
112552471
78502675
69101907
165616919
157105392
165822441
145458458
40885722
89883084
43562909
135740497
51149213
164018962
165756771
88592565
110502876
125986692
49071074
153493818
106922021
16753697
95817606
163289257
15447575
166320451
159342762
17842661
22965624
38871237
17027964
47288005
90836187
29479000
60865434
130122646
24342206
21046818
109387470
126672013
