347958863
768447653239717888
722058248338149376
786059598
787375825054236672
776083491125616642
776110371321028609
175940832
4851632903
777248053820551168
217634571
2868267098
132547612
3350807332
713542090588819456
234929502
747875330354974721
1503931951
556152909
717650685416890368
268962003
330021348
60661915
2804037643
1549204238
3111704684
4165878249
4827902071
4365756736
1733547992
426366526
1965354138
3843324255
94012853
2861128005
856928641
2906474141
343289486
2985048104
2364242874
2822994812
2932917883
741374701
707386458
532263120
2181127406
393822894
2710521499
2801306446
279019812
2387935868
591125320
141659641
1589871427
1305467311
2497146240
2766784364
348725063
198002829
214906550
405570529
1140884382
2300039929
172990766
2459811566
1318992170
588376403
536539568
1476215329
541368410
1669385725
782624966
143131712
839886384
1695051955
485259990
1206173953
284176296
174279908
194327389
1945336813
115464538
216074761
605600530
197165732
582102586
144365843
91682290
291507532
271984089
106774557
562861766
24101779
2156026324
493736647
275660139
1454717852
2300588601
401775888
503954063
327175668
2201964445
1337785291
59714229
1330505527
101042303
285335693
93131556
2269857830
312169738
297552841
1576726898
1958875777
273061446
127712673
499048675
195358926
154650240
227720856
265158159
172558099
190441690
884556398
334735101
347956997
338002167
755470452
209749642
961420854
243980757
618511089
1258449229
363330190
395664381
243718287
614568400
239890751
245507382
369873197
381600258
329119154
1176421723
202290268
212432748
1321300050
144548179
276343616
370714980
321451289
218753806
385208063
205813341
1317709404
161408068
132031932
402132464
308547660
308255960
167535245
454073145
277139299
552836381
103104884
106764945
405892168
294329339
1042158368
1281272324
1218856398
185305650
372604703
422223738
248733667
1488921505
1417071451
475380667
330391094
266936566
85241696
437679763
1376109295
292064517
318474243
276790231
1241668681
298694733
182858554
326340018
921610442
800997024
575607933
774557850
150402326
180505807
1335700394
1009388767
218626985
238206573
426963836
1048704758
201343747
340360210
256762202
902545394
383279822
391553878
433903530
276715521
88681373
1266127417
525264466
1289505506
542938447
728808300
235723504
116351908
331282109
1184177520
76090875
379983080
571610859
110295837
146857757
1149322308
611543378
1092496831
947957610
222703134
1105173847
819867930
962107058
821818580
238610314
59822518
173711844
768232934
896028026
314625513
627170133
482996144
300092765
1000285850
210509836
56039780
229144847
189534066
380957466
223304073
912726440
201751332
115091488
852961712
90425965
262882998
630293736
175206158
214807647
250980763
140960194
51581070
251922978
244296542
129925143
217904407
438142718
256745571
259575021
554464930
167893157
200955793
133074605
164715111
261620277
198258052
175923047
384490800
202589958
197452913
259784288
127776221
246067269
182225130
129280923
289551823
305085584
220716242
17549677
433016841
378055915
358571881
306439596
77792947
318650539
94333661
178204132
273056992
64051613
322619202
309206860
273692315
107762111
336186680
122562817
268687416
228609209
300364420
127884921
82629642
197449499
221394758
336235438
196850638
301197056
123451067
384730773
315488574
374765486
118189417
304120502
174926865
35047698
176831371
376897470
153850978
132178172
287300853
176832220
197236646
236600346
370164408
250354556
264894570
329931180
199938408
63369209
172736212
248725547
352935921
278861865
72340754
158561355
245903859
208666918
303355895
220946596
294877512
199872329
213086688
233688402
224439723
231463914
198666634
264492552
235625906
217843851
244246623
151046032
140513962
242142300
236973624
226959334
187372865
61087859
97513349
198226950
222344995
167178940
47288005
133921745
222338290
85426644
