800464088362938368
1561123663
356162725
4877761006
749010535384055810
3869938703
34239016
288988105
1960613304
25545388
249860126
771160003793170432
15485441
390835296
771798326379503617
1837056750
14885860
287906708
282951793
724895782713839618
1452048859
900229062
189307961
155659213
2310034463
750689127348244480
316389142
1621255867
232198773
52422878
55573873
2877174575
2331618114
200154106
384441015
461922813
18774567
2717886660
69980322
220922265
170759111
224221596
35865630
389038362
35065062
335786923
3065615217
2411221668
216313388
19583545
487988395
3430173113
56443153
204774964
20270332
18967264
241209954
39288259
4258694001
51263592
4112612421
15590302
91390383
5894372
251690031
468528734
67133275
65414320
172904695
262661372
707993807
166517967
2461896336
221671828
600075796
17224076
29479000
274668857
24903274
43399264
185107461
2270778686
69962890
726003614
100376563
1716419402
82222725
2865481067
71619021
108568373
2444556654
234384784
713993413
2207218507
335510768
1894978944
216457140
119050795
469508969
2330330082
233498480
278008658
19923144
199354750
774656191
21419471
468668318
14279256
2269904416
442984214
40987316
34559099
57100687
197905147
454978575
87954771
265758015
32135704
16672159
49883265
114570540
60865434
1432977446
18841928
286326036
334135935
17160495
518292047
383974096
627673190
343627165
39360648
24008967
257850771
572195805
285761454
476389353
414877244
14932455
480782173
26053643
55307193
18091004
71794672
147954368
65992743
1058847528
123417995
250265046
569460038
142295586
242169113
247288139
479858322
220052625
18293201
80224262
166478906
118085767
130215503
349297814
827496025
85626417
139669401
16403943
235441031
38234856
34345491
260523318
23508439
38285308
581971753
455195671
27821859
33905807
18734310
249956732
351130878
156738778
123000836
15722647
64326293
10926202
26257166
369148116
120943272
73177902
24478346
16877611
2557521
92002902
601993521
7996522
27011708
299693451
39103342
83296288
97281186
311633735
19362299
80094297
138134695
47773587
41859939
44516935
34701524
455973039
5577902
547255775
27043335
25333020
428333
111402263
140070953
19426551
14573900
180884045
35777497
15095537
124450567
352591342
241752216
259379883
376413406
