2931023092
202282454
2255500765
633728482
2893789115
539426806
234929502
768447653239717888
725663050863403008
786059598
2868267098
3350807332
721772127121240064
241747556
2498726169
727145349618491392
866436493
727125493263306753
2444760049
4851632903
1003222022
948536400
721709684097433600
221442560
563350368
217634571
246112803
556152909
714648014602764289
531655941
4131075682
2911398033
2861176005
215996236
140922305
257460186
618511089
2273237816
1376071800
2869860640
2836778073
2386952877
2781167789
383254413
250236331
217843851
67386464
145350476
1679167076
35977487
344801362
280701704
880998865
1191412956
234163366
508064095
401639093
404248454
89225092
2545041284
58603510
2437331802
2159356184
2404856678
397682821
340973041
544718887
213816876
1228312916
1115919750
1005393852
1145357228
1717010642
241714048
435882815
995668556
827512051
1240645045
2404927854
1069448462
155745396
177195910
205421937
304663925
256627221
1491047258
1361045425
200267797
35785401
203093566
1532382308
62917505
42434332
45580261
1330505527
229252295
152467318
182098987
2274943301
1092601542
884556398
442855257
287377727
1491201336
525264466
174900843
359138120
392903453
309801380
419893737
241503762
243718567
36888369
269503422
147032692
470558400
549893437
1641855032
420561610
18738862
333086510
376416552
1725972133
342340581
1050960636
1202804941
625939793
167046714
1146423930
621483694
1058510563
334804390
1090591548
797642227
117823668
1597061058
1548486090
1587394254
210103380
63022056
180505807
622554851
59822518
1014384037
168584081
76931020
1367573940
1323487447
221629196
319296983
207318311
210148155
728808300
945065330
220821966
195914313
189397304
38947746
1161575844
968731340
1175805288
459792532
61557558
58813551
599525093
473123904
40423690
303941159
325756456
269862460
259780884
57333011
128593805
222231985
86374475
15843239
35058064
32573359
159162810
234916423
219860628
175419025
35047698
209780362
18717943
90227660
7996082
9633802
33989170
24952459
65489923
28058878
72325179
51605022
240519110
290730322
108488345
954216397
322933672
23899776
133921745
351178896
937187077
476523293
981040782
864009686
908579132
396945853
209733401
540519665
896492862
908123274
933075103
167391967
225998801
254809560
19058681
201811339
889764464
772552207
772552207
314092634
108608466
336922481
762510085
269783441
786301028
273613659
419471881
135368352
760588748
341230087
215863049
609734284
627241745
571610859
16096416
251310812
395636438
211374036
243711677
522208760
186691270
133536600
361049768
514846862
626765443
111157576
347640526
133088403
165569246
176315005
139580651
287444289
537702158
237123198
251218376
557363113
554543183
302302631
244296542
49133906
64051613
207725775
225869154
244545345
184966687
282858458
293611657
247960138
80037636
186471345
115687731
547309903
200913899
197517721
220742208
133945128
119860540
456995804
233543018
77010454
376015927
274626744
205404631
77792947
535881092
162862015
42916821
457157372
525981949
124942046
261022029
254343029
19397785
19691643
237439269
500971971
108701459
160132880
495590038
235723504
214807647
112764971
228232404
51581070
335096379
111416958
192616618
172936338
60613480
426076591
260894276
86360997
179987182
150538880
290406924
267433110
231071744
136214725
227823020
422223738
6015212
27909036
111459200
149159465
148862570
381278704
318818792
169977497
277832912
253322613
334742763
174940175
14436030
404224170
260513856
67505860
309023703
178204132
336816065
200265700
168183147
228609209
148746196
244576586
18647765
273692315
114592551
189534066
63003858
148581410
189372840
97979210
306439596
28168849
28657880
41673723
85598783
192492575
260814047
212005903
67665104
182225130
188103460
115516167
82706210
14333756
209214118
162798142
183405524
35013719
17813487
19236074
40533752
235787104
60160952
160412103
228731911
191949347
191872261
175512869
278381980
120414585
115207943
96187825
269777818
107645843
187727865
759251
158055309
77512825
268957219
175923047
147596915
180418331
39600564
34140316
18303002
261228758
137739385
165111862
101895924
17485551
116217794
125492611
180806221
95217117
185658756
222344995
183661586
209110979
256747696
10012122
47132215
76597994
161831010
25886248
144866342
10228322
244359786
236530689
218240652
198673919
214791922
12325862
192773873
180927333
131892214
159290396
5520952
161775175
24702915
91390383
8225692
130987229
91488267
128242439
97513349
92670884
175437503
167178940
159527394
9109712
43152482
28378020
17549677
126193515
34036786
27570569
74426491
13278352
26757599
85187253
16538808
52585854
33884545
119758810
42102939
18248645
