400283454
771955592
843635706
233587855
2231607170
238181714
186923446
299951986
722989046666924036
32573359
167391967
75058353
246507155
369779016
219019984
205703978
256747696
4483690156
168336607
3588492395
1258513747
202447745
526848302
158610356
245435308
278172126
103733189
775520160652353540
284260926
35289042
35047698
250236331
8225692
186471345
67634114
710489890996273153
3092512761
722837445889302530
140922305
212101105
3298802431
3355167899
163684685
119758810
1365291223
730588976
176417208
2544639970
154982867
478338612
562615733
129948408
154652233
366155125
281577461
1707913232
234893497
21017888
560812249
150076955
265711162
1265071
134896029
335063829
432846850
