2300541074
239938002
1467918776
740992175580794886
3572949492
317838110
602024777
4541483802
700808353417715713
723195772167180290
725381441346002944
34910262
721521868461764608
2348059684
14462333
20521192
472460889
1357479264
3437561201
1648090394
3475865661
3174317410
1536791610
185658756
221442560
3142446280
322652274
303941159
2904773044
701511097
1415978227
338084918
2291788118
772473578
1222040899
1217356861
139774961
1205231738
231713030
2961357838
57333011
215996236
626619179
210744807
234893497
252669699
2830464405
129428665
263850352
297474171
250186024
167566395
306618574
226406475
2465471009
411588227
267325897
201797442
239647894
294372358
2214887382
82244431
176332352
56536006
470808121
254638016
284769754
35047698
76166649
244698769
519590019
286915282
71536580
219182661
140119170
532809016
260453881
52275915
1584571982
45049881
315982584
236861478
2203869014
305657574
235326316
175587307
2771233948
634196301
271273874
452825952
2878619018
266968020
72900695
1191817087
1851983083
136074958
2217938952
257556547
327658894
872561954
835507392
958854398
14593060
212005903
348601449
234873661
215312119
2312409584
2843962899
2916370217
231343117
1319890922
627841864
2603562948
276247403
283783256
294234949
202282454
97513349
118490021
374209044
279254458
282763136
2550490984
2710745630
219784151
59445615
993849571
239968717
282231936
716981077
2741113800
367813999
703892420
1099866068
180940826
8225692
237016916
142134344
174286451
33884545
465631864
220823690
250428096
433839539
325909132
2745845509
1270855370
240442141
248269093
290885346
380729679
140922305
801438432
1183738976
2636504183
743593404
177188139
24748345
1255592287
309819192
1126024663
223348757
1736439044
480659405
2420675266
2314168928
590183951
295290673
223838707
169629294
603168922
146985042
40445356
617353060
92210631
619722312
860007374
2296508893
406744818
77010454
258642148
297120274
289908006
256627221
2174798474
583071355
211582338
252619660
124649784
273694843
2176271694
291367030
182225130
181964989
24776620
327692638
561742590
19248106
186923446
53153263
254274083
17919972
224898965
239196350
1050960636
1649543431
283199846
628800796
175402066
255717442
1455875666
233708470
743136828
361498780
537700357
153961529
862613762
394521915
268934559
263454455
263746771
208689584
302206134
264269398
447510459
161775175
100191622
56039780
237468867
251887080
229252295
218549276
329059014
1193045198
374794477
884556398
175447500
314625513
529577112
148476690
364443057
134123412
188340013
129973351
54437089
135635793
23605048
72344805
167178940
177639025
72325179
85603854
141244327
95217117
222344995
182852488
81526308
162449540
244136790
56607737
201343747
198226950
209780362
244246623
217843851
281533913
144012223
