3349897889
231577324
359194660
809750448
3080767078
62513246
383869577
56079925
240451626
2889930657
584162460
757674367962710017
131678243
758001344
2209476379
332077376
325635790
758114
197076389
2869601399
43947175
3404796689
1964873424
2434910976
3296531982
708769198160351232
1412988288
84033646
775715491994333184
3867065967
113592560
74715211
1018238400
178253123
455131463
2396731321
1388513670
2797214161
765271929657892864
913131817
270115849
1187598204
2413926124
274175641
347294358
748279105
49249999
231307908
1009660302
475322975
1099859348
1523829950
1347303307
65623871
285739838
219012622
140048972
1699574888
3350807332
52269690
552401732
722136699636158464
494837366
67115018
66514432
2181452290
24776620
1279506475
16162783
197233428
255324056
928548776
1276087807
17737759
24516380
139210905
158342368
108994652
2397791754
4425358217
233141488
94922138
750594961
83974935
74932046
226747218
709917032016441345
82110886
162323929
153139780
375242199
302702255
171143454
52631527
374094883
314035454
63284897
4048216581
182241948
51101846
133072743
212985813
310484655
272553233
153946788
339222839
297004947
45933413
176935711
152128444
290779704
68333497
2293822722
119533404
166084532
80320215
221788344
233667643
796861177
205705315
1327516022
183661586
197104553
723167985192587265
475977728
119392416
721886740995293188
186471345
2460127320
704308737973035008
132666134
1923938593
525264466
4880243644
287738453
175490296
142036852
3311044727
284192887
253884436
361590603
208418068
703016702993428480
264503509
706310195014672384
863380597
308063255
204649101
79607298
129606272
203691685
133148186
2996853723
238338260
295337603
37159736
380104875
109151290
275081779
474611611
336269387
115174868
108729979
274087824
502379277
52214578
291492636
163202520
3107627341
153855873
119247286
199801911
57314911
148513726
146194040
165211914
1400004090
1452965868
188904733
2157786023
264545150
121547300
211056884
129827956
204839180
1653921126
331942531
3915886633
2745788525
168952129
290195775
270975043
212762114
276510842
233395112
349598327
287720482
703580100
295781547
233960403
319747542
221251458
161824863
159209568
202965283
3401837745
232181709
851357874
571502368
65675405
121171720
558164852
63822615
277177953
297169244
491852937
1660424155
3299833678
39055126
526975345
296661299
273132659
3177939531
854852323
336930456
40543652
626865121
2834217373
341630274
3040773887
204865163
2997377253
56771544
280086893
293682515
219889402
574194521
162449540
394966309
529692684
315500853
2554604997
280066206
1517644441
2191610185
209857443
398094340
602687573
211244922
2816119311
1197582204
1730719592
2827152726
127330696
135978929
2563716919
276159717
51246740
306173322
2259254800
168237661
130213510
277748386
505302477
2312920103
186557332
208831881
551579837
137626092
123619855
1267807940
311727571
127008055
143230575
1604640936
12608682
825246913
192650066
285137536
112221355
106543864
617503946
46269634
35315587
31035534
933670459
79871277
578534306
56608666
195555572
187258789
82401114
246167025
263993853
167558493
469727555
211735481
562219956
339018570
2646226358
1250038867
1684398522
802966232
176455820
205799290
116866513
259924138
49085235
629872680
2211610891
114335019
114566096
2596532652
236590215
1320573037
1184550859
415058026
267494688
615356660
167245388
303602974
122740637
146594357
189966126
1683768241
434374586
145384760
337862999
127713752
1289614795
88681373
1719739446
288025736
467606172
1600193664
91849725
934294910
112886187
196358133
497239395
883034568
519709506
351849855
1688187541
822306008
260273409
383799162
531425904
195358926
539717145
292480480
108195719
205306280
98449172
183997763
163913119
276080796
295787904
100330439
1694719128
116860956
398794373
1351197150
216488773
191077343
117779822
213032453
332988304
213536880
219868138
180498845
2148302864
270334248
72067583
198718282
216103340
196594625
1146143010
1892751931
194479277
131723519
248452608
1057936458
221262592
73753886
712836014
251334314
129860667
617618844
558218154
531567446
900461972
205461895
265990962
219904846
134155695
53527595
1348986942
207349975
282678633
574692406
823408664
168841866
190661080
368148429
237911824
962737249
165932298
202677687
210263873
67677047
226310818
245098582
790305
233976521
252218634
11859152
197188636
45008193
150328731
533332018
83808448
132757841
190678803
1066612772
996186972
179592081
234131843
353162939
133477784
284321426
568580766
92141992
129548473
237095863
28273618
173479748
188152802
550474277
36864925
104354030
202016549
1236066764
161743479
99330869
259097761
1289781150
337245635
127960767
253395986
197217456
77239913
214959194
147233469
316426217
51803058
293804911
1257738433
103690660
619721076
155670453
345053613
334908350
85229551
25613781
258798834
80757248
275704779
153686381
559965259
231967403
263743863
74850009
189704312
190800122
126826998
216556142
247622668
172514988
467106512
397557266
268853926
365515736
121842705
381890901
149259716
290060800
229354089
198759530
134484302
118566057
170767495
300601375
240783801
216605558
465855867
474148370
99574785
78716408
179710044
55098867
761958912
233792812
210226933
151046032
258468841
297130524
148521008
18316665
305141168
226348582
752264683
181707795
181951745
95122375
446508385
181770893
185105739
176579462
242922193
517712588
198167870
541000849
100831240
616666966
76829443
198908558
153651901
225661950
223901701
99164748
55759039
269628807
389976818
552085849
273203991
171125146
168530002
219787628
290852479
219309665
310670066
268522921
195610378
118453958
23074502
335096208
282632853
31308842
391522156
78519830
51743206
150008859
165788784
89314637
37524785
288132419
240388566
229620521
18661588
298658504
360894246
301084643
291367030
247917506
314841200
22096551
265621875
223866807
293561049
209780362
218549276
144697099
79535108
136343754
