809441474215628800
3699963801
80423968
543524920
142057949
556152909
221478750
64904933
177083075
264948683
259795757
78377317
3387961289
525264466
186557332
2530159076
3296686433
209780362
2802998092
2263298545
348632196
239543793
1583662178
2766829740
939367022
809666762
2296536897
18661588
162238710
292097834
343010102
1088131980
282289678
130613344
180505807
2427754575
2767366021
284213668
1715733888
1245272185
2573090287
1118127355
445645708
263866627
2497300728
1475281554
98469938
129973351
381766129
101788047
2161627459
83765608
176579462
2465903416
2409261515
149016511
213766532
183625960
1712769492
2284351259
234411861
337113955
169569655
1523559925
360081950
364865210
1083773101
1433575224
162153952
2207349499
135257368
1872261198
1444609734
2149755349
251415661
180141194
261454499
177639025
24748345
1392734887
182852488
198226950
175206158
97513349
307057111
138129351
202282454
285340592
625608184
359431316
376027648
355809231
1572235844
278192793
284210551
1220496577
387689780
344129966
293484850
179603801
581158139
241183704
194739605
864009686
1373236220
1364964235
51581070
373539722
324989035
76084531
203305188
242581478
522863500
117934157
278277636
81888587
1014384037
214807647
304832869
597287902
1202944860
259123970
201864207
476077305
186996741
47491330
1262831526
285074694
312866040
135368352
228731911
263393738
264302953
589547433
884556398
789856765
87808186
33884545
163693400
631348112
137034509
366961240
105922295
143216312
788032987
76553040
635793343
55033131
24776620
458794046
182225130
510974906
703580100
198782531
217843851
184457107
24516380
381144338
326283363
427430220
381931401
315230913
153020923
192378571
59822518
422223738
125492611
237468867
43152482
146601431
198752792
543142110
106118875
210487622
313757021
76157591
257503851
278510531
352631866
218626985
197273436
180623659
49698731
213463463
227921622
188103460
151046032
150008859
8225692
244246623
208272059
231637184
286959330
516602802
144712424
274131375
573808532
174307226
595778573
167178940
354076699
214123335
378192054
298174098
158583197
45580261
158055309
183764200
297527158
435462011
143205184
212005903
23457682
520779885
199475965
138955158
36490059
164715111
59714229
165616919
140960194
314632735
291367030
145575661
224490187
189151144
234043665
171958526
369942557
112757144
418116917
513060901
286454910
359120220
151174997
232212010
287960323
144056249
236024779
47384568
159547415
183075311
138119908
195048109
140513962
174131370
105323463
50751556
23605048
40255499
56039780
47288005
19058681
23415676
23617610
25365536
