318844390
913131817
2745023356
780520674502840320
362721307
776918090944802817
776958158380072960
3892009840
274706330
360682978
17965548
140922305
213536880
345053613
186471345
989338231
1536791610
154432387
525208028
78502161
115044590
108247668
288333760
1337785291
14857290
42220353
14836197
17329538
82887788
67506288
350411337
534461592
69008563
222676091
212968729
3000589846
3083314649
3021321754
109987565
115525083
226290238
2992596789
345422639
304213148
142036852
73235047
307571286
207507776
265662328
424618544
2285622972
1187871240
160248720
144194017
535331078
797521903
48245440
10012122
65654004
1489944210
199397722
1557315432
345347039
999397303
563350368
1040917393
325554207
210148155
269862460
221442560
56502954
288488075
525264466
332622383
303455197
238227894
42479903
264904132
7540212
437615377
108488345
153686381
113771891
14333756
15248067
133051204
259925559
215996236
224400256
550409931
213720520
114570540
759251
33884545
175114792
59714229
164715111
326344160
206933812
101895924
209780362
197932909
122447003
