499841987
165287880
586334370
148453815
1080239983
236965654
187762188
239198429
187267080
2746621077
1021140373
100533250
116270039
1284362178
172860013
2204772113
293285016
4259937729
566711316
308246406
3099782855
3319103478
72077651
231224406
1383462415
935863292
175190271
113750944
251614511
116269374
531425904
365348927
2183711201
1026840158
231674810
107762111
255524331
759997922
2499704233
229572143
499841987
165287880
586334370
148453815
1080239983
236965654
187762188
239198429
187267080
2746621077
1021140373
100533250
116270039
1284362178
172860013
2204772113
293285016
4259937729
566711316
308246406
3099782855
3319103478
72077651
231224406
1383462415
935863292
175190271
113750944
251614511
116269374
531425904
365348927
2183711201
1026840158
231674810
107762111
255524331
759997922
2499704233
229572143
2418882767
519914134
216565425
347978509
379273093
41296157
401543716
24323323
267045411
362898622
191301972
412373658
165904268
136529257
139578316
1228435314
270554370
205542531
847621969
48379115
148782400
1362877891
225054586
218765370
268669543
271081165
201343747
264584191
101895924
389976818
342829356
373642650
112322186
564058614
198234983
418278307
230598601
1129183166
744366564
239936221
99427495
51254405
38197852
1027127156
164480270
222876755
251460079
177763763
221958345
295797563
184891722
218626985
517142222
156700234
212005903
325285436
199414628
137482669
424807500
170913719
167403465
319177756
86879646
364818324
200998119
189565988
511502828
95109770
277118747
125877140
245821718
141079412
404133303
169728169
127670047
64419718
195588386
139858648
21555635
206007096
353163097
270157518
58357429
176505409
528906302
141670250
528917774
294301980
145580132
82248457
224087618
188434920
91688464
197214251
16575488
292994706
305005228
278328141
359414671
195994998
255651518
130921637
197312403
300924607
195046840
280594653
442447853
37989694
49730417
245856366
38038211
242404049
197217456
207889727
35825000
260820263
95101098
148169879
214353440
364033137
134999036
144575031
125192326
42451246
44666028
49847491
52583270
131618122
376074693
164422359
70312104
153443966
146238705
220156420
60661915
188633180
