19037811
4748612777
388550842
272106447
774631806
52269690
305005228
303913552
171163790
284148966
326344160
2529940693
3298802431
633728482
563350368
5162861
785510189617283072
1328399822
783835104196132864
3130731453
700368678
1415978227
15934029
1373486120
715248316657696768
217493607
2179472934
236636515
1216459723
950334697
1965740845
1390512968
3327773645
175437816
4574646327
981401065
2961412492
2797994488
103446723
751936758862999553
1269838801
360739316
4505356641
193370625
1979336005
3094625325
497298844
4528464381
1874196846
185298331
742920049674063873
2952234221
4054226907
321126968
211743276
549298250
743242975820582912
4729008316
733887075099906048
174143161
2545122894
777039144
3323521281
732195184461684736
803508860
747416785771700224
135609187
386315381
311044427
259503284
608408177
700925134111121408
438000926
14580438
12
586136477
47216804
130623871
2326443828
1251962365
187561263
278041152
386056280
1365457231
709959277
2951740859
301505535
4756644435
154364500
922399651
236994974
234071441
145326632
350544881
278799425
2224154034
118139907
606384973
40265432
141753382
431199444
1611443256
164127513
232884153
191106455
591031860
270086882
599690086
17890282
2893511188
50153162
76255874
240935726
1201756411
178158665
2904368109
99741780
210192021
285161475
261807075
2908139633
131299285
177317220
184546760
700558106
531655941
2737377935
220893925
2425151
1612152548
2897441
2888235484
586390908
230108680
191148769
360085844
186419393
89692741
1960912682
11889032
2802998092
1611228823
510465696
2803449329
258066171
220238386
22863721
1001759636
217313492
152054361
78145957
322273345
32473213
176090853
887405287
100037905
285135693
246055477
571127400
68022873
949995494
12144922
701724612
49560355
75290498
1056155618
123633252
94174098
607525767
227487635
700858122
1926979213
186308046
1263131503
192585300
125710580
547273890
1348039663
45635314
391161044
382254928
256822889
2577930518
188256099
121566947
207339972
372058057
904206925
182941563
262398046
169627734
196028204
605719455
424607713
459803337
815925350
202288741
817723177
431123693
490750411
2218271346
18988524
17092592
24742040
17610785
15234657
14922225
29758446
36969785
146540920
34442404
74286565
15670515
24727891
16425197
243381107
382267114
20536157
113713261
50090898
25412522
91220126
51263711
22046611
43901113
296459271
273653939
37060788
30315557
31925790
33838201
17003765
15813140
175102903
31311757
32468665
56505125
38679388
14749606
345053613
391619125
44301346
223838707
176701556
2517117270
423574736
305969557
8283082
85839993
17842366
17471979
11348282
44698867
1655572494
317888472
133093395
325633686
17768307
167420090
231967403
296239551
256705149
418311833
22548403
166739404
18393773
62513246
2233154425
262333033
22677790
138600717
285282053
1198406491
75974281
47285504
570218986
393852070
391037985
57097104
25545512
47786101
142057949
291902231
973311612
1541317272
169629294
240764142
391724649
173908762
842050154
484843888
260112917
1873575763
212380599
205822561
91414350
278065615
64646438
247121100
755953153
58601997
72373653
1358529330
333859643
137486112
169637010
175824869
533573263
2305416050
2341823297
287291325
67079094
1071381505
869161357
274121695
284233812
451843143
245903859
924139424
109387470
2353021
126672013
359483736
411139004
733924092
74705029
16721910
67555066
1671155600
22692199
1070764538
1062314034
1073159618
817784875
1554289494
205258531
22324918
630437238
1205780190
174442576
368542860
2209650991
216429192
25410548
836871912
136343754
154605679
36483808
339732186
65432405
61359460
194945271
251652223
246351327
287377727
210291120
259780884
319211373
1252764865
86058383
1921566782
2172117411
235029658
123094163
224671417
329407983
352179845
234941587
271975968
218549276
285137536
219012622
1616533124
2169321054
118135446
139833739
66484353
291870258
1074176083
425107123
16674500
77307611
22706507
750981734
118222035
306038656
189345385
5874952
291847295
190408009
43947175
275840989
164360878
142551895
600236690
275605413
19176039
136429468
98452189
304643961
203612952
227095805
19293514
14445758
29047675
101252239
126667787
386993086
237354108
578030413
194591363
730957465
19283039
986966502
1678946418
197338054
195453813
130600923
14460506
1665078769
147644709
195517038
389857444
550718925
190921257
176713795
257313348
134572788
177500313
161678164
347179933
1471097947
321067444
192004695
4919451
224420541
180849034
502423866
158474929
455022411
109822494
221006251
119782246
53124644
334932019
148534643
1915168958
53173943
1398752599
193414651
596597276
97015423
371442192
213032453
574894598
249198553
946962852
282708999
1239493861
138829404
239050704
133359792
258457555
1173439806
44084633
18647765
167514224
85772748
326359913
348379865
969302666
735698977
884556398
24748345
102719908
32745368
41073372
27457788
62290422
119516176
445743209
58538830
43859592
78384881
71876190
329746058
15846407
48436298
131691679
14824849
50374439
54450196
408230501
133880286
436292177
24807616
215996236
580097412
470426763
299720892
613626869
90420314
80688967
104969057
602317143
237845487
128956175
15227791
180499979
284031928
830122190
1264842439
151155781
18510558
129909348
530900755
1833891349
256604022
812333808
235676879
190689167
167046714
15815700
349717539
170834664
502044222
285204671
193755669
254950423
228170048
310484655
18018384
20727819
63296944
15220473
3291841
17992258
25341996
203162990
14840869
36947388
67418441
521661460
180035016
244619538
220064543
194479277
237831617
256282505
251887080
131251648
18086960
23990483
23560015
14497313
43192807
20255162
17105214
20029472
16786977
15291335
21904217
65289126
382132047
18173624
15687962
15135752
173925293
138119908
30412016
1042541
46130880
54005749
36928426
221442560
921519337
32573359
16983240
202274022
12416472
755522150
799865264
157205699
621474871
1102715306
381144338
234916423
198666634
466966076
69500299
101871065
219167021
135323871
186471345
202589958
104249727
250864362
356632557
939953419
615452497
519585000
1281272324
248333775
506085138
198288239
101576366
239692839
323473550
348614284
824269009
305416103
254441151
258555477
201016628
700034436
347491263
51591244
41799050
454132312
239471147
1453099056
595154285
747899335
325842791
559368909
939367022
212968729
360249204
36325007
1343533700
31220949
1297464853
272167087
1268687304
94900238
11018442
70162012
297169759
506323682
58531272
2142731
2803191
1231122685
39652411
15973392
23976386
50013632
35785401
47491330
235446956
67354601
91390383
77010454
66467442
259795757
77694285
35013719
500713106
965706379
500711588
522122949
965741665
525264466
523150102
965704518
352468422
26757599
437636228
224223563
41221076
196657759
207867550
59900378
19058681
138210530
13623532
213793914
123917226
364865210
30040682
254274083
428333
15809249
129925587
749941465
584290563
94954486
110213431
280066206
56521114
130122646
17087135
8105922
19309954
50393960
22952132
133945128
184993287
7996082
31927467
36307418
29749448
37970729
170069351
155659213
58813551
313587802
21447363
139565792
38871237
161829772
239938002
325554207
900341167
759251
315377387
31290887
309819192
236967489
219666325
198960193
64839766
33704953
132055610
56502954
258398584
77512825
233377055
264197322
33714483
57099808
234447652
137741380
287789659
161816046
119588510
860007374
322941780
380569832
358450312
186923446
161834182
135009793
177188139
546410320
340341283
220332032
283274774
949858471
147443195
282632853
170961836
216783643
205930411
245870256
104354030
327556917
119383183
269069240
37130184
23605048
404572822
47132215
14946736
244136790
244196372
270208933
87808186
231352407
24702915
47288005
222231985
155549968
359194660
56410814
240336710
334735101
239196350
14333756
147020852
202792190
45580261
14369839
152722502
264316809
138562940
584162460
98358402
27042513
155868007
961064228
307169158
201339105
321426038
481502205
599791819
29932637
85603854
35047698
180505807
40924038
263393738
272070147
282827239
225186855
599525093
295218229
267858097
500704345
94021876
856928641
566052751
573808532
312658529
15447575
106922021
552324567
936912517
124105869
378253705
67690598
285731620
926769464
634773128
230473620
431274427
251200026
175419025
327692638
743593404
947217853
343011550
218299313
1652541
100612516
281577461
397632308
820579802
33394357
139934982
165164755
143111942
28206360
176332352
78377317
898434480
26479489
229286201
86374475
543022225
375791139
184492706
872987323
376306285
279838468
366785483
724245482
177785636
19208712
341073676
246457659
324640445
862243921
842651076
199334022
259816087
408764720
866503838
259612451
432232062
190907104
232152705
516830480
201885591
125452967
800997024
133058145
348004495
172950993
60865434
844134672
423764833
598895867
789856765
98228418
813840594
33905807
82985256
214977276
40543652
196586872
298027535
28058878
112757144
232212010
768896600
112656268
66215194
166383936
221444027
46527223
211726550
410203574
31239408
270178989
28641033
792775015
374794477
214123335
23457682
197964176
388149933
557780401
601464320
760836230
201549849
561742590
49698731
388313534
2459371
635540259
381612317
575441578
336140672
178931425
250232548
181199293
544885154
398540707
299377561
274259338
173639838
514963741
284213668
473347939
231873188
306855216
159162810
629716332
100540784
111961189
161735807
161822563
35488691
626513455
114515648
635514171
554487835
463890029
184664175
203232201
40621746
218557970
242208808
450163900
140922305
574242630
214244250
234893497
246346988
591182426
236401550
94492615
94511846
307648541
214715408
487234590
390557283
161832529
133413042
589225399
190882813
65904927
325846131
100191622
171211605
340654077
133184048
204406337
541143860
265635742
244713177
327658894
250236331
175732651
403091994
252884601
137851965
38531995
88681373
334025549
163978358
254275716
43665086
238049150
364440202
282260115
570430561
177639025
307898138
213129861
166606479
355809231
68848094
491929474
419583701
136042801
330021348
312369485
360081950
15796001
237585749
306586611
151590067
259379883
14401698
108764205
304052592
119573510
138099903
312274759
109118967
123057032
231307908
189628123
275178249
303396756
334161365
40977283
179998960
100831240
39055126
448041055
263434572
398971916
376027648
255144101
457838074
333481971
240389001
161430617
201343747
382469423
177776574
195402273
117287977
44742364
475412505
224257403
278809613
232237571
103171573
229252295
135514581
50704176
398316309
85426644
203403958
351919796
121564787
168530002
343592639
67665104
136124393
408869283
347956997
249412411
197642500
222344995
364645813
344173937
186145446
361343242
207138024
409594784
24516380
106300744
89907746
210509836
291773990
300390462
239447438
248936761
242338920
270135552
254174444
26712554
364007014
157892785
199686098
169942149
357938212
382906908
203096622
405216511
289517240
14230524
211939136
340390592
223858277
154283889
326345130
14772687
188632667
176572170
126400767
189173224
219043553
369865398
5520952
59508780
216037132
240859258
68609023
4970411
179589728
183307747
381658464
378028898
17212349
179987182
61844201
40255499
100151635
40801711
230075294
94505346
261620277
279105297
378822421
107125043
271145882
288575488
380713068
47384568
220054110
113059388
130010838
67634114
217995819
302021786
128086088
230887942
178204132
69101907
7593542
349990729
259567558
341864146
235671811
319296983
284176296
373100732
224662872
364378556
18243723
95719828
105270431
16575488
268002672
56716207
132547612
205364510
274670735
192098185
364079366
67386464
314625513
206764331
243330184
193174629
187357347
43643453
102897409
337898134
52551600
144570537
236024779
154653504
17549677
271259146
159608908
161824863
131301812
248878069
5854712
56455194
212347383
154784466
311036515
33884545
77792947
221345086
96177317
783214
358533486
96765508
349230384
346729237
336816065
199023707
227475065
315585961
48142372
166204735
97513349
262470710
153686381
68503296
321061176
202282454
322082897
41396492
233021600
165951485
234161597
161115916
346193475
52282560
316909246
32431386
161413000
184865852
218626985
175492037
168894265
99538320
201406042
138814032
161814182
161792834
209780362
36916922
216380826
73731440
214086191
207725775
72340754
133256998
118794370
218349134
184520834
129960483
323243704
277608858
57333011
27260086
23375688
274119641
172613149
167911979
92670884
320793116
54389843
314273862
264904132
275379922
219129125
202782111
244730854
175923047
238352178
262882998
162449540
288528334
90773912
74079542
108919585
248877722
256380447
58242160
14668027
47223326
239649453
319074258
218682508
85465055
239189375
219497196
46508678
20609955
231637184
152188619
182225130
26640415
72325179
308768895
227677577
164077876
160360778
304031719
302741516
305085584
128637475
299868294
142482558
168237661
151635175
276838481
235625906
153619589
300487833
52560683
16004376
110802948
184457107
294917330
86867494
91783386
71056240
258468841
10228272
188573736
58616041
193390223
234738874
291367030
216875831
151762240
260052846
265504130
231050287
252652616
261022029
32525717
96187825
259808869
266801190
183661586
198554964
134123412
221782917
198226950
203292601
244246623
150008859
263006990
250227837
170895870
40885722
50693042
41984678
813286
140310556
217588362
237439269
172374477
61222995
85788068
239450893
100286979
231463914
101895924
197041714
111404309
264492552
204624426
267494688
55033131
104974333
24776620
133600278
243309798
154366887
253717734
28489585
277740253
44247973
166084532
179734331
86119466
73437173
59580199
193862553
171516353
275276888
141242516
106143046
220793233
185305650
109939365
137034509
244612246
185837232
44409004
256747696
23415676
221790507
105082141
46919513
197932909
122555564
239575317
72344805
16162783
186949083
6250142
182852488
185658756
96789803
128242439
119550606
195839897
18661588
164060966
204111153
248428135
96039232
202779862
203093566
174297283
148759599
224898965
237468867
76097188
198005680
130987229
231713030
245463832
204840311
154138706
234569105
171944122
79327591
56039780
62437668
153493818
119392416
14528984
241183704
142754548
129280923
95217117
177728005
44993565
14518365
132679073
58982208
72900795
126217335
43152482
81691066
221208663
189929276
128937967
29238673
19773175
204415570
214905605
81526308
763841
15648827
107932263
19222533
40158207
51471397
67253673
51545438
51134732
17784431
91682889
121966030
170883433
17579070
114930257
196069083
123275092
214339103
189387541
136863253
123594658
175114792
204998743
62904042
186557332
234204479
186982547
195048109
170028840
192378571
79218920
161775175
222278196
223622113
217843851
175437503
129973351
181964989
118840509
63369209
167178940
164715111
187269901
130828783
151046032
140513962
51254405
10671602
167825351
77226318
80949016
164443448
179833472
160656174
161881461
161855754
193050800
161726940
59714229
78532115
172852497
27270779
8225692
144267534
157248882
133321894
154137583
76727524
1823201
94020589
24696001
114255693
85622800
18199823
58337768
8888362
53178475
8847512
18709658
