707291310
277224814
3028450204
769202820587323392
37330876
769204605385314304
755489477246742528
769183963332091904
170453661
3350899475
267939039
783323010379972610
3892009840
913131817
397679259
344859921
3942635115
773956702479716352
775867563490160640
777897498392297472
777897498392297472
248409578
66467442
1473962766
1610285629
3045648752
3699963801
1658641988
1960912682
3518020461
776910906
743181468462161920
727605452029214721
746446608896753665
2934627437
2840068708
2839900521
2839920393
2839963822
2838688577
2784229244
2784228805
3068008631
2790734472
2974978246
313587802
343627165
628794884
355620207
204033649
2806505887
318116924
330021348
42434332
62917505
409594784
67354601
202782111
202779862
1422000463
2450020339
1252764865
64839766
2838680475
525264466
277133468
164803945
291840158
353216363
599525093
252884601
14369839
143860873
240754635
361343242
556152909
3871983825
2273237816
2648979930
2783868941
635909633
3328612258
2444760049
543524920
1244937073
132547612
4919587209
539742356
2868267098
3350807332
217634571
513964632
329857019
3819546197
201343747
257014678
149158946
129536972
213472685
1904894371
2464235544
2484583303
257006881
353249231
2826768821
381339615
381907123
3095123548
3243541409
1711316360
707426971576360965
713542090588819456
747634745148903424
801736166
339990531
374136382
763348061263425536
247007826
4048624216
1636930639
268891191
3346154103
2953395593
264603172
387667476
131611410
437936012
275817484
4494181457
722556020241915904
271090380
4896581854
716837310558552064
4821223397
4826247035
2369448898
1416965340
361679234
190531033
388525812
579297140
736954586657918976
3125593456
373069932
277803012
373083935
553189759
709080130178646016
2541601009
721843541169872905
2470153270
755080763708694528
183828606
939367022
80688967
555264023
32460897
1419813602
862154658
559672693
101895924
17484809
217997663
2438632713
171063332
1541975864
725492370
312715151
205140169
1164927302
1007506933
633292825
1268053345
367397654
1419121782
470994751
255587815
830068284
1433759702
1511743242
1001866242
833748397
1624220671
1568756365
1541465839
564107980
95227165
176441091
325308222
14946736
8105922
113771891
18244358
13443952
52169920
712049108
15095537
71794672
7996522
213720520
126827931
296225755
296252209
154138706
133051204
222996354
45580261
53999043
197169218
216235290
423481861
255854487
636417294
175419025
275742767
291745189
385806463
333002327
210305142
133919211
125452967
1299691939
257965632
1281272324
14830931
16808626
329407983
581382240
5520952
300390462
220082153
771955592
111423456
34079504
9147212
142295586
159308176
259795757
94954486
36325007
129925587
16560284
29932637
33704953
37970729
31220949
40977283
31227280
23457682
47132215
50003396
78377317
298027535
812333808
67665104
1205875579
466966076
787912376
168530002
223622113
184457107
320636987
939953419
534621259
405892168
550563310
136880071
519585000
403618357
291170697
1289438876
1329947910
229549558
189990967
557179295
862250180
369909578
371818053
398316309
328886783
1151133444
1072016671
161854584
492412104
240009788
152142811
279319221
148568892
53985658
754199030
360951711
146074472
1043716082
364579676
406744818
947217853
297169759
308217845
805601173
451560962
368748033
929053128
18905975
218626985
182181057
138119908
347344077
268485186
234893497
72900795
133184048
136372603
140922305
173925293
221442560
183661586
161792834
158732968
231463914
259780884
308576025
533257020
12416472
111157576
47288005
199788212
14333756
256747696
884556398
187272155
111416958
215996236
250232548
35047698
254275716
72325179
204406337
56039780
202829724
176836959
159162810
119383183
167391967
51254405
214123335
36490059
221958540
145575661
24394272
183511621
313757021
188409587
57333011
133681320
703580100
193041317
37717733
170895870
128937967
185658756
47384568
24748345
263901013
202282454
262882998
24776620
192388157
134123412
131379635
224898965
129973351
155549968
311159718
43152482
234447652
217843851
376027648
222344995
214807647
182225130
150008859
220793233
88681373
314625513
327658894
198226950
87531731
15815700
175437503
161775175
167178940
244246623
140960194
198666634
286959330
148590159
134937118
199023707
175206158
189173224
182852488
264492552
235625906
63369209
247779151
493762136
126217335
391365835
235825953
64526737
235812253
233049132
1069241743
705261691
459411475
195222504
219508119
1273390681
1306578732
188468158
236704803
137894216
223751744
1348096261
223695693
190322390
182950575
289142028
236866390
1027921292
508467381
329391586
128242439
84661041
634765658
167046714
263393738
171211605
345780955
633103303
236967489
512288081
262389559
166084532
1062314034
254583669
1056729385
309154970
95715393
267858097
177188139
138776364
1193990984
200955793
294872406
58531272
121564787
58706916
231989524
800997024
179253579
250107019
259426915
296030329
236260408
226807974
980438798
199975712
129302065
362222312
260909116
162467895
391573563
161034758
140991489
996086676
197348154
99873894
547309903
201045205
128703637
445728340
73707050
268436591
290917445
239625296
173483689
352420646
216828209
318780403
245377425
320902176
156797149
298151964
146600279
421502946
286014676
324759467
148086863
232999803
886966891
285313777
748099459
225856325
221600880
285317453
119434175
454132312
304793360
266801190
273815925
261022029
382469423
222231985
410203574
437976540
272321885
32680378
319296983
265102998
70986419
841238503
84778025
119280835
360953712
319316786
975054320
30737533
175732651
307238647
239471147
268058555
96091266
341864146
157817292
792710113
260773265
165616919
37093819
183075311
95217117
163978358
531582434
220872548
279095849
46296854
635793343
573808532
192378571
1071360108
175923047
97513349
237468867
33884545
175114792
348632196
305085584
355809231
147020852
311234583
194299788
76000868
169310190
926769464
597808334
376025702
577766194
283004582
151174997
138955158
252904629
389256037
105186569
142758895
221790507
74426491
195048109
208272059
52585854
390220919
151635175
164715111
169627734
248877722
59714229
175447500
381144338
155659213
8225692
159547415
151046032
140513962
209780362
287960323
231637184
232212010
112757144
14872237
188375356
17549677
