193884782
210713448
207610108
1564882975
1282266678
153053957
2524082045
281344016
248878069
2599209613
765283711768289281
248014003
223975455
78502559
344129966
1147264243
236955207
555555263
531655941
249852126
98411829
205013021
334731323
231105657
798661830
534983662
3772058056
167803968
612957967
505606709
139190938
2187510727
92905823
316859415
507769054
252252646
235350734
219007449
517001120
244519099
770211396
400242837
545407920
1263169255
857079266
853234164
197659907
152425610
1569901886
258439272
85169702
248532728
506112992
242754062
401683010
239848500
31339208
1331793247
19079533
142532674
935671009
337244141
2344148538
725019090
475944759
268113873
2347947715
2330264650
2876956624
131607734
1700444287
140848485
2453124637
139812643
16782604
977602938
524658382
634533262
399766412
870989106
264353214
1857907542
524901355
1452647930
341832293
199962044
834368568
180274315
109414522
972954288
236950237
1249613712
253037847
595862159
186544070
68261752
355891929
112322186
180632323
546406442
138249035
197178160
1902557916
1296298340
266346629
1965150596
448292929
3091245561
851393293
252857663
164507503
734864449
551424074
259409603
31442995
621952198
1480225717
52108706
317952363
300646411
229704694
812411468
1143409896
153491477
143921581
544689766
540222359
123343890
220737502
281187536
489518328
960689545
301122929
247803408
2883002111
3351094833
2350086775
81929279
63847014
302805543
3008644231
2972200259
979580430
3225079629
3160417874
1068772238
2568262859
457937450
2979975683
2971794837
151968940
2273286956
2730209628
3310101100
3323285770
166414292
305144304
572212993
147014610
130671753
97604507
238438798
944853090
390452569
156811042
2961151516
1583488076
104316571
3319001596
232313806
1402881079
249060363
3359404012
2196884520
2320118879
864838213
1934433859
3390714052
918954397
3485037134
701875663
96068590
170524986
863663779
636121102
141367718
637003340
141763220
1585086535
630222448
266711154
156381381
1323610579
460754301
417908368
143215423
393805329
945099536
518769240
130893568
2545294181
157832183
2504943843
959859768
217847294
523860389
848266573
152833823
2796744876
380435807
91918788
57734580
437127056
175422224
1488181045
900904436
928770860
1783235371
549195322
2429877788
2535940052
3028410405
2800805834
2372029256
207603942
1384255386
740890890
2855431077
229336256
118592773
3092302340
2977060210
2860812449
527699177
3098092349
831071472
3298786377
3079486859
3198831434
2868300652
235380832
2278444776
2290353048
1496201922
2266398808
129273484
405958937
993752778
422904136
1489703012
202010642
577600748
2907874275
869904296
2264693180
65529646
517790794
147643319
945179035
3054246796
1223055734
1672127876
144277560
335535040
1327843436
1953249620
163919344
1853291035
114594304
2869250834
262668448
2239301473
2289994902
419052018
461501229
2370829231
45278146
287944428
157868194
2326294689
265491464
131710627
2837699507
127504571
1082284778
163654591
139119501
217682594
106828627
3427143495
563395702
868565449
1888576766
615621524
2982817198
69895290
528972825
104066648
127054948
474387388
2368339903
2420829187
349371242
461180918
2311100538
1152392737
3346774293
2476171982
168726813
171244657
2463577334
3361312108
167976868
184827266
1236046226
3232293136
2752946798
2368197020
257205773
820445881
2521853346
1957377654
341918036
229905460
3062564187
1042893674
2988020073
1967901620
390968725
3283938872
585214142
754779138
2355615905
2947452755
2411356740
1106538115
203393930
919654206
3266567905
106713766
3202803118
178356710
1832950735
3292910746
2674013861
2686077127
2595437120
2541998562
256350601
2898354183
1537424838
506490897
1316577416
1308624728
2246100806
3050275594
1005432638
165594848
193697435
240440314
774672469
513976802
126925562
2345429153
417293456
1011685176
1732891441
2485877671
2471725070
637372620
430923371
197892073
51395007
538550239
286504729
202146983
202953417
147051748
168060189
259096433
304184661
489737713
351750932
180557261
2464965349
148343950
152110357
347459991
238973979
373969249
275116407
39435871
478881087
852318212
136434516
2961166594
398445802
1740305768
313522940
331647718
1570723766
201136832
264200846
2416765458
171205357
2742125432
554500809
121351591
65642403
609616477
490052675
432576225
620092455
2335559431
3083370474
3074443093
122140315
1554153193
490116078
61621830
583350731
1658846844
2310941330
611367851
201535040
1463733325
285320733
20829660
160785168
222372943
302760037
234181945
1118179340
259879240
233030633
1056451663
42059231
436755214
2886518457
1646446237
3063893565
172791158
118817555
281364343
332425407
314701290
1648090394
375365770
1323181044
2585348201
93633567
635654143
275216951
3095917961
3036009407
2330588750
545605375
119170754
3012344963
275218410
1563834134
367219804
75669979
2368893015
337870378
100293347
183673418
3299573733
2815393092
109664499
316144010
52358814
411093458
197238431
99534077
350012580
1012166599
301172278
43979086
324541716
3338168871
2739748600
450270481
77012769
1911324072
480744766
165128043
116253813
757794336
2238642960
378646857
1242472296
576233149
3333818651
3340078389
255707243
2288392814
358589127
3122899583
291942061
118213671
1491848714
117041966
249949824
318766192
3120731171
1571262877
58568984
2750012456
484969844
2962532967
2651590476
63284897
708536528
2319507776
907311392
768730104
235277855
323554660
423121463
511348028
3142596748
955403744
158774057
482228450
206007096
137962862
1075615244
253860454
123948035
236378786
161863321
2250206542
182165068
627464193
1421703709
68889483
3350027050
1011739632
276306197
1323053550
193741035
2310419484
462366698
855342948
292057314
323406185
1268695591
55548308
484358349
1268459635
1697973848
143710268
245889012
742142125
2221922581
259372071
1097975461
1424209710
63338086
22554557
2205842990
141678556
574028446
363851754
251793434
199842104
2228687869
145617519
269728486
1965212780
318001373
312930059
170319829
589105177
1231122685
2788498560
192325647
2397880865
1575680803
272438404
1109149783
389830581
618674255
2726661869
1404113329
362121751
479764727
359971805
443950977
2948377907
226292718
382182301
2479012831
410463400
3095386780
3097242785
3060064480
2684976762
3111483508
3124456699
3109647999
1090587355
2319365552
3135346575
567737804
3227139184
2725896887
1343421152
3474455353
80073904
14908097
1508538325
2479144836
3129747184
277225002
153539446
237386862
379710770
85313010
149747550
3623694437
172910158
125246111
2956405372
1276722816
487499788
297786242
2748268325
2249342870
256102082
128617346
3254876953
928783718
154936429
3349773412
279355618
2869471539
231170817
131859311
1597590942
2184165525
260667446
276964974
276680860
54949822
3357278213
141369683
116309255
166350460
75890402
121195156
1359312337
69723598
1163335735
2439953508
2232415466
1493441743
820324159
2464777172
2369479759
321510042
1496433703
139490124
2663382175
1332282319
920763954
2244527940
2604038214
1368065382
42091611
104004989
1631348725
902405582
2512595846
2535964618
112905069
551131889
78367844
240580356
