3676912457
2876511765
30289093
1304378119
242303200
1568841228
56977650
1375513010
335107974
46003622
490036238
519196613
29573746
169291609
132133321
125854580
375481345
339369226
49723417
42837353
573255530
59010637
714249878
955481971
22256645
742143
807095
1177200942
8839502
571072597
46408217
3977441183
171314974
16729099
17789406
2999749690
2889629752
103018203
15492359
179248364
106578674
67700256
816653
972651
31414477
1344951
259403751
18777269
131035262
21118985
14369901
49686679
3242758916
1665531
33898911
164691705
14293310
63148796
142977623
128472974
15754281
749478451
21982720
2467791
19918047
113439399
61903300
788524
44422593
20536157
460708976
87818409
10228272
17596622
5988062
39299241
2589971509
32469289
5402612
10880202
185397767
15743206
35415477
2097571
571202103
61206610
21697654
282280747
16648790
3196292541
970977548
86593078
759251
874055172
14700316
16834046
19701628
559675462
80681990
41509378
820674420
473651169
2204113129
7144422
114685387
129845242
12728672
292941525
211868703
92345478
50080980
122289393
15048129
14717311
17889970
1555592808
16465385
1581289837
2978623743
29883805
101785402
321426872
633526417
20508035
323304231
1665367644
246166855
22048183
265975488
75060502
201427510
332307009
87783471
37796571
46140801
17053094
80751920
133358416
17765323
224281410
116424578
32522114
2153748120
19002707
22843068
31652673
20065768
177388963
192303150
15145732
105290578
205415993
234199020
32489333
2188721898
570099076
16036960
52069104
139832064
550483516
293120622
835352647
19683378
50393960
20604674
5743162
30918702
28128303
104530954
119049214
12609292
27015055
39511166
38508305
17837184
29562655
17539739
14073364
40932856
336218991
14275261
101895924
701442223
589368561
89563373
35058064
269862460
177792438
44521686
221173184
176844014
2296671973
1530850777
2285622972
257057233
305005228
212237670
38038211
368569541
256189194
8225692
136372603
167391967
12416472
56728617
153008755
378253705
2480185590
14333756
58813551
1112232954
2499422425
1900684315
163141178
259558616
1531502258
16275018
577447345
1517747216
35127952
117943004
225589249
14159148
88776580
14499829
7383122
16153562
75069067
62572984
169021842
14939849
14755492
15947602
18225966
9334532
26784273
14055301
158079127
33933259
14086764
19673700
14165865
17899109
