228650725
809759000233447424
554654602
739229896120008704
1017728719
1656756955
1042946232
725976206818988033
760871951648907264
215473363
803810493374799872
518401713
760582477274554368
3220560246
39954303
835959042
775031460386381824
264031283
586502745
2520944839
809902352367022080
38535159
795724916486193152
1933042237
806271657962770432
811769507685552129
791680675594338304
861554149
850021434
353194464
4106177332
130482079
780103512155824128
1964571728
2188313653
462920041
573808532
190857168
2817809546
3518020461
60940059
1624675440
152987149
96951800
2805864452
754558755988058112
181280529
1160690125
93929965
1620828722
309133460
2462356590
798897768341405696
1861964502
2264548898
151640606
368634756
404066419
287690539
1227926606
2262289447
3035671745
203904235
346447660
2900569001
197057935
552484475
380960011
2998560911
1628966389
2617618026
957562542
356527049
216436927
164754456
18897490
268361752
532757946
3374163946
4119860715
1967484920
926858294
796640431744356353
763031800952131585
769557959315775488
762930849918562304
2309097422
797556009011204096
1226689524
790919296885088256
2802128569
139103913
52236744
455151125
111416958
3140834044
94429039
336145436
1640169925
131227609
122157972
2997910381
112431151
86199530
398099749
3344482360
10012122
504803141
415705490
851108442
107146095
26257166
7563792
717915687382097922
1610646036
1620648822
278709125
67334466
728621952617877506
1953165876
299867851
195866564
2654230219
3418108780
182923335
2203855747
3181952109
2737525200
2864541977
537075323
8974082
18461620
14834302
222657964
1339603350
1556898991
144998423
1454321378
140922305
2260534921
326344160
2892274127
712832349847814144
303941159
789634196
779154079427604480
145622485
4635080849
762434353213255680
762478012109508609
2968254281
762388529544429568
3009573404
748852379085336576
789479388496728064
75391074
791821657828691969
791884547168280576
160800013
3183776921
229385617
2926333707
244574217
230845588
728592182
303428724
37831835
533085085
764198490
1069448462
564107980
131967942
10842792
14638581
258838052
291870169
2831531811
2611077332
500706654
115123104
2790658390
2452497806
292306191
1654143884
2320031040
116932581
199404103
97087383
1654434427
2798717935
171840420
186386857
451649471
4478296874
242905304
1902653096
913131817
145517924
3298802431
1714349960
1674286074
318674727
2430324697
3226365393
759670508329676800
3410485329
621384065
204825315
58309829
748956445685665792
2742398882
460274958
1023048168
750762301
3116882513
3357904607
84704776
720828415
105863990
726762154171322368
137136848
735159552212078592
143316647
267224227
148934227
105309776
424618544
209255840
180515028
712643543333007360
589171042
224223563
1003363176
757329645641412610
271542185
784445077787709440
3414022649
941365410
3384807521
769646746158899200
2735843731
346269447
1959544046
1949398232
1030964935
13256132
135933279
3241906959
783693984371712000
700826772
50520434
774408182345203712
4523941889
727468236023844865
2839430431
3387438135
2175941283
748836622976839680
749430409834921984
599175401
1571074980
266514528
520653311
198656019
45888354
250791516
775501884186591232
751494824407207940
2678768918
700427654114070528
2416447548
781259211166650372
2893789115
3312157709
2985197002
2859848610
949793708
615810160
629761073
2797144105
3427497833
696852653272403973
523758731
257543836
2710115127
581290522
182431667
322859052
775360073665159168
2694414438
730780241069629441
730761813361459201
730771520415391744
730761195007840256
733418286881202176
730760110780252160
756496153642807296
129027166
766810389132611586
1403401850
313552353
730772578210471937
1342954537
2227431044
917933347
974575339
2906529139
742729145772183553
2310362749
263373746
1450313382
2398428283
22910295
484989512
265231645
746839058626711552
4613594058
2731236927
136593420
2737126898
2737126898
3128080097
3112063438
4757106135
1444067814
17549677
2337448871
701881958586953728
294155001
53701564
2916599099
545607964
3330443435
742304177011851264
249550289
764030564873535492
136187004
257232528
536336879
3140608907
1546302996
3337714931
324992168
1698695053
3047060301
344170310
3121196236
773431288288120833
2836703130
735099181069533184
773433062193565696
470258321
37599351
3433490746
4437774741
2450525570
2801867298
516478373
4823273613
773428558689689601
720225156350644224
614619030
2828430902
759652577059348480
720939145959309312
771914254542774272
3105993470
3820768637
71000345
750462328664166400
767900108205666304
768722191932280832
1912452354
4586138007
2702100530
4729772959
771714792147091456
717635734467772416
423116071
750314633748111361
3357803031
352365494
2705557962
731678563
2249023154
1004868282
2221931062
29614331
2234730616
2590055858
740030487138177025
636918011
1726625022
709559245
1488392071
4564539142
1653947827
2720112324
4404052821
2812452969
2825307764
623354878
772272353627795456
3693164357
4078213486
529001935
770053189928361985
195568395
2196210449
3160954344
2236468166
1921928162
1687345812
1151465664
3185297564
2177454140
747599263996219392
838833194
232342189
2783148213
4825836695
3073196219
765354334783696896
1129097383
4343118327
4213967295
758414245474209792
82962882
2392675136
760172495576166400
229776266
183075311
757469910
364977737
2596555220
309894107
3274983516
852242024
3314802496
3180926140
3234200845
771263446268514304
281604717
763278575499751424
394662357
3325215484
1584326988
2900702603
1885384884
14850972
295709523
50807740
2828809222
123145039
3064086545
258788576
93565586
531581618
422201803
75000133
2205328350
3309989049
243412326
748850469993349120
82608449
133411809
1467696480
152358615
745281336802410496
120808237
2575725591
85625564
35541975
65794790
34641036
141666777
20458105
330738589
3129334719
702298329527545857
702298946996146176
2384481313
187657372
129960483
98242963
47272257
236636515
109019058
123681659
62100113
41885421
181300983
124172948
15317822
109651819
49339195
172067842
3027298690
1025156479
441542218
123882045
16409683
721143634175741953
2294423689
1001805409
64444249
2994654785
89303321
3312187937
256667958
139840638
33604269
255755317
2740139972
104529527
83027173
62685903
34159730
2179472934
101291255
125340592
701472012485713920
634907757
2305645244
86374475
214757909
21711729
51658330
716363533
40131441
146919703
744547470789705728
2981804997
748897669695860737
3525240495
172782604
45122598
519006854
382182301
133681320
391587526
702107913129689088
93654731
762648360125886464
2660603530
1216063742
70759130
1176153217
2652435246
719991569521254400
758001344
4164343403
740336334
3004358998
2511457542
1537025670
2227340564
769537686092845056
496277535
712662618557779968
319754733
151533549
962840767
105082141
1629875516
4833027317
312564358
2234788332
3062439214
748470557918781444
3096935974
706915177
1934458074
2435689022
465720874
2891970376
158963605
2554593613
369790367
3714238161
2374128097
718045355670159360
2960187702
1469949049
2733242731
204640759
724618387654082560
19986363
2167617877
732388116183580672
462613643
440344846
3249355203
624288351
765923180225658880
188654669
756679313794097152
2584659632
3746356942
587596060
394156956
1734045841
2365026030
133051204
1180286202
4488217998
558797310
57398614
4808504615
4690718605
712996062278131713
3265369026
763741281612812288
3145774173
2657309115
778382491
607551665
192725273
510865763
737249699514732544
2889158120
715689462601236481
726935189423808512
66880820
747465845178138624
135236273
313036504
800721614
98566995
551149651
970889666
2582794807
631486620
2847137057
40031983
763431130905321472
2971622445
2383809338
2485855364
761524436952616962
3233055882
110031486
719224466841149441
4822281317
3391731106
630513309
734104530296528896
705488953483227136
545360027
744617946551554048
703922452448088064
988903549
3936329476
1394999120
699879239680708608
587129671
38592915
247239087
249839443
4193249008
37717733
2395128510
500440742
524531680
197527048
306311289
20237983
139556944
2989121887
839886384
4021541056
921610442
177017854
745913118
142066564
251887080
98913801
343576953
2436183793
204962679
140578166
3201921478
2400152720
2488205803
269834606
2750658109
280664473
69572573
2758598382
974896970
1950308209
3149088657
94438031
759186400369643520
65290276
63818752
398464392
394034363
69449536
53738889
2548263175
2606395284
1549322000
85442085
197868567
2844841960
2769478040
700418475550834688
2775122912
743008590
166047888
586554122
716424936202473472
188727544
2229173823
2484906951
2897949411
365735826
3598705636
394569037
2328680480
2750586630
2667416059
752520823844536320
4704200652
708099965264891904
3305597481
2479877101
14689728
199788212
3075563903
727154993900453889
18488424
4808844007
3193967852
2593729142
734965789837643776
729312263740346368
2640984487
1695296107
3611492356
4784157775
1010346042
809666762
190396895
2225028380
117276629
541207507
575096749
2334354571
1174256078
242856717
2321435868
1482333253
41182147
4817662260
60162536
120150286
1626326426
217522751
2239732260
2657726822
133419610
742708235510108160
346368407
716464328
175248266
63974205
1422405163
2951077745
749663022449356800
220558020
309947841
2815321950
4172265083
2301779335
93661069
714806989
342400166
919583012
464435898
307080573
3691136987
2590238058
1581203119
9734612
87531731
2885998923
459893532
3160038443
3305369049
1604640936
3395478131
123574824
1423441447
84382121
762455675020517376
72187358
611431968
748480392081121281
752560599834435588
1694219437
426567777
875845849
760870973335830528
535373223
761234830776500224
761297632488779776
284553867
1000699344
849641018
746805396841631745
717698048063713281
19426806
2463997871
544270396
2473327249
163166620
527896394
384453188
759076390285242369
759086538433163264
704718910415839232
4248368112
2800796312
601058680
4836323595
3668004137
172025898
23636912
241205393
204142056
436768291
4100076052
240328331
1070105436
24969337
12815132
19889168
118864905
104683173
200283629
3503548576
110513795
291144177
45013575
151973659
20656956
144435692
749308590113099776
752525420927520768
3770212875
2726195573
1191705865
44489439
3838027452
130676806
1180021500
1412777114
1191834014
993144342
1344530762
3570380297
738058973283225600
727866687547015170
751726214633709568
1195050816
3164401892
8545122
3292821662
85192516
3051699081
2492243369
22891802
25041618
66346348
15997770
761149154
1152679494
3087292250
2878910209
4453593957
750071100126662656
3278776843
750427251657900032
109312021
158591797
334945461
195992021
175859905
852135775
380036581
239176980
256604022
265831803
70846145
707220890
176590657
198764195
334735101
700125474
1270704164
176136993
247622668
61452308
1537202365
744268394
628995497
824415780
1039742281
199475965
1576473997
217124163
1447799480
139877597
300025589
1478351612
235029658
345053613
218549276
