1180304479
2445953695
1191705559
737379666525360129
142482238
324541030
2436414523
205930411
289999562
294980587
156814932
207507776
67634114
326344160
234907238
756646082944364544
243286616
1525256700
229919222
372516605
2214355407
184894080
435544887
436090011
2387771425
714655586722381824
715003743465504769
119457099
831613946
45619298
173322398
3229429042
3030887948
475598588
210952466
202282454
4561713142
1071682435
243260444
1702745942
56489961
491654500
182355417
621501556
716487666
737474896255713280
236260841
239471147
1172470448
4867762023
4027340127
281203051
78380296
56716207
289606342
234354167
317262774
288405888
325191251
239434315
382870325
921845804
367324980
710185034058178560
765631857446752257
715932690273406979
1219984308
397632308
190907104
494488014
381140429
167046714
81691066
625001332
606349760
702439339
887934199
570205399
1209248480
414388395
1154417808
776169582
459590510
635689424
1357903951
962688205
1286328163
278714919
1076760715
1921125972
2226915991
2226894942
2226857324
1327384598
607642948
1390511521
582289288
1362148136
996218310
1286515098
551675005
234073830
212269717
299751176
301695139
308842322
712384718910705664
1217356861
252884601
318116924
454132312
1390512968
599525093
266346629
364941934
1262611021
2889289549
2914219092
376135991
2604840877
174980092
447192743
1634782734
19313563
1373852257
80251660
1930528945
292257737
188077169
327658894
418782370
555264023
803226990
381765738
606378376
242338920
339716107
255224497
177325424
189233360
290091284
700368678
1079961997
634765658
1729359356
335386953
540333505
79218920
380569832
170183201
856928641
199757157
210148155
65205231
3549790515
61844201
150376395
128955581
293804911
78654358
230845399
202274022
186557332
203292601
3153648318
4265095403
1680844615
1536515922
208210918
4203182069
386148590
186923446
2731807178
103310803
1022904036
202917230
17093617
161834182
178923222
351263815
277359012
236401550
59818208
2494207082
202782532
137204649
38038211
219765842
305206187
2377930679
3389561979
3344890203
1021140373
609734284
731060616
143860873
599490287
735828166338617344
3059276147
3345653487
4807403235
4746447633
2792132670
701475502238867461
701465499805335556
436882288
334299056
14369839
94009674
101788047
1965740845
1098279542
141655334
101045986
308839003
288408993
630538337
182874489
728710303417024513
1436133223
300843091
326249885
766702081508044800
219096856
14129483
221052376
140914319
21398294
327470494
1902653096
20666236
707221535665344512
707219345127182336
3108268373
709432890162028544
327525956
84173272
1115250980
730926344725499904
250695979
165822441
707771429538959360
3346955127
371296879
1551073969
58228717
746565210706710528
745477371386486792
874637568
3824659649
724632403294167041
754487079493599232
760172495576166400
323124820
17414465
40425622
17316752
716017350617632768
745087049624068096
545497664
332688505
732060094997876736
145900067
274529499
139436732
128057095
267939026
183903607
602998076
1650644754
4787097023
311867995
98771240
81733556
1278774751
56455194
284545902
211582338
294509946
161819331
1408061953
238730810
171211605
185064572
234894874
2563474548
303888526
215301021
212778080
312316085
345425168
239196350
2696784440
46698672
231128821
285137536
722969360789180416
540144775
99381085
12512092
78355722
93080377
234916423
135323871
133184048
100731315
57333011
97513349
72325179
95217117
240754635
603736423
183729475
220903594
192714837
368304803
735143501688541185
728950291438129152
2707589792
4854425951
738116021177987073
4618408048
738138121410215937
207237661
729113365054926848
3163642373
726543918645547009
193702478
3028179340
747599881192222720
239903338
2336825937
725777848104046592
750389615605981184
4517149186
722456693704159233
475977728
758091969449103360
364349101
3406545693
279662094
239471119
71880878
47643663
3337967067
754169787517919232
3928685439
978390842
232967362
2241044252
721408569598439425
291240366
760873560088965121
1615711051
769914010300973059
342413518
831070400
110800778
772501872875823105
340974837
32308133
3261013848
433914793
61611766
153285739
154129276
187533008
3101848721
1332334848
364652903
150733169
2400113790
198747956
594784995
2163301724
212365764
360822863
419780345
128691363
135009793
169330172
29381982
217070963
214561361
365033122
497342572
407065503
722526181816475648
1427010552
75854307
1658678822
382873238
516874661
134123412
174442576
285860976
302966994
204890127
210744807
480957463
265438868
548977844
77238229
176455820
343101634
395511762
175923047
274562974
554633903
1965203634
18488681
175267660
177349601
101260093
119066228
792552199
3647773875
200214763
838441668
869161357
869161357
193365260
216950041
303366495
304556405
1883786324
3350027050
85218230
198577379
843925650
3384158625
498237368
2864014594
759021850211024896
759051137320235008
169130428
495039809
740042140877783040
116915985
760167534024876032
760167534024876032
760477007708905473
760653536862543876
760903201554137088
124858280
52429019
761678288750256128
761729051321044993
759004321862168576
733020471902535680
762869812217323520
762870704748376065
763128869884948480
762854811465166848
763401863471431680
990132882
764156301450612736
764172917512998912
744236008221319168
764482105925636096
4213316855
765254160132472832
396637984
169147991
2308773150
767060990957682688
766688361004367872
767505927830380544
767395666834391040
1158597114
3251750583
712696396030337024
2439036250
768882780344287232
768913128830689280
769024734331822081
1249603178
770040504587259909
780527437
770601455707455488
730887992
771057351742853120
62965913
3232390106
771562590686228480
386315381
769711649938927616
772160036848164868
740605313573916672
772301301145149440
772458961719222273
712090390011183104
772592288530853888
772526076744568832
772604075082940416
772903271358926851
4862435662
1584364950
144838144
146594357
171516353
179221933
197227649
393493245
590183951
705214414501363712
53468888
219691575
236994974
744869204
1521238664
3221764936
20609955
312657446
2796734134
3298232698
78077699
143081632
240944233
121909470
850315417
2509619375
1273865466
1455705517
100030967
185524426
270650431
1633542588
315585961
2561359792
945121304
972380539
217502673
253905626
2499422425
204999474
239663636
194748241
248035136
265820690
377149265
771841304
1424303635
202589958
563260056
279045734
297634830
405192077
489977157
138099903
213532500
398094340
421797863
3890750543
55482752
2281386840
249436211
907054039
334599706
224359089
250865945
52810515
289585638
354290471
474885812
1063056013
1480377067
136715459
170834664
273132659
472460889
189124591
212005903
264879771
41627275
179123256
2366359230
2800694616
2901383464
19624977
209674034
248327143
377145423
549561683
2795820065
3302836848
1069422277
15882574
305719847
273460596
3402948113
86374927
158535850
4347083374
545507629
720859991154909184
220120863
750473846185193472
48487660
1368247921
