318214035
458823872
474365942
18165945
23912016
111223220
21026561
4222127494
4494237100
384800335
131574396
14800270
545416010
25562002
58535652
368569541
248877722
96039232
376424420
1080560454
19611483
15647676
9624742
11348282
66369181
30313925
1536791610
17629860
2359926157
56502954
361343242
991007888
1691176310
8457092
501801749
260275856
2480008352
25069361
108571173
3305961063
34713362
18949452
3108351
2467791
742143
1652541
64643056
437231715
186471345
303941159
198554964
259612451
1112722104
15076583
122620120
52686045
2933534705
3379667865
3044531308
215996236
274703361
3029776657
630983019
1539441104
2548919686
3254160957
2573144460
14293310
17870319
763664450
769170858
281659266
1504267958
15492359
762803418
3065080187
1713641732
201836100
253628616
2890094244
2791479733
2228424470
2847713738
1960912682
446648596
133051204
387932534
1014943962
2992596789
2258343865
2285622972
476194018
330021348
119588510
91478624
456742206
226955746
1689119341
300390462
234941587
240388566
199681530
876330686
267939039
1419031159
250745765
804761731
2305567070
271212705
1020668557
253395986
2218479552
129937699
2851798145
299183781
728472848
197932909
271975968
216783643
1565970228
14354304
101895924
14077995
162543800
794717630
209797824
1651512667
376186166
527526077
548683892
1115640386
87860230
581511117
820542338
999095640
326344160
134895754
37294647
242253962
309890971
21313816
126760901
86497232
191872261
5988062
97626159
1014384037
42501619
2450291
100731315
209780362
15648827
5402612
260894276
250729244
308592377
210148155
15762708
15351931
46394523
612933248
473347939
202282454
246112803
268485186
51254405
14333756
344964130
25476293
7230812
6135622
