14333756
185658756
4373455995
200573967
633728482
216429192
140922305
97513349
3298802431
780131057387515905
1099010468
487118986
731060616
703581570
4148860108
61097151
2337130332
261228758
32648476
3573625992
1702994534
17900130
157566073
192990536
21007030
202282454
186471345
2915637753
164726569
133419610
952412653
524531680
89483276
63525135
153403071
556152909
840415014
4644461601
101576366
93657637
52894065
184546760
168351712
78624864
4386848608
254630569
32308133
2169978538
2820738389
933194816
477444885
3305597481
1554260346
51124892
135651683
2852330500
296624784
525264466
45708900
39874066
2365072297
538414051
781596559
3310856914
219019984
2596555220
64839766
202792190
215996236
939367022
232872579
34574811
1378388538
296040688
1533874760
63546615
304123654
35047698
2298136532
20505720
92569423
80142620
501440873
153493818
1241464249
395988628
12512092
449138842
204406337
51254405
12416472
235625906
264492552
95217117
182225130
72325179
57333011
253116745
92643860
311823926
206065837
188050947
133969757
419152990
513661209
164433132
241186623
198781550
64344441
376460060
71617649
973217474
228907270
217772272
195093317
269236732
246529027
195249496
427090672
274353528
188901497
115423154
182593714
234272982
105017185
128017566
266995880
222556303
221896895
101031896
156814932
526606616
2149406617
1658678822
225084665
2868194960
2455447393
2377930679
755947411
1202249216
2433911323
541050325
305206187
775881565
714421914
201438773
603168922
2586832213
2330759190
1218803012
2459316768
180981863
174855997
370956332
264451700
224698546
306553589
71835823
293748520
234967468
293750060
131048589
140632811
190820014
498472191
195967109
142407335
217187542
184316283
182496312
83312583
154667145
44907028
111058152
180225202
234054253
165077341
65392158
184892710
65388836
315033044
233297142
121899589
128682212
480746113
237529978
301066267
220851225
62685320
620349201
306666972
267957306
244720021
258591667
460501919
81947426
207226887
215154245
67148435
161509390
199141479
34395671
226701126
225821455
222319844
153639036
264063374
110201647
213423754
209674496
1244417294
265806714
220533701
299265044
276192578
1286605795
448536352
353485506
455193603
415067340
369350505
726381445
495615946
231245359
69031152
280840197
323338825
199133143
397567519
460716226
273282812
242455405
223303755
410128413
134202963
193312053
401079503
306992741
244726313
322403123
2185486995
234501331
726172975
384554747
18921104
139865131
215982633
563350368
216777884
216909254
276244944
86374475
30091781
413460267
213422044
64279751
112049295
24012535
41734627
30552911
2876511765
43583166
329915476
987196434
861997657
151174997
1344348451
2730711973
2401521344
2766829740
335455850
1358190091
2796825440
300390462
1626545264
227051055
2777592037
2777233698
31171669
2733398372
965362218
2658157087
1468798128
222344995
22266203
2598574800
254114111
133051204
330021348
1858233992
776910906
154138706
267494688
269862460
555264023
287302779
296239551
2205471402
539501831
358954167
454132312
236983585
348725063
347956997
2571456247
177188139
441538192
2563947896
2555179590
978823825
202829724
248877722
167391967
486328883
222525189
2479013796
771955592
138123999
163570475
2386056438
183661586
184457107
149261070
1546587204
2361924050
419971210
2337755568
201343747
37130184
263242661
343629124
1273750424
246411559
277669132
1944525463
197219328
1084566745
1340380868
197126282
787719954
1123998540
1965644148
1516545979
473211702
351011173
57111603
1322598211
54947897
303615722
1356991435
482629489
460308755
268341416
372938072
269896349
799346642
537912012
435478534
2149928646
790298736
197034645
2222004848
413091006
406744818
287377727
2181007831
1918491182
1876292233
1541317272
119392416
133184048
222676091
1694677152
63022056
476361518
18658970
197167257
284910646
1160861706
274259338
775989992
426963836
274790850
468923384
608541781
478673593
1592562434
1149900258
1591917180
1568772582
215939695
192677023
1471197361
139513956
253114254
1548319741
189306694
223894411
501405284
550670536
489808725
182941563
328665462
785464236
1480453009
449397977
1011555829
273099517
1544587368
304798713
863958097
21453008
597463216
297059766
258242990
188376680
191831515
191117196
502037475
66909724
903073004
56169915
173275454
60219653
236676393
246157639
16263241
66226913
212347316
1451846262
105352701
271137645
1426344380
769947560
560311477
488877677
510865951
338632510
191166353
1158470869
515735279
194411501
1368608348
199113167
342806481
1246709503
14167632
352878834
42767135
291367030
818805026
285299451
1387302168
189601725
295586360
550778709
751798052
263631917
285927577
237575416
400905713
462299649
430688391
319744086
912608808
68183292
184292232
219779383
1171263421
274814828
531655941
229950695
338004950
1324921682
115210059
146630953
1325140405
254088182
96039232
1128212294
60422622
376371479
216491853
931035470
484861591
635490434
829917806
1315277318
1141160544
283360194
234018827
213410205
179157765
1320512989
343416138
1286656951
237543202
295218229
414246382
136633824
436006690
1267488606
538714594
1228106054
449044159
178534897
65205231
634211683
207243564
163913119
1061257963
197243074
1129928634
548782878
961600974
1128100280
212046097
342993973
288375990
51874990
616574543
1066818055
511976212
729377053
1305409410
115179791
1304514450
114744032
24776620
230192131
213039596
278904369
623244851
148794487
214081579
558972085
325191251
464865502
303514188
339953701
396805599
170335316
359004486
138981965
178974544
260467564
269590664
187385420
140449234
80421248
461466938
303256216
275348798
131980127
120466274
189706005
335086389
234050438
342342168
518625377
283752386
95354671
290024194
179644167
243825279
168530002
123032270
165169329
165446646
153627442
230310025
73145590
540053154
515746670
258864852
194294852
52810515
152405021
63490980
772826737
134866630
84684988
407068203
598553782
77318654
232424644
263353783
171944430
166002185
55450545
232678205
71043772
124472869
197127727
216205528
376795575
136506629
264449446
581110437
156425086
578028196
631587130
329986918
285441263
189645664
519146889
158797160
559046978
551507987
491271875
201578098
862940394
118395662
248278937
132754210
31533866
862278403
861933468
137460824
239663636
294439256
244674188
331900504
573974299
435207390
269796924
436141020
43642653
198270354
187268245
511173147
395412545
286454910
102420740
54745423
145439148
280208649
297128496
375399792
68290733
290581275
138532992
148973248
197226814
306793013
870835051
100037905
871499610
118168251
54389843
192964606
158864823
428332997
629730882
307101783
119219337
165067385
17789341
585793040
195848625
298562163
261467663
206198013
191237808
150494456
807465289
45392616
18803366
253153419
137024822
414236237
764719694
132388924
555320971
185546896
164116995
264912873
588481731
365543525
345503718
289734820
887500213
177824286
887464754
312940834
152447084
165810273
832091269
888931730
128691363
152500401
182627901
267158028
560242676
208108641
178856070
703170722
130058712
421298931
219988480
838441668
207987216
212791004
883764552
82230947
426279004
104088184
364962136
130606578
22843540
371411420
357922453
217851396
624252001
872544510
171527435
259420998
443865365
600683723
896492862
288823316
203575742
142417975
141871539
100297802
182336999
363743626
471681581
202691617
146961838
69654186
381107753
889680817
100135826
457749414
137232177
632610129
844652857
273989018
308773839
821935482
577781463
328704140
484984968
142052601
277623602
835703719
127908957
152440518
195610277
188147510
902696442
195789598
900561114
282302898
902022048
231542084
114566865
240863640
906560870
271742310
772135082
375458644
141615163
908822935
128086088
319153066
322706870
281721036
38257853
253414752
144267534
226730183
48387384
363866480
257137504
858622681
910991670
620916388
186920984
15417829
236477250
542976158
80991491
234449725
272751554
606420695
912716106
244691623
473558727
222137997
426514298
83847510
380954611
410897528
318057305
175082819
288429528
389864631
820784588
269657030
85203260
618475962
65099492
915603955
207628195
297509868
290198282
906972775
169351974
325936777
278370729
281714292
197251031
396314683
227378464
599615942
138266599
109293465
102043668
385194801
171682705
881289732
621924494
249746473
533314835
121828464
470369602
366223911
27191819
264879374
224002172
105552163
191137222
503374294
776944196
621472555
111705548
161927929
262742925
185776004
454164116
181105915
398948699
214597186
261909003
918067530
248706152
627983252
213501598
405741103
85655176
872076200
575465236
60484974
932490200
18625784
514888918
40340949
306856764
883558568
172005704
132923096
179641145
432818915
933740052
206003599
935396791
931977734
287939308
787287830
481667249
176396163
190896453
937319478
378774880
193101585
227410329
592218457
282813603
44826872
558293656
153597762
563890433
423719603
24603499
248776089
525689000
627028875
352783846
386317411
135173959
454051053
177349601
69038747
189561090
239044173
912309084
303250109
197223532
293127285
801617551
865167830
832387464
258883393
480931609
849812713
155908232
212365764
193846868
353400952
247852909
859153764
133087547
807179702
359087918
328686978
175290507
929535895
304092924
225502059
207616254
240386219
316593442
184966206
266956721
239018992
45164458
275177698
446751542
161399335
197087801
945832045
946075586
292994706
319833913
946781154
710847463
291869910
801541002
943550149
297176476
180595251
257032948
843995018
946412646
199335731
330444627
51576782
903552048
85218230
537676791
84672849
174133606
598834585
242108299
91121431
366254600
279297402
259810858
240943517
518703967
182934084
194263370
343126311
304774022
955652814
302100299
240827809
560679084
513464661
303230738
253329107
360552182
615863292
266666055
315619360
946939580
230886610
69711330
758147953
295935185
54080217
956602788
959489856
505945195
135987415
384088566
100601210
374020647
206320775
255839615
321142240
191025592
282919854
920417244
202266180
461981775
384971625
201767532
129907109
300000014
600680199
326293897
233787901
67204738
231908312
88562167
36673817
135565972
145432762
190023564
962967090
296995656
223523576
289985354
215497541
369201995
979517210
295700584
295714828
84763396
176146773
980884650
159228954
981404894
566733941
380702788
356953997
101528762
804892598
939869678
287282436
923694242
149590044
917507208
534339629
140079669
249423397
363782712
259285661
985334880
928207008
384912451
992147430
270672458
196319177
997643516
347550925
65819131
356443737
999996882
1000306050
149995875
798661830
111720668
197251332
866746572
197254256
609473376
482244637
985613954
128258359
486154497
142331479
1007452662
744366564
1005040369
219551621
176245023
1011302004
130651391
987548892
345239398
170119181
310047197
246118270
219794850
185962033
973273279
221378273
202279454
176436672
136745789
872565998
223482200
1020590268
307974754
389055602
158200708
157424807
172794860
769973617
239890873
972629708
218208131
32893953
983370948
504977232
233253440
338031535
197296333
17747093
144838144
202589958
48023318
287463333
100372146
236131517
945121304
163996435
911583109
47087766
134278265
612913138
122244169
149532599
230567545
136163149
493572478
184686645
162870030
486907915
319862324
259057597
197552821
265169673
142906351
179395726
142924980
90647605
252858141
72969811
26833049
197355235
94873783
830311657
109975606
395504492
387378538
68663389
197218540
608347784
38325080
339649200
216252098
279058777
54676832
29812590
281255579
592906138
180960316
30002778
401604442
516044935
246308502
340281069
321124857
969288276
963513901
281007740
612903554
131977239
1004808889
202782532
362744153
771841304
255019007
202867788
280663158
935388025
63682244
223234302
813286
200883526
465855867
48118592
18150912
234893497
264879771
483091440
523782792
411973622
346701393
389137804
838090670
458735048
225576690
363440147
198725687
180505807
118600038
219904846
345053613
534703198
224117613
317301759
296395845
510733246
220765581
21857603
336769126
515934765
200214763
229778231
229256147
283684065
15907720
256747696
8225692
10228272
444032244
186009251
16727535
220812367
220351513
262014108
281622210
119826263
188476059
198174715
183375475
267011642
224041626
104046017
295731507
280301992
237870097
195498783
295367113
76991221
386831732
43597729
236254606
219517280
104677498
37552457
123314290
399787289
244577667
322119571
371782656
215159967
355973291
403750227
123980802
200252830
241309426
209780362
175923047
5610902
281869514
240006220
297211183
257780339
321019637
114083135
41627275
303512336
325307384
53962537
287762505
192078776
306544221
308180874
320274574
323261417
204466520
150924937
24748345
291754190
219716408
24409111
207138024
249711122
33884545
114604318
107268823
282544018
101895924
26906811
108247668
78502161
24871896
26235265
226087776
69008563
48459607
69009066
213969309
23440052
167178940
171944122
128937967
214965561
132033462
148343950
188875444
235663767
248693792
255791578
192805563
236862186
244257946
240331698
133477784
197517281
189942157
163230281
206530048
220107696
269412154
182129599
170528373
21699893
246994297
21046818
164715111
147020852
203093566
